 18.381756	 -7.257969	 -3.438755	 0.564148	 1.145132	 -0.493597	 0.000010
 18.381761	 -7.257957	 -3.438760	 0.564147	 1.145132	 -0.493596	 0.000010
 18.381767	 -7.257946	 -3.438765	 0.564146	 1.145132	 -0.493596	 0.000010
 18.381773	 -7.257934	 -3.438770	 0.564145	 1.145133	 -0.493596	 0.000010
 18.381778	 -7.257923	 -3.438775	 0.564144	 1.145133	 -0.493596	 0.000010
 18.381784	 -7.257911	 -3.438780	 0.564143	 1.145133	 -0.493596	 0.000010
 18.381789	 -7.257900	 -3.438785	 0.564142	 1.145134	 -0.493596	 0.000010
 18.381795	 -7.257888	 -3.438789	 0.564141	 1.145134	 -0.493595	 0.000010
 18.381801	 -7.257877	 -3.438794	 0.564140	 1.145134	 -0.493595	 0.000010
 18.381806	 -7.257865	 -3.438799	 0.564139	 1.145135	 -0.493595	 0.000010
 18.381812	 -7.257854	 -3.438804	 0.564139	 1.145135	 -0.493595	 0.000010
 18.381818	 -7.257843	 -3.438809	 0.564138	 1.145135	 -0.493595	 0.000010
 18.381823	 -7.257831	 -3.438814	 0.564137	 1.145136	 -0.493595	 0.000010
 18.381829	 -7.257820	 -3.438819	 0.564136	 1.145136	 -0.493594	 0.000010
 18.381835	 -7.257808	 -3.438824	 0.564135	 1.145137	 -0.493594	 0.000010
 18.381840	 -7.257797	 -3.438829	 0.564134	 1.145137	 -0.493594	 0.000010
 18.381846	 -7.257785	 -3.438834	 0.564133	 1.145137	 -0.493594	 0.000010
 18.381852	 -7.257774	 -3.438839	 0.564132	 1.145138	 -0.493594	 0.000010
 18.381857	 -7.257762	 -3.438844	 0.564131	 1.145138	 -0.493594	 0.000010
 18.381863	 -7.257751	 -3.438849	 0.564130	 1.145138	 -0.493593	 0.000010
 18.381868	 -7.257740	 -3.438854	 0.564130	 1.145139	 -0.493593	 0.000010
 18.381874	 -7.257728	 -3.438859	 0.564129	 1.145139	 -0.493593	 0.000010
 18.381880	 -7.257717	 -3.438864	 0.564128	 1.145139	 -0.493593	 0.000010
 18.381885	 -7.257705	 -3.438868	 0.564127	 1.145140	 -0.493593	 0.000010
 18.381891	 -7.257694	 -3.438873	 0.564126	 1.145140	 -0.493593	 0.000010
 18.381897	 -7.257682	 -3.438878	 0.564125	 1.145140	 -0.493592	 0.000010
 18.381902	 -7.257671	 -3.438883	 0.564124	 1.145141	 -0.493592	 0.000010
 18.381908	 -7.257659	 -3.438888	 0.564123	 1.145141	 -0.493592	 0.000010
 18.381914	 -7.257648	 -3.438893	 0.564122	 1.145141	 -0.493592	 0.000010
 18.381919	 -7.257636	 -3.438898	 0.564121	 1.145142	 -0.493592	 0.000010
 18.381925	 -7.257625	 -3.438903	 0.564121	 1.145142	 -0.493592	 0.000010
 18.381931	 -7.257614	 -3.438908	 0.564120	 1.145143	 -0.493591	 0.000010
 18.381936	 -7.257602	 -3.438913	 0.564119	 1.145143	 -0.493591	 0.000010
 18.381942	 -7.257591	 -3.438918	 0.564118	 1.145143	 -0.493591	 0.000010
 18.381947	 -7.257579	 -3.438923	 0.564117	 1.145144	 -0.493591	 0.000010
 18.381953	 -7.257568	 -3.438928	 0.564116	 1.145144	 -0.493591	 0.000010
 18.381959	 -7.257556	 -3.438933	 0.564115	 1.145144	 -0.493591	 0.000010
 18.381964	 -7.257545	 -3.438938	 0.564114	 1.145145	 -0.493590	 0.000010
 18.381970	 -7.257533	 -3.438943	 0.564113	 1.145145	 -0.493590	 0.000010
 18.381976	 -7.257522	 -3.438947	 0.564112	 1.145145	 -0.493590	 0.000010
 18.381981	 -7.257510	 -3.438952	 0.564112	 1.145146	 -0.493590	 0.000010
 18.381987	 -7.257499	 -3.438957	 0.564111	 1.145146	 -0.493590	 0.000010
 18.381993	 -7.257488	 -3.438962	 0.564110	 1.145146	 -0.493590	 0.000010
 18.381998	 -7.257476	 -3.438967	 0.564109	 1.145147	 -0.493589	 0.000010
 18.382004	 -7.257465	 -3.438972	 0.564108	 1.145147	 -0.493589	 0.000010
 18.382009	 -7.257453	 -3.438977	 0.564107	 1.145148	 -0.493589	 0.000010
 18.382015	 -7.257442	 -3.438982	 0.564106	 1.145148	 -0.493589	 0.000010
 18.382021	 -7.257430	 -3.438987	 0.564105	 1.145148	 -0.493589	 0.000010
 18.382026	 -7.257419	 -3.438992	 0.564104	 1.145149	 -0.493589	 0.000010
 18.382032	 -7.257407	 -3.438997	 0.564103	 1.145149	 -0.493588	 0.000010
 18.382038	 -7.257396	 -3.439002	 0.564103	 1.145149	 -0.493588	 0.000010
 18.382043	 -7.257385	 -3.439007	 0.564102	 1.145150	 -0.493588	 0.000010
 18.382049	 -7.257373	 -3.439012	 0.564101	 1.145150	 -0.493588	 0.000010
 18.382055	 -7.257362	 -3.439017	 0.564100	 1.145150	 -0.493588	 0.000010
 18.382060	 -7.257350	 -3.439021	 0.564099	 1.145151	 -0.493588	 0.000010
 18.382066	 -7.257339	 -3.439026	 0.564098	 1.145151	 -0.493587	 0.000010
 18.382072	 -7.257327	 -3.439031	 0.564097	 1.145151	 -0.493587	 0.000010
 18.382077	 -7.257316	 -3.439036	 0.564096	 1.145152	 -0.493587	 0.000010
 18.382083	 -7.257304	 -3.439041	 0.564095	 1.145152	 -0.493587	 0.000010
 18.382088	 -7.257293	 -3.439046	 0.564094	 1.145152	 -0.493587	 0.000010
 18.382094	 -7.257281	 -3.439051	 0.564094	 1.145153	 -0.493587	 0.000010
 18.382100	 -7.257270	 -3.439056	 0.564093	 1.145153	 -0.493586	 0.000010
 18.382105	 -7.257259	 -3.439061	 0.564092	 1.145154	 -0.493586	 0.000010
 18.382111	 -7.257247	 -3.439066	 0.564091	 1.145154	 -0.493586	 0.000010
 18.382117	 -7.257236	 -3.439071	 0.564090	 1.145154	 -0.493586	 0.000010
 18.382122	 -7.257224	 -3.439076	 0.564089	 1.145155	 -0.493586	 0.000010
 18.382128	 -7.257213	 -3.439081	 0.564088	 1.145155	 -0.493586	 0.000010
 18.382134	 -7.257201	 -3.439086	 0.564087	 1.145155	 -0.493585	 0.000010
 18.382139	 -7.257190	 -3.439091	 0.564086	 1.145156	 -0.493585	 0.000010
 18.382145	 -7.257178	 -3.439096	 0.564085	 1.145156	 -0.493585	 0.000010
 18.382151	 -7.257167	 -3.439100	 0.564085	 1.145156	 -0.493585	 0.000010
 18.382156	 -7.257155	 -3.439105	 0.564084	 1.145157	 -0.493585	 0.000010
 18.382162	 -7.257144	 -3.439110	 0.564083	 1.145157	 -0.493585	 0.000010
 18.382167	 -7.257133	 -3.439115	 0.564082	 1.145157	 -0.493584	 0.000010
 18.382173	 -7.257121	 -3.439120	 0.564081	 1.145158	 -0.493584	 0.000010
 18.382179	 -7.257110	 -3.439125	 0.564080	 1.145158	 -0.493584	 0.000010
 18.382184	 -7.257098	 -3.439130	 0.564079	 1.145159	 -0.493584	 0.000010
 18.382190	 -7.257087	 -3.439135	 0.564078	 1.145159	 -0.493584	 0.000010
 18.382196	 -7.257075	 -3.439140	 0.564077	 1.145159	 -0.493584	 0.000010
 18.382201	 -7.257064	 -3.439145	 0.564076	 1.145160	 -0.493583	 0.000010
 18.382207	 -7.257052	 -3.439150	 0.564076	 1.145160	 -0.493583	 0.000010
 18.382213	 -7.257041	 -3.439155	 0.564075	 1.145160	 -0.493583	 0.000010
 18.382218	 -7.257030	 -3.439160	 0.564074	 1.145161	 -0.493583	 0.000010
 18.382224	 -7.257018	 -3.439165	 0.564073	 1.145161	 -0.493583	 0.000010
 18.382229	 -7.257007	 -3.439170	 0.564072	 1.145161	 -0.493583	 0.000010
 18.382235	 -7.256995	 -3.439174	 0.564071	 1.145162	 -0.493582	 0.000010
 18.382241	 -7.256984	 -3.439179	 0.564070	 1.145162	 -0.493582	 0.000010
 18.382246	 -7.256972	 -3.439184	 0.564069	 1.145162	 -0.493582	 0.000010
 18.382252	 -7.256961	 -3.439189	 0.564068	 1.145163	 -0.493582	 0.000010
 18.382258	 -7.256949	 -3.439194	 0.564067	 1.145163	 -0.493582	 0.000010
 18.382263	 -7.256938	 -3.439199	 0.564067	 1.145163	 -0.493581	 0.000010
 18.382269	 -7.256926	 -3.439204	 0.564066	 1.145164	 -0.493581	 0.000010
 18.382275	 -7.256915	 -3.439209	 0.564065	 1.145164	 -0.493581	 0.000010
 18.382280	 -7.256904	 -3.439214	 0.564064	 1.145165	 -0.493581	 0.000010
 18.382286	 -7.256892	 -3.439219	 0.564063	 1.145165	 -0.493581	 0.000010
 18.382292	 -7.256881	 -3.439224	 0.564062	 1.145165	 -0.493581	 0.000010
 18.382297	 -7.256869	 -3.439229	 0.564061	 1.145166	 -0.493580	 0.000010
 18.382303	 -7.256858	 -3.439234	 0.564060	 1.145166	 -0.493580	 0.000010
 18.382308	 -7.256846	 -3.439239	 0.564059	 1.145166	 -0.493580	 0.000010
 18.382314	 -7.256835	 -3.439244	 0.564059	 1.145167	 -0.493580	 0.000010
 18.382320	 -7.256823	 -3.439249	 0.564058	 1.145167	 -0.493580	 0.000010
 18.382325	 -7.256812	 -3.439253	 0.564057	 1.145167	 -0.493580	 0.000010
 18.382331	 -7.256800	 -3.439258	 0.564056	 1.145168	 -0.493579	 0.000010
 18.382337	 -7.256789	 -3.439263	 0.564055	 1.145168	 -0.493579	 0.000010
 18.382342	 -7.256778	 -3.439268	 0.564054	 1.145168	 -0.493579	 0.000010
 18.382348	 -7.256766	 -3.439273	 0.564053	 1.145169	 -0.493579	 0.000010
 18.382354	 -7.256755	 -3.439278	 0.564052	 1.145169	 -0.493579	 0.000010
 18.382359	 -7.256743	 -3.439283	 0.564051	 1.145170	 -0.493579	 0.000010
 18.382365	 -7.256732	 -3.439288	 0.564050	 1.145170	 -0.493578	 0.000010
 18.382371	 -7.256720	 -3.439293	 0.564050	 1.145170	 -0.493578	 0.000010
 18.382376	 -7.256709	 -3.439298	 0.564049	 1.145171	 -0.493578	 0.000010
 18.382382	 -7.256697	 -3.439303	 0.564048	 1.145171	 -0.493578	 0.000010
 18.382387	 -7.256686	 -3.439308	 0.564047	 1.145171	 -0.493578	 0.000010
 18.382393	 -7.256675	 -3.439313	 0.564046	 1.145172	 -0.493578	 0.000010
 18.382399	 -7.256663	 -3.439318	 0.564045	 1.145172	 -0.493577	 0.000010
 18.382404	 -7.256652	 -3.439323	 0.564044	 1.145172	 -0.493577	 0.000010
 18.382410	 -7.256640	 -3.439327	 0.564043	 1.145173	 -0.493577	 0.000010
 18.382416	 -7.256629	 -3.439332	 0.564042	 1.145173	 -0.493577	 0.000010
 18.382421	 -7.256617	 -3.439337	 0.564041	 1.145173	 -0.493577	 0.000010
 18.382427	 -7.256606	 -3.439342	 0.564041	 1.145174	 -0.493577	 0.000010
 18.382433	 -7.256594	 -3.439347	 0.564040	 1.145174	 -0.493576	 0.000010
 18.382438	 -7.256583	 -3.439352	 0.564039	 1.145174	 -0.493576	 0.000010
 18.382444	 -7.256571	 -3.439357	 0.564038	 1.145175	 -0.493576	 0.000010
 18.382449	 -7.256560	 -3.439362	 0.564037	 1.145175	 -0.493576	 0.000010
 18.382455	 -7.256549	 -3.439367	 0.564036	 1.145176	 -0.493576	 0.000010
 18.382461	 -7.256537	 -3.439372	 0.564035	 1.145176	 -0.493576	 0.000010
 18.382466	 -7.256526	 -3.439377	 0.564034	 1.145176	 -0.493575	 0.000010
 18.382472	 -7.256514	 -3.439382	 0.564033	 1.145177	 -0.493575	 0.000010
 18.382478	 -7.256503	 -3.439387	 0.564032	 1.145177	 -0.493575	 0.000010
 18.382483	 -7.256491	 -3.439392	 0.564032	 1.145177	 -0.493575	 0.000010
 18.382489	 -7.256480	 -3.439397	 0.564031	 1.145178	 -0.493575	 0.000010
 18.382495	 -7.256468	 -3.439402	 0.564030	 1.145178	 -0.493575	 0.000010
 18.382500	 -7.256457	 -3.439406	 0.564029	 1.145178	 -0.493574	 0.000010
 18.382506	 -7.256445	 -3.439411	 0.564028	 1.145179	 -0.493574	 0.000010
 18.382512	 -7.256434	 -3.439416	 0.564027	 1.145179	 -0.493574	 0.000010
 18.382517	 -7.256423	 -3.439421	 0.564026	 1.145179	 -0.493574	 0.000010
 18.382523	 -7.256411	 -3.439426	 0.564025	 1.145180	 -0.493574	 0.000010
 18.382528	 -7.256400	 -3.439431	 0.564024	 1.145180	 -0.493574	 0.000010
 18.382534	 -7.256388	 -3.439436	 0.564023	 1.145181	 -0.493573	 0.000010
 18.382540	 -7.256377	 -3.439441	 0.564023	 1.145181	 -0.493573	 0.000010
 18.382545	 -7.256365	 -3.439446	 0.564022	 1.145181	 -0.493573	 0.000010
 18.382551	 -7.256354	 -3.439451	 0.564021	 1.145182	 -0.493573	 0.000010
 18.382557	 -7.256342	 -3.439456	 0.564020	 1.145182	 -0.493573	 0.000010
 18.382562	 -7.256331	 -3.439461	 0.564019	 1.145182	 -0.493573	 0.000010
 18.382568	 -7.256320	 -3.439466	 0.564018	 1.145183	 -0.493572	 0.000010
 18.382574	 -7.256308	 -3.439471	 0.564017	 1.145183	 -0.493572	 0.000010
 18.382579	 -7.256297	 -3.439476	 0.564016	 1.145183	 -0.493572	 0.000010
 18.382585	 -7.256285	 -3.439481	 0.564015	 1.145184	 -0.493572	 0.000010
 18.382590	 -7.256274	 -3.439485	 0.564014	 1.145184	 -0.493572	 0.000010
 18.382596	 -7.256262	 -3.439490	 0.564014	 1.145184	 -0.493572	 0.000010
 18.382602	 -7.256251	 -3.439495	 0.564013	 1.145185	 -0.493571	 0.000010
 18.382607	 -7.256239	 -3.439500	 0.564012	 1.145185	 -0.493571	 0.000010
 18.382613	 -7.256228	 -3.439505	 0.564011	 1.145185	 -0.493571	 0.000010
 18.382619	 -7.256216	 -3.439510	 0.564010	 1.145186	 -0.493571	 0.000010
 18.382624	 -7.256205	 -3.439515	 0.564009	 1.145186	 -0.493571	 0.000010
 18.382630	 -7.256194	 -3.439520	 0.564008	 1.145187	 -0.493571	 0.000010
 18.382636	 -7.256182	 -3.439525	 0.564007	 1.145187	 -0.493570	 0.000010
 18.382641	 -7.256171	 -3.439530	 0.564006	 1.145187	 -0.493570	 0.000010
 18.382647	 -7.256159	 -3.439535	 0.564005	 1.145188	 -0.493570	 0.000010
 18.382653	 -7.256148	 -3.439540	 0.564005	 1.145188	 -0.493570	 0.000010
 18.382658	 -7.256136	 -3.439545	 0.564004	 1.145188	 -0.493570	 0.000010
 18.382664	 -7.256125	 -3.439550	 0.564003	 1.145189	 -0.493570	 0.000010
 18.382669	 -7.256113	 -3.439555	 0.564002	 1.145189	 -0.493569	 0.000010
 18.382675	 -7.256102	 -3.439559	 0.564001	 1.145189	 -0.493569	 0.000010
 18.382681	 -7.256090	 -3.439564	 0.564000	 1.145190	 -0.493569	 0.000010
 18.382686	 -7.256079	 -3.439569	 0.563999	 1.145190	 -0.493569	 0.000010
 18.382692	 -7.256068	 -3.439574	 0.563998	 1.145190	 -0.493569	 0.000010
 18.382698	 -7.256056	 -3.439579	 0.563997	 1.145191	 -0.493569	 0.000010
 18.382703	 -7.256045	 -3.439584	 0.563996	 1.145191	 -0.493568	 0.000010
 18.382709	 -7.256033	 -3.439589	 0.563996	 1.145192	 -0.493568	 0.000010
 18.382715	 -7.256022	 -3.439594	 0.563995	 1.145192	 -0.493568	 0.000010
 18.382720	 -7.256010	 -3.439599	 0.563994	 1.145192	 -0.493568	 0.000010
 18.382726	 -7.255999	 -3.439604	 0.563993	 1.145193	 -0.493568	 0.000010
 18.382731	 -7.255987	 -3.439609	 0.563992	 1.145193	 -0.493568	 0.000010
 18.382737	 -7.255976	 -3.439614	 0.563991	 1.145193	 -0.493567	 0.000010
 18.382743	 -7.255965	 -3.439619	 0.563990	 1.145194	 -0.493567	 0.000010
 18.382748	 -7.255953	 -3.439624	 0.563989	 1.145194	 -0.493567	 0.000010
 18.382754	 -7.255942	 -3.439629	 0.563988	 1.145194	 -0.493567	 0.000010
 18.382760	 -7.255930	 -3.439634	 0.563987	 1.145195	 -0.493567	 0.000010
 18.382765	 -7.255919	 -3.439638	 0.563987	 1.145195	 -0.493567	 0.000010
 18.382771	 -7.255907	 -3.439643	 0.563986	 1.145195	 -0.493566	 0.000010
 18.382777	 -7.255896	 -3.439648	 0.563985	 1.145196	 -0.493566	 0.000010
 18.382782	 -7.255884	 -3.439653	 0.563984	 1.145196	 -0.493566	 0.000010
 18.382788	 -7.255873	 -3.439658	 0.563983	 1.145196	 -0.493566	 0.000010
 18.382794	 -7.255861	 -3.439663	 0.563982	 1.145197	 -0.493566	 0.000010
 18.382799	 -7.255850	 -3.439668	 0.563981	 1.145197	 -0.493566	 0.000010
 18.382805	 -7.255839	 -3.439673	 0.563980	 1.145198	 -0.493565	 0.000010
 18.382810	 -7.255827	 -3.439678	 0.563979	 1.145198	 -0.493565	 0.000010
 18.382816	 -7.255816	 -3.439683	 0.563978	 1.145198	 -0.493565	 0.000010
 18.382822	 -7.255804	 -3.439688	 0.563978	 1.145199	 -0.493565	 0.000010
 18.382827	 -7.255793	 -3.439693	 0.563977	 1.145199	 -0.493565	 0.000010
 18.382833	 -7.255781	 -3.439698	 0.563976	 1.145199	 -0.493565	 0.000010
 18.382839	 -7.255770	 -3.439703	 0.563975	 1.145200	 -0.493564	 0.000010
 18.382844	 -7.255758	 -3.439708	 0.563974	 1.145200	 -0.493564	 0.000010
 18.382850	 -7.255747	 -3.439712	 0.563973	 1.145200	 -0.493564	 0.000010
 18.382856	 -7.255735	 -3.439717	 0.563972	 1.145201	 -0.493564	 0.000010
 18.382861	 -7.255724	 -3.439722	 0.563971	 1.145201	 -0.493564	 0.000010
 18.382867	 -7.255713	 -3.439727	 0.563970	 1.145201	 -0.493564	 0.000010
 18.382872	 -7.255701	 -3.439732	 0.563970	 1.145202	 -0.493563	 0.000010
 18.382878	 -7.255690	 -3.439737	 0.563969	 1.145202	 -0.493563	 0.000010
 18.382884	 -7.255678	 -3.439742	 0.563968	 1.145203	 -0.493563	 0.000010
 18.382889	 -7.255667	 -3.439747	 0.563967	 1.145203	 -0.493563	 0.000010
 18.382895	 -7.255655	 -3.439752	 0.563966	 1.145203	 -0.493563	 0.000010
 18.382901	 -7.255644	 -3.439757	 0.563965	 1.145204	 -0.493562	 0.000010
 18.382906	 -7.255632	 -3.439762	 0.563964	 1.145204	 -0.493562	 0.000010
 18.382912	 -7.255621	 -3.439767	 0.563963	 1.145204	 -0.493562	 0.000010
 18.382918	 -7.255610	 -3.439772	 0.563962	 1.145205	 -0.493562	 0.000010
 18.382923	 -7.255598	 -3.439777	 0.563961	 1.145205	 -0.493562	 0.000010
 18.382929	 -7.255587	 -3.439782	 0.563961	 1.145205	 -0.493562	 0.000010
 18.382935	 -7.255575	 -3.439787	 0.563960	 1.145206	 -0.493561	 0.000010
 18.382940	 -7.255564	 -3.439791	 0.563959	 1.145206	 -0.493561	 0.000010
 18.382946	 -7.255552	 -3.439796	 0.563958	 1.145206	 -0.493561	 0.000010
 18.382951	 -7.255541	 -3.439801	 0.563957	 1.145207	 -0.493561	 0.000010
 18.382957	 -7.255529	 -3.439806	 0.563956	 1.145207	 -0.493561	 0.000010
 18.382963	 -7.255518	 -3.439811	 0.563955	 1.145207	 -0.493561	 0.000010
 18.382968	 -7.255506	 -3.439816	 0.563954	 1.145208	 -0.493560	 0.000010
 18.382974	 -7.255495	 -3.439821	 0.563953	 1.145208	 -0.493560	 0.000010
 18.382980	 -7.255484	 -3.439826	 0.563952	 1.145209	 -0.493560	 0.000010
 18.382985	 -7.255472	 -3.439831	 0.563952	 1.145209	 -0.493560	 0.000010
 18.382991	 -7.255461	 -3.439836	 0.563951	 1.145209	 -0.493560	 0.000010
 18.382997	 -7.255449	 -3.439841	 0.563950	 1.145210	 -0.493560	 0.000010
 18.383002	 -7.255438	 -3.439846	 0.563949	 1.145210	 -0.493559	 0.000010
 18.383008	 -7.255426	 -3.439851	 0.563948	 1.145210	 -0.493559	 0.000010
 18.383013	 -7.255415	 -3.439856	 0.563947	 1.145211	 -0.493559	 0.000010
 18.383019	 -7.255403	 -3.439861	 0.563946	 1.145211	 -0.493559	 0.000010
 18.383025	 -7.255392	 -3.439865	 0.563945	 1.145211	 -0.493559	 0.000010
 18.383030	 -7.255380	 -3.439870	 0.563944	 1.145212	 -0.493559	 0.000010
 18.383036	 -7.255369	 -3.439875	 0.563943	 1.145212	 -0.493558	 0.000010
 18.383042	 -7.255358	 -3.439880	 0.563943	 1.145212	 -0.493558	 0.000010
 18.383047	 -7.255346	 -3.439885	 0.563942	 1.145213	 -0.493558	 0.000010
 18.383053	 -7.255335	 -3.439890	 0.563941	 1.145213	 -0.493558	 0.000010
 18.383059	 -7.255323	 -3.439895	 0.563940	 1.145214	 -0.493558	 0.000010
 18.383064	 -7.255312	 -3.439900	 0.563939	 1.145214	 -0.493558	 0.000010
 18.383070	 -7.255300	 -3.439905	 0.563938	 1.145214	 -0.493557	 0.000010
 18.383076	 -7.255289	 -3.439910	 0.563937	 1.145215	 -0.493557	 0.000010
 18.383081	 -7.255277	 -3.439915	 0.563936	 1.145215	 -0.493557	 0.000010
 18.383087	 -7.255266	 -3.439920	 0.563935	 1.145215	 -0.493557	 0.000010
 18.383092	 -7.255254	 -3.439925	 0.563934	 1.145216	 -0.493557	 0.000010
 18.383098	 -7.255243	 -3.439930	 0.563934	 1.145216	 -0.493557	 0.000010
 18.383104	 -7.255232	 -3.439935	 0.563933	 1.145216	 -0.493556	 0.000010
 18.383109	 -7.255220	 -3.439940	 0.563932	 1.145217	 -0.493556	 0.000010
 18.383115	 -7.255209	 -3.439944	 0.563931	 1.145217	 -0.493556	 0.000010
 18.383121	 -7.255197	 -3.439949	 0.563930	 1.145217	 -0.493556	 0.000010
 18.383126	 -7.255186	 -3.439954	 0.563929	 1.145218	 -0.493556	 0.000010
 18.383132	 -7.255174	 -3.439959	 0.563928	 1.145218	 -0.493556	 0.000010
 18.383138	 -7.255163	 -3.439964	 0.563927	 1.145218	 -0.493555	 0.000010
 18.383143	 -7.255151	 -3.439969	 0.563926	 1.145219	 -0.493555	 0.000010
 18.383149	 -7.255140	 -3.439974	 0.563925	 1.145219	 -0.493555	 0.000010
 18.383154	 -7.255129	 -3.439979	 0.563925	 1.145220	 -0.493555	 0.000010
 18.383160	 -7.255117	 -3.439984	 0.563924	 1.145220	 -0.493555	 0.000010
 18.383166	 -7.255106	 -3.439989	 0.563923	 1.145220	 -0.493555	 0.000010
 18.383171	 -7.255094	 -3.439994	 0.563922	 1.145221	 -0.493554	 0.000010
 18.383177	 -7.255083	 -3.439999	 0.563921	 1.145221	 -0.493554	 0.000010
 18.383183	 -7.255071	 -3.440004	 0.563920	 1.145221	 -0.493554	 0.000010
 18.383188	 -7.255060	 -3.440009	 0.563919	 1.145222	 -0.493554	 0.000010
 18.383194	 -7.255048	 -3.440014	 0.563918	 1.145222	 -0.493554	 0.000010
 18.383200	 -7.255037	 -3.440018	 0.563917	 1.145222	 -0.493554	 0.000010
 18.383205	 -7.255025	 -3.440023	 0.563916	 1.145223	 -0.493553	 0.000010
 18.383211	 -7.255014	 -3.440028	 0.563916	 1.145223	 -0.493553	 0.000010
 18.383216	 -7.255003	 -3.440033	 0.563915	 1.145223	 -0.493553	 0.000010
 18.383222	 -7.254991	 -3.440038	 0.563914	 1.145224	 -0.493553	 0.000010
 18.383228	 -7.254980	 -3.440043	 0.563913	 1.145224	 -0.493553	 0.000010
 18.383233	 -7.254968	 -3.440048	 0.563912	 1.145225	 -0.493553	 0.000010
 18.383239	 -7.254957	 -3.440053	 0.563911	 1.145225	 -0.493552	 0.000010
 18.383245	 -7.254945	 -3.440058	 0.563910	 1.145225	 -0.493552	 0.000010
 18.383250	 -7.254934	 -3.440063	 0.563909	 1.145226	 -0.493552	 0.000010
 18.383256	 -7.254922	 -3.440068	 0.563908	 1.145226	 -0.493552	 0.000010
 18.383262	 -7.254911	 -3.440073	 0.563907	 1.145226	 -0.493552	 0.000010
 18.383267	 -7.254899	 -3.440078	 0.563907	 1.145227	 -0.493552	 0.000010
 18.383273	 -7.254888	 -3.440083	 0.563906	 1.145227	 -0.493551	 0.000010
 18.383279	 -7.254877	 -3.440088	 0.563905	 1.145227	 -0.493551	 0.000010
 18.383284	 -7.254865	 -3.440093	 0.563904	 1.145228	 -0.493551	 0.000010
 18.383290	 -7.254854	 -3.440097	 0.563903	 1.145228	 -0.493551	 0.000010
 18.383295	 -7.254842	 -3.440102	 0.563902	 1.145228	 -0.493551	 0.000010
 18.383301	 -7.254831	 -3.440107	 0.563901	 1.145229	 -0.493551	 0.000010
 18.383307	 -7.254819	 -3.440112	 0.563900	 1.145229	 -0.493550	 0.000010
 18.383312	 -7.254808	 -3.440117	 0.563899	 1.145229	 -0.493550	 0.000010
 18.383318	 -7.254796	 -3.440122	 0.563898	 1.145230	 -0.493550	 0.000010
 18.383324	 -7.254785	 -3.440127	 0.563898	 1.145230	 -0.493550	 0.000010
 18.383329	 -7.254773	 -3.440132	 0.563897	 1.145231	 -0.493550	 0.000010
 18.383335	 -7.254762	 -3.440137	 0.563896	 1.145231	 -0.493550	 0.000010
 18.383341	 -7.254751	 -3.440142	 0.563895	 1.145231	 -0.493549	 0.000010
 18.383346	 -7.254739	 -3.440147	 0.563894	 1.145232	 -0.493549	 0.000010
 18.383352	 -7.254728	 -3.440152	 0.563893	 1.145232	 -0.493549	 0.000010
 18.383357	 -7.254716	 -3.440157	 0.563892	 1.145232	 -0.493549	 0.000010
 18.383363	 -7.254705	 -3.440162	 0.563891	 1.145233	 -0.493549	 0.000010
 18.383369	 -7.254693	 -3.440167	 0.563890	 1.145233	 -0.493549	 0.000010
 18.383374	 -7.254682	 -3.440171	 0.563889	 1.145233	 -0.493548	 0.000010
 18.383380	 -7.254670	 -3.440176	 0.563889	 1.145234	 -0.493548	 0.000010
 18.383386	 -7.254659	 -3.440181	 0.563888	 1.145234	 -0.493548	 0.000010
 18.383391	 -7.254648	 -3.440186	 0.563887	 1.145234	 -0.493548	 0.000010
 18.383397	 -7.254636	 -3.440191	 0.563886	 1.145235	 -0.493548	 0.000010
 18.383403	 -7.254625	 -3.440196	 0.563885	 1.145235	 -0.493548	 0.000010
 18.383408	 -7.254613	 -3.440201	 0.563884	 1.145236	 -0.493547	 0.000010
 18.383414	 -7.254602	 -3.440206	 0.563883	 1.145236	 -0.493547	 0.000010
 18.383419	 -7.254590	 -3.440211	 0.563882	 1.145236	 -0.493547	 0.000010
 18.383425	 -7.254579	 -3.440216	 0.563881	 1.145237	 -0.493547	 0.000010
 18.383431	 -7.254567	 -3.440221	 0.563880	 1.145237	 -0.493547	 0.000010
 18.383436	 -7.254556	 -3.440226	 0.563880	 1.145237	 -0.493547	 0.000010
 18.383442	 -7.254544	 -3.440231	 0.563879	 1.145238	 -0.493546	 0.000010
 18.383448	 -7.254533	 -3.440236	 0.563878	 1.145238	 -0.493546	 0.000010
 18.383453	 -7.254522	 -3.440241	 0.563877	 1.145238	 -0.493546	 0.000010
 18.383459	 -7.254510	 -3.440246	 0.563876	 1.145239	 -0.493546	 0.000010
 18.383465	 -7.254499	 -3.440250	 0.563875	 1.145239	 -0.493546	 0.000010
 18.383470	 -7.254487	 -3.440255	 0.563874	 1.145239	 -0.493545	 0.000010
 18.383476	 -7.254476	 -3.440260	 0.563873	 1.145240	 -0.493545	 0.000010
 18.383482	 -7.254464	 -3.440265	 0.563872	 1.145240	 -0.493545	 0.000010
 18.383487	 -7.254453	 -3.440270	 0.563872	 1.145240	 -0.493545	 0.000010
 18.383493	 -7.254441	 -3.440275	 0.563871	 1.145241	 -0.493545	 0.000010
 18.383498	 -7.254430	 -3.440280	 0.563870	 1.145241	 -0.493545	 0.000010
 18.383504	 -7.254418	 -3.440285	 0.563869	 1.145242	 -0.493544	 0.000010
 18.383510	 -7.254407	 -3.440290	 0.563868	 1.145242	 -0.493544	 0.000010
 18.383515	 -7.254396	 -3.440295	 0.563867	 1.145242	 -0.493544	 0.000010
 18.383521	 -7.254384	 -3.440300	 0.563866	 1.145243	 -0.493544	 0.000010
 18.383527	 -7.254373	 -3.440305	 0.563865	 1.145243	 -0.493544	 0.000010
 18.383532	 -7.254361	 -3.440310	 0.563864	 1.145243	 -0.493544	 0.000010
 18.383538	 -7.254350	 -3.440315	 0.563863	 1.145244	 -0.493543	 0.000010
 18.383544	 -7.254338	 -3.440320	 0.563863	 1.145244	 -0.493543	 0.000010
 18.383549	 -7.254327	 -3.440324	 0.563862	 1.145244	 -0.493543	 0.000010
 18.383555	 -7.254315	 -3.440329	 0.563861	 1.145245	 -0.493543	 0.000010
 18.383560	 -7.254304	 -3.440334	 0.563860	 1.145245	 -0.493543	 0.000010
 18.383566	 -7.254292	 -3.440339	 0.563859	 1.145245	 -0.493543	 0.000010
 18.383572	 -7.254281	 -3.440344	 0.563858	 1.145246	 -0.493542	 0.000010
 18.383577	 -7.254270	 -3.440349	 0.563857	 1.145246	 -0.493542	 0.000010
 18.383583	 -7.254258	 -3.440354	 0.563856	 1.145247	 -0.493542	 0.000010
 18.383589	 -7.254247	 -3.440359	 0.563855	 1.145247	 -0.493542	 0.000010
 18.383594	 -7.254235	 -3.440364	 0.563854	 1.145247	 -0.493542	 0.000010
 18.383600	 -7.254224	 -3.440369	 0.563854	 1.145248	 -0.493542	 0.000010
 18.383606	 -7.254212	 -3.440374	 0.563853	 1.145248	 -0.493541	 0.000010
 18.383611	 -7.254201	 -3.440379	 0.563852	 1.145248	 -0.493541	 0.000010
 18.383617	 -7.254189	 -3.440384	 0.563851	 1.145249	 -0.493541	 0.000010
 18.383622	 -7.254178	 -3.440389	 0.563850	 1.145249	 -0.493541	 0.000010
 18.383628	 -7.254167	 -3.440394	 0.563849	 1.145249	 -0.493541	 0.000010
 18.383634	 -7.254155	 -3.440399	 0.563848	 1.145250	 -0.493541	 0.000010
 18.383639	 -7.254144	 -3.440403	 0.563847	 1.145250	 -0.493540	 0.000010
 18.383645	 -7.254132	 -3.440408	 0.563846	 1.145250	 -0.493540	 0.000010
 18.383651	 -7.254121	 -3.440413	 0.563845	 1.145251	 -0.493540	 0.000010
 18.383656	 -7.254109	 -3.440418	 0.563845	 1.145251	 -0.493540	 0.000010
 18.383662	 -7.254098	 -3.440423	 0.563844	 1.145251	 -0.493540	 0.000010
 18.383668	 -7.254086	 -3.440428	 0.563843	 1.145252	 -0.493540	 0.000010
 18.383673	 -7.254075	 -3.440433	 0.563842	 1.145252	 -0.493539	 0.000010
 18.383679	 -7.254063	 -3.440438	 0.563841	 1.145253	 -0.493539	 0.000010
 18.383685	 -7.254052	 -3.440443	 0.563840	 1.145253	 -0.493539	 0.000010
 18.383690	 -7.254041	 -3.440448	 0.563839	 1.145253	 -0.493539	 0.000010
 18.383696	 -7.254029	 -3.440453	 0.563838	 1.145254	 -0.493539	 0.000010
 18.383701	 -7.254018	 -3.440458	 0.563837	 1.145254	 -0.493539	 0.000010
 18.383707	 -7.254006	 -3.440463	 0.563836	 1.145254	 -0.493538	 0.000010
 18.383713	 -7.253995	 -3.440468	 0.563836	 1.145255	 -0.493538	 0.000010
 18.383718	 -7.253983	 -3.440473	 0.563835	 1.145255	 -0.493538	 0.000010
 18.383724	 -7.253972	 -3.440477	 0.563834	 1.145255	 -0.493538	 0.000010
 18.383730	 -7.253960	 -3.440482	 0.563833	 1.145256	 -0.493538	 0.000010
 18.383735	 -7.253949	 -3.440487	 0.563832	 1.145256	 -0.493538	 0.000010
 18.383741	 -7.253937	 -3.440492	 0.563831	 1.145256	 -0.493537	 0.000010
 18.383747	 -7.253926	 -3.440497	 0.563830	 1.145257	 -0.493537	 0.000010
 18.383752	 -7.253915	 -3.440502	 0.563829	 1.145257	 -0.493537	 0.000010
 18.383758	 -7.253903	 -3.440507	 0.563828	 1.145258	 -0.493537	 0.000010
 18.383763	 -7.253892	 -3.440512	 0.563827	 1.145258	 -0.493537	 0.000010
 18.383769	 -7.253880	 -3.440517	 0.563827	 1.145258	 -0.493537	 0.000010
 18.383775	 -7.253869	 -3.440522	 0.563826	 1.145259	 -0.493536	 0.000010
 18.383780	 -7.253857	 -3.440527	 0.563825	 1.145259	 -0.493536	 0.000010
 18.383786	 -7.253846	 -3.440532	 0.563824	 1.145259	 -0.493536	 0.000010
 18.383792	 -7.253834	 -3.440537	 0.563823	 1.145260	 -0.493536	 0.000010
 18.383797	 -7.253823	 -3.440542	 0.563822	 1.145260	 -0.493536	 0.000010
 18.383803	 -7.253811	 -3.440547	 0.563821	 1.145260	 -0.493536	 0.000010
 18.383809	 -7.253800	 -3.440552	 0.563820	 1.145261	 -0.493535	 0.000010
 18.383814	 -7.253789	 -3.440556	 0.563819	 1.145261	 -0.493535	 0.000010
 18.383820	 -7.253777	 -3.440561	 0.563818	 1.145261	 -0.493535	 0.000010
 18.383825	 -7.253766	 -3.440566	 0.563818	 1.145262	 -0.493535	 0.000010
 18.383831	 -7.253754	 -3.440571	 0.563817	 1.145262	 -0.493535	 0.000010
 18.383837	 -7.253743	 -3.440576	 0.563816	 1.145262	 -0.493535	 0.000010
 18.383842	 -7.253731	 -3.440581	 0.563815	 1.145263	 -0.493534	 0.000010
 18.383848	 -7.253720	 -3.440586	 0.563814	 1.145263	 -0.493534	 0.000010
 18.383854	 -7.253708	 -3.440591	 0.563813	 1.145264	 -0.493534	 0.000010
 18.383859	 -7.253697	 -3.440596	 0.563812	 1.145264	 -0.493534	 0.000010
 18.383865	 -7.253686	 -3.440601	 0.563811	 1.145264	 -0.493534	 0.000010
 18.383871	 -7.253674	 -3.440606	 0.563810	 1.145265	 -0.493534	 0.000010
 18.383876	 -7.253663	 -3.440611	 0.563809	 1.145265	 -0.493533	 0.000010
 18.383882	 -7.253651	 -3.440616	 0.563809	 1.145265	 -0.493533	 0.000010
 18.383887	 -7.253640	 -3.440621	 0.563808	 1.145266	 -0.493533	 0.000010
 18.383893	 -7.253628	 -3.440626	 0.563807	 1.145266	 -0.493533	 0.000010
 18.383899	 -7.253617	 -3.440630	 0.563806	 1.145266	 -0.493533	 0.000010
 18.383904	 -7.253605	 -3.440635	 0.563805	 1.145267	 -0.493533	 0.000010
 18.383910	 -7.253594	 -3.440640	 0.563804	 1.145267	 -0.493532	 0.000010
 18.383916	 -7.253582	 -3.440645	 0.563803	 1.145267	 -0.493532	 0.000010
 18.383921	 -7.253571	 -3.440650	 0.563802	 1.145268	 -0.493532	 0.000010
 18.383927	 -7.253560	 -3.440655	 0.563801	 1.145268	 -0.493532	 0.000010
 18.383933	 -7.253548	 -3.440660	 0.563800	 1.145269	 -0.493532	 0.000010
 18.383938	 -7.253537	 -3.440665	 0.563800	 1.145269	 -0.493532	 0.000010
 18.383944	 -7.253525	 -3.440670	 0.563799	 1.145269	 -0.493531	 0.000010
 18.383949	 -7.253514	 -3.440675	 0.563798	 1.145270	 -0.493531	 0.000010
 18.383955	 -7.253502	 -3.440680	 0.563797	 1.145270	 -0.493531	 0.000010
 18.383961	 -7.253491	 -3.440685	 0.563796	 1.145270	 -0.493531	 0.000010
 18.383966	 -7.253479	 -3.440690	 0.563795	 1.145271	 -0.493531	 0.000010
 18.383972	 -7.253468	 -3.440695	 0.563794	 1.145271	 -0.493531	 0.000010
 18.383978	 -7.253456	 -3.440700	 0.563793	 1.145271	 -0.493530	 0.000010
 18.383983	 -7.253445	 -3.440705	 0.563792	 1.145272	 -0.493530	 0.000010
 18.383989	 -7.253434	 -3.440709	 0.563791	 1.145272	 -0.493530	 0.000010
 18.383995	 -7.253422	 -3.440714	 0.563791	 1.145272	 -0.493530	 0.000010
 18.384000	 -7.253411	 -3.440719	 0.563790	 1.145273	 -0.493530	 0.000010
 18.384006	 -7.253399	 -3.440724	 0.563789	 1.145273	 -0.493530	 0.000010
 18.384012	 -7.253388	 -3.440729	 0.563788	 1.145273	 -0.493529	 0.000010
 18.384017	 -7.253376	 -3.440734	 0.563787	 1.145274	 -0.493529	 0.000010
 18.384023	 -7.253365	 -3.440739	 0.563786	 1.145274	 -0.493529	 0.000010
 18.384028	 -7.253353	 -3.440744	 0.563785	 1.145275	 -0.493529	 0.000010
 18.384034	 -7.253342	 -3.440749	 0.563784	 1.145275	 -0.493529	 0.000010
 18.384040	 -7.253330	 -3.440754	 0.563783	 1.145275	 -0.493529	 0.000010
 18.384045	 -7.253319	 -3.440759	 0.563783	 1.145276	 -0.493528	 0.000010
 18.384051	 -7.253308	 -3.440764	 0.563782	 1.145276	 -0.493528	 0.000010
 18.384057	 -7.253296	 -3.440769	 0.563781	 1.145276	 -0.493528	 0.000010
 18.384062	 -7.253285	 -3.440774	 0.563780	 1.145277	 -0.493528	 0.000010
 18.384068	 -7.253273	 -3.440779	 0.563779	 1.145277	 -0.493528	 0.000010
 18.384074	 -7.253262	 -3.440783	 0.563778	 1.145277	 -0.493527	 0.000010
 18.384079	 -7.253250	 -3.440788	 0.563777	 1.145278	 -0.493527	 0.000010
 18.384085	 -7.253239	 -3.440793	 0.563776	 1.145278	 -0.493527	 0.000010
 18.384090	 -7.253227	 -3.440798	 0.563775	 1.145278	 -0.493527	 0.000010
 18.384096	 -7.253216	 -3.440803	 0.563774	 1.145279	 -0.493527	 0.000010
 18.384102	 -7.253204	 -3.440808	 0.563774	 1.145279	 -0.493527	 0.000010
 18.384107	 -7.253193	 -3.440813	 0.563773	 1.145280	 -0.493526	 0.000010
 18.384113	 -7.253182	 -3.440818	 0.563772	 1.145280	 -0.493526	 0.000010
 18.384119	 -7.253170	 -3.440823	 0.563771	 1.145280	 -0.493526	 0.000010
 18.384124	 -7.253159	 -3.440828	 0.563770	 1.145281	 -0.493526	 0.000010
 18.384130	 -7.253147	 -3.440833	 0.563769	 1.145281	 -0.493526	 0.000010
 18.384136	 -7.253136	 -3.440838	 0.563768	 1.145281	 -0.493526	 0.000010
 18.384141	 -7.253124	 -3.440843	 0.563767	 1.145282	 -0.493525	 0.000010
 18.384147	 -7.253113	 -3.440848	 0.563766	 1.145282	 -0.493525	 0.000010
 18.384152	 -7.253101	 -3.440853	 0.563765	 1.145282	 -0.493525	 0.000010
 18.384158	 -7.253090	 -3.440858	 0.563765	 1.145283	 -0.493525	 0.000010
 18.384164	 -7.253079	 -3.440862	 0.563764	 1.145283	 -0.493525	 0.000010
 18.384169	 -7.253067	 -3.440867	 0.563763	 1.145283	 -0.493525	 0.000010
 18.384175	 -7.253056	 -3.440872	 0.563762	 1.145284	 -0.493524	 0.000010
 18.384181	 -7.253044	 -3.440877	 0.563761	 1.145284	 -0.493524	 0.000010
 18.384186	 -7.253033	 -3.440882	 0.563760	 1.145284	 -0.493524	 0.000010
 18.384192	 -7.253021	 -3.440887	 0.563759	 1.145285	 -0.493524	 0.000010
 18.384198	 -7.253010	 -3.440892	 0.563758	 1.145285	 -0.493524	 0.000010
 18.384203	 -7.252998	 -3.440897	 0.563757	 1.145286	 -0.493524	 0.000010
 18.384209	 -7.252987	 -3.440902	 0.563756	 1.145286	 -0.493523	 0.000010
 18.384214	 -7.252975	 -3.440907	 0.563756	 1.145286	 -0.493523	 0.000010
 18.384220	 -7.252964	 -3.440912	 0.563755	 1.145287	 -0.493523	 0.000010
 18.384226	 -7.252953	 -3.440917	 0.563754	 1.145287	 -0.493523	 0.000010
 18.384231	 -7.252941	 -3.440922	 0.563753	 1.145287	 -0.493523	 0.000010
 18.384237	 -7.252930	 -3.440927	 0.563752	 1.145288	 -0.493523	 0.000010
 18.384243	 -7.252918	 -3.440932	 0.563751	 1.145288	 -0.493522	 0.000010
 18.384248	 -7.252907	 -3.440936	 0.563750	 1.145288	 -0.493522	 0.000010
 18.384254	 -7.252895	 -3.440941	 0.563749	 1.145289	 -0.493522	 0.000010
 18.384260	 -7.252884	 -3.440946	 0.563748	 1.145289	 -0.493522	 0.000010
 18.384265	 -7.252872	 -3.440951	 0.563747	 1.145289	 -0.493522	 0.000010
 18.384271	 -7.252861	 -3.440956	 0.563747	 1.145290	 -0.493522	 0.000010
 18.384276	 -7.252849	 -3.440961	 0.563746	 1.145290	 -0.493521	 0.000010
 18.384282	 -7.252838	 -3.440966	 0.563745	 1.145291	 -0.493521	 0.000010
 18.384288	 -7.252827	 -3.440971	 0.563744	 1.145291	 -0.493521	 0.000010
 18.384293	 -7.252815	 -3.440976	 0.563743	 1.145291	 -0.493521	 0.000010
 18.384299	 -7.252804	 -3.440981	 0.563742	 1.145292	 -0.493521	 0.000010
 18.384305	 -7.252792	 -3.440986	 0.563741	 1.145292	 -0.493521	 0.000010
 18.384310	 -7.252781	 -3.440991	 0.563740	 1.145292	 -0.493520	 0.000010
 18.384316	 -7.252769	 -3.440996	 0.563739	 1.145293	 -0.493520	 0.000010
 18.384322	 -7.252758	 -3.441001	 0.563738	 1.145293	 -0.493520	 0.000010
 18.384327	 -7.252746	 -3.441006	 0.563738	 1.145293	 -0.493520	 0.000010
 18.384333	 -7.252735	 -3.441010	 0.563737	 1.145294	 -0.493520	 0.000010
 18.384338	 -7.252723	 -3.441015	 0.563736	 1.145294	 -0.493520	 0.000010
 18.384344	 -7.252712	 -3.441020	 0.563735	 1.145294	 -0.493519	 0.000010
 18.384350	 -7.252701	 -3.441025	 0.563734	 1.145295	 -0.493519	 0.000010
 18.384355	 -7.252689	 -3.441030	 0.563733	 1.145295	 -0.493519	 0.000010
 18.384361	 -7.252678	 -3.441035	 0.563732	 1.145295	 -0.493519	 0.000010
 18.384367	 -7.252666	 -3.441040	 0.563731	 1.145296	 -0.493519	 0.000010
 18.384372	 -7.252655	 -3.441045	 0.563730	 1.145296	 -0.493519	 0.000010
 18.384378	 -7.252643	 -3.441050	 0.563729	 1.145297	 -0.493518	 0.000010
 18.384384	 -7.252632	 -3.441055	 0.563729	 1.145297	 -0.493518	 0.000010
 18.384389	 -7.252620	 -3.441060	 0.563728	 1.145297	 -0.493518	 0.000010
 18.384395	 -7.252609	 -3.441065	 0.563727	 1.145298	 -0.493518	 0.000010
 18.384401	 -7.252597	 -3.441070	 0.563726	 1.145298	 -0.493518	 0.000010
 18.384406	 -7.252586	 -3.441075	 0.563725	 1.145298	 -0.493518	 0.000010
 18.384412	 -7.252575	 -3.441080	 0.563724	 1.145299	 -0.493517	 0.000010
 18.384417	 -7.252563	 -3.441085	 0.563723	 1.145299	 -0.493517	 0.000010
 18.384423	 -7.252552	 -3.441089	 0.563722	 1.145299	 -0.493517	 0.000010
 18.384429	 -7.252540	 -3.441094	 0.563721	 1.145300	 -0.493517	 0.000010
 18.384434	 -7.252529	 -3.441099	 0.563720	 1.145300	 -0.493517	 0.000010
 18.384440	 -7.252517	 -3.441104	 0.563720	 1.145300	 -0.493517	 0.000010
 18.384446	 -7.252506	 -3.441109	 0.563719	 1.145301	 -0.493516	 0.000010
 18.384451	 -7.252494	 -3.441114	 0.563718	 1.145301	 -0.493516	 0.000010
 18.384457	 -7.252483	 -3.441119	 0.563717	 1.145302	 -0.493516	 0.000010
 18.384463	 -7.252472	 -3.441124	 0.563716	 1.145302	 -0.493516	 0.000010
 18.384468	 -7.252460	 -3.441129	 0.563715	 1.145302	 -0.493516	 0.000010
 18.384474	 -7.252449	 -3.441134	 0.563714	 1.145303	 -0.493516	 0.000010
 18.384479	 -7.252437	 -3.441139	 0.563713	 1.145303	 -0.493515	 0.000010
 18.384485	 -7.252426	 -3.441144	 0.563712	 1.145303	 -0.493515	 0.000010
 18.384491	 -7.252414	 -3.441149	 0.563711	 1.145304	 -0.493515	 0.000010
 18.384496	 -7.252403	 -3.441154	 0.563711	 1.145304	 -0.493515	 0.000010
 18.384502	 -7.252391	 -3.441159	 0.563710	 1.145304	 -0.493515	 0.000010
 18.384508	 -7.252380	 -3.441163	 0.563709	 1.145305	 -0.493515	 0.000010
 18.384513	 -7.252368	 -3.441168	 0.563708	 1.145305	 -0.493514	 0.000010
 18.384519	 -7.252357	 -3.441173	 0.563707	 1.145305	 -0.493514	 0.000010
 18.384525	 -7.252346	 -3.441178	 0.563706	 1.145306	 -0.493514	 0.000010
 18.384530	 -7.252334	 -3.441183	 0.563705	 1.145306	 -0.493514	 0.000010
 18.384536	 -7.252323	 -3.441188	 0.563704	 1.145306	 -0.493514	 0.000010
 18.384541	 -7.252311	 -3.441193	 0.563703	 1.145307	 -0.493514	 0.000010
 18.384547	 -7.252300	 -3.441198	 0.563702	 1.145307	 -0.493513	 0.000010
 18.384553	 -7.252288	 -3.441203	 0.563702	 1.145308	 -0.493513	 0.000010
 18.384558	 -7.252277	 -3.441208	 0.563701	 1.145308	 -0.493513	 0.000010
 18.384564	 -7.252265	 -3.441213	 0.563700	 1.145308	 -0.493513	 0.000010
 18.384570	 -7.252254	 -3.441218	 0.563699	 1.145309	 -0.493513	 0.000010
 18.384575	 -7.252242	 -3.441223	 0.563698	 1.145309	 -0.493513	 0.000010
 18.384581	 -7.252231	 -3.441228	 0.563697	 1.145309	 -0.493512	 0.000010
 18.384587	 -7.252220	 -3.441233	 0.563696	 1.145310	 -0.493512	 0.000010
 18.384592	 -7.252208	 -3.441238	 0.563695	 1.145310	 -0.493512	 0.000010
 18.384598	 -7.252197	 -3.441242	 0.563694	 1.145310	 -0.493512	 0.000010
 18.384603	 -7.252185	 -3.441247	 0.563693	 1.145311	 -0.493512	 0.000010
 18.384609	 -7.252174	 -3.441252	 0.563693	 1.145311	 -0.493512	 0.000010
 18.384615	 -7.252162	 -3.441257	 0.563692	 1.145311	 -0.493511	 0.000010
 18.384620	 -7.252151	 -3.441262	 0.563691	 1.145312	 -0.493511	 0.000010
 18.384626	 -7.252139	 -3.441267	 0.563690	 1.145312	 -0.493511	 0.000010
 18.384632	 -7.252128	 -3.441272	 0.563689	 1.145312	 -0.493511	 0.000010
 18.384637	 -7.252116	 -3.441277	 0.563688	 1.145313	 -0.493511	 0.000010
 18.384643	 -7.252105	 -3.441282	 0.563687	 1.145313	 -0.493511	 0.000010
 18.384649	 -7.252094	 -3.441287	 0.563686	 1.145314	 -0.493510	 0.000010
 18.384654	 -7.252082	 -3.441292	 0.563685	 1.145314	 -0.493510	 0.000010
 18.384660	 -7.252071	 -3.441297	 0.563685	 1.145314	 -0.493510	 0.000010
 18.384665	 -7.252059	 -3.441302	 0.563684	 1.145315	 -0.493510	 0.000010
 18.384671	 -7.252048	 -3.441307	 0.563683	 1.145315	 -0.493510	 0.000010
 18.384677	 -7.252036	 -3.441312	 0.563682	 1.145315	 -0.493509	 0.000010
 18.384682	 -7.252025	 -3.441316	 0.563681	 1.145316	 -0.493509	 0.000010
 18.384688	 -7.252013	 -3.441321	 0.563680	 1.145316	 -0.493509	 0.000010
 18.384694	 -7.252002	 -3.441326	 0.563679	 1.145316	 -0.493509	 0.000010
 18.384699	 -7.251990	 -3.441331	 0.563678	 1.145317	 -0.493509	 0.000010
 18.384705	 -7.251979	 -3.441336	 0.563677	 1.145317	 -0.493509	 0.000010
 18.384711	 -7.251968	 -3.441341	 0.563676	 1.145317	 -0.493508	 0.000010
 18.384716	 -7.251956	 -3.441346	 0.563676	 1.145318	 -0.493508	 0.000010
 18.384722	 -7.251945	 -3.441351	 0.563675	 1.145318	 -0.493508	 0.000010
 18.384727	 -7.251933	 -3.441356	 0.563674	 1.145319	 -0.493508	 0.000010
 18.384733	 -7.251922	 -3.441361	 0.563673	 1.145319	 -0.493508	 0.000010
 18.384739	 -7.251910	 -3.441366	 0.563672	 1.145319	 -0.493508	 0.000010
 18.384744	 -7.251899	 -3.441371	 0.563671	 1.145320	 -0.493507	 0.000010
 18.384750	 -7.251887	 -3.441376	 0.563670	 1.145320	 -0.493507	 0.000010
 18.384756	 -7.251876	 -3.441381	 0.563669	 1.145320	 -0.493507	 0.000010
 18.384761	 -7.251864	 -3.441386	 0.563668	 1.145321	 -0.493507	 0.000010
 18.384767	 -7.251853	 -3.441391	 0.563667	 1.145321	 -0.493507	 0.000010
 18.384773	 -7.251842	 -3.441395	 0.563667	 1.145321	 -0.493507	 0.000010
 18.384778	 -7.251830	 -3.441400	 0.563666	 1.145322	 -0.493506	 0.000010
 18.384784	 -7.251819	 -3.441405	 0.563665	 1.145322	 -0.493506	 0.000010
 18.384789	 -7.251807	 -3.441410	 0.563664	 1.145322	 -0.493506	 0.000010
 18.384795	 -7.251796	 -3.441415	 0.563663	 1.145323	 -0.493506	 0.000010
 18.384801	 -7.251784	 -3.441420	 0.563662	 1.145323	 -0.493506	 0.000010
 18.384806	 -7.251773	 -3.441425	 0.563661	 1.145323	 -0.493506	 0.000010
 18.384812	 -7.251761	 -3.441430	 0.563660	 1.145324	 -0.493505	 0.000010
 18.384818	 -7.251750	 -3.441435	 0.563659	 1.145324	 -0.493505	 0.000010
 18.384823	 -7.251739	 -3.441440	 0.563658	 1.145325	 -0.493505	 0.000010
 18.384829	 -7.251727	 -3.441445	 0.563658	 1.145325	 -0.493505	 0.000010
 18.384835	 -7.251716	 -3.441450	 0.563657	 1.145325	 -0.493505	 0.000010
 18.384840	 -7.251704	 -3.441455	 0.563656	 1.145326	 -0.493505	 0.000010
 18.384846	 -7.251693	 -3.441460	 0.563655	 1.145326	 -0.493504	 0.000010
 18.384851	 -7.251681	 -3.441465	 0.563654	 1.145326	 -0.493504	 0.000010
 18.384857	 -7.251670	 -3.441469	 0.563653	 1.145327	 -0.493504	 0.000010
 18.384863	 -7.251658	 -3.441474	 0.563652	 1.145327	 -0.493504	 0.000010
 18.384868	 -7.251647	 -3.441479	 0.563651	 1.145327	 -0.493504	 0.000010
 18.384874	 -7.251635	 -3.441484	 0.563650	 1.145328	 -0.493504	 0.000010
 18.384880	 -7.251624	 -3.441489	 0.563649	 1.145328	 -0.493503	 0.000010
 18.384885	 -7.251613	 -3.441494	 0.563649	 1.145328	 -0.493503	 0.000010
 18.384891	 -7.251601	 -3.441499	 0.563648	 1.145329	 -0.493503	 0.000010
 18.384897	 -7.251590	 -3.441504	 0.563647	 1.145329	 -0.493503	 0.000010
 18.384902	 -7.251578	 -3.441509	 0.563646	 1.145330	 -0.493503	 0.000010
 18.384908	 -7.251567	 -3.441514	 0.563645	 1.145330	 -0.493503	 0.000010
 18.384913	 -7.251555	 -3.441519	 0.563644	 1.145330	 -0.493502	 0.000010
 18.384919	 -7.251544	 -3.441524	 0.563643	 1.145331	 -0.493502	 0.000010
 18.384925	 -7.251532	 -3.441529	 0.563642	 1.145331	 -0.493502	 0.000010
 18.384930	 -7.251521	 -3.441534	 0.563641	 1.145331	 -0.493502	 0.000010
 18.384936	 -7.251509	 -3.441539	 0.563640	 1.145332	 -0.493502	 0.000010
 18.384942	 -7.251498	 -3.441543	 0.563640	 1.145332	 -0.493502	 0.000010
 18.384947	 -7.251487	 -3.441548	 0.563639	 1.145332	 -0.493501	 0.000010
 18.384953	 -7.251475	 -3.441553	 0.563638	 1.145333	 -0.493501	 0.000010
 18.384959	 -7.251464	 -3.441558	 0.563637	 1.145333	 -0.493501	 0.000010
 18.384964	 -7.251452	 -3.441563	 0.563636	 1.145333	 -0.493501	 0.000010
 18.384970	 -7.251441	 -3.441568	 0.563635	 1.145334	 -0.493501	 0.000010
 18.384975	 -7.251429	 -3.441573	 0.563634	 1.145334	 -0.493501	 0.000010
 18.384981	 -7.251418	 -3.441578	 0.563633	 1.145334	 -0.493500	 0.000010
 18.384987	 -7.251406	 -3.441583	 0.563632	 1.145335	 -0.493500	 0.000010
 18.384992	 -7.251395	 -3.441588	 0.563631	 1.145335	 -0.493500	 0.000010
 18.384998	 -7.251383	 -3.441593	 0.563631	 1.145336	 -0.493500	 0.000010
 18.385004	 -7.251372	 -3.441598	 0.563630	 1.145336	 -0.493500	 0.000010
 18.385009	 -7.251361	 -3.441603	 0.563629	 1.145336	 -0.493500	 0.000010
 18.385015	 -7.251349	 -3.441608	 0.563628	 1.145337	 -0.493499	 0.000010
 18.385021	 -7.251338	 -3.441613	 0.563627	 1.145337	 -0.493499	 0.000010
 18.385026	 -7.251326	 -3.441618	 0.563626	 1.145337	 -0.493499	 0.000010
 18.385032	 -7.251315	 -3.441622	 0.563625	 1.145338	 -0.493499	 0.000010
 18.385037	 -7.251303	 -3.441627	 0.563624	 1.145338	 -0.493499	 0.000010
 18.385043	 -7.251292	 -3.441632	 0.563623	 1.145338	 -0.493499	 0.000010
 18.385049	 -7.251280	 -3.441637	 0.563622	 1.145339	 -0.493498	 0.000010
 18.385054	 -7.251269	 -3.441642	 0.563622	 1.145339	 -0.493498	 0.000010
 18.385060	 -7.251257	 -3.441647	 0.563621	 1.145339	 -0.493498	 0.000010
 18.385066	 -7.251246	 -3.441652	 0.563620	 1.145340	 -0.493498	 0.000010
 18.385071	 -7.251235	 -3.441657	 0.563619	 1.145340	 -0.493498	 0.000010
 18.385077	 -7.251223	 -3.441662	 0.563618	 1.145341	 -0.493498	 0.000010
 18.385083	 -7.251212	 -3.441667	 0.563617	 1.145341	 -0.493497	 0.000010
 18.385088	 -7.251200	 -3.441672	 0.563616	 1.145341	 -0.493497	 0.000010
 18.385094	 -7.251189	 -3.441677	 0.563615	 1.145342	 -0.493497	 0.000010
 18.385099	 -7.251177	 -3.441682	 0.563614	 1.145342	 -0.493497	 0.000010
 18.385105	 -7.251166	 -3.441687	 0.563613	 1.145342	 -0.493497	 0.000010
 18.385111	 -7.251154	 -3.441692	 0.563613	 1.145343	 -0.493497	 0.000010
 18.385116	 -7.251143	 -3.441696	 0.563612	 1.145343	 -0.493496	 0.000010
 18.385122	 -7.251131	 -3.441701	 0.563611	 1.145343	 -0.493496	 0.000010
 18.385128	 -7.251120	 -3.441706	 0.563610	 1.145344	 -0.493496	 0.000010
 18.385133	 -7.251109	 -3.441711	 0.563609	 1.145344	 -0.493496	 0.000010
 18.385139	 -7.251097	 -3.441716	 0.563608	 1.145344	 -0.493496	 0.000010
 18.385145	 -7.251086	 -3.441721	 0.563607	 1.145345	 -0.493496	 0.000010
 18.385150	 -7.251074	 -3.441726	 0.563606	 1.145345	 -0.493495	 0.000010
 18.385156	 -7.251063	 -3.441731	 0.563605	 1.145345	 -0.493495	 0.000010
 18.385161	 -7.251051	 -3.441736	 0.563604	 1.145346	 -0.493495	 0.000010
 18.385167	 -7.251040	 -3.441741	 0.563604	 1.145346	 -0.493495	 0.000010
 18.385173	 -7.251028	 -3.441746	 0.563603	 1.145347	 -0.493495	 0.000010
 18.385178	 -7.251017	 -3.441751	 0.563602	 1.145347	 -0.493495	 0.000010
 18.385184	 -7.251005	 -3.441756	 0.563601	 1.145347	 -0.493494	 0.000010
 18.385190	 -7.250994	 -3.441761	 0.563600	 1.145348	 -0.493494	 0.000010
 18.385195	 -7.250983	 -3.441766	 0.563599	 1.145348	 -0.493494	 0.000010
 18.385201	 -7.250971	 -3.441770	 0.563598	 1.145348	 -0.493494	 0.000010
 18.385207	 -7.250960	 -3.441775	 0.563597	 1.145349	 -0.493494	 0.000010
 18.385212	 -7.250948	 -3.441780	 0.563596	 1.145349	 -0.493494	 0.000010
 18.385218	 -7.250937	 -3.441785	 0.563596	 1.145349	 -0.493493	 0.000010
 18.385223	 -7.250925	 -3.441790	 0.563595	 1.145350	 -0.493493	 0.000010
 18.385229	 -7.250914	 -3.441795	 0.563594	 1.145350	 -0.493493	 0.000010
 18.385235	 -7.250902	 -3.441800	 0.563593	 1.145350	 -0.493493	 0.000010
 18.385240	 -7.250891	 -3.441805	 0.563592	 1.145351	 -0.493493	 0.000010
 18.385246	 -7.250880	 -3.441810	 0.563591	 1.145351	 -0.493492	 0.000010
 18.385252	 -7.250868	 -3.441815	 0.563590	 1.145352	 -0.493492	 0.000010
 18.385257	 -7.250857	 -3.441820	 0.563589	 1.145352	 -0.493492	 0.000010
 18.385263	 -7.250845	 -3.441825	 0.563588	 1.145352	 -0.493492	 0.000010
 18.385269	 -7.250834	 -3.441830	 0.563587	 1.145353	 -0.493492	 0.000010
 18.385274	 -7.250822	 -3.441835	 0.563587	 1.145353	 -0.493492	 0.000010
 18.385280	 -7.250811	 -3.441840	 0.563586	 1.145353	 -0.493491	 0.000010
 18.385285	 -7.250799	 -3.441845	 0.563585	 1.145354	 -0.493491	 0.000010
 18.385291	 -7.250788	 -3.441849	 0.563584	 1.145354	 -0.493491	 0.000010
 18.385297	 -7.250776	 -3.441854	 0.563583	 1.145354	 -0.493491	 0.000010
 18.385302	 -7.250765	 -3.441859	 0.563582	 1.145355	 -0.493491	 0.000010
 18.385308	 -7.250754	 -3.441864	 0.563581	 1.145355	 -0.493491	 0.000010
 18.385314	 -7.250742	 -3.441869	 0.563580	 1.145355	 -0.493490	 0.000010
 18.385319	 -7.250731	 -3.441874	 0.563579	 1.145356	 -0.493490	 0.000010
 18.385325	 -7.250719	 -3.441879	 0.563578	 1.145356	 -0.493490	 0.000010
 18.385331	 -7.250708	 -3.441884	 0.563578	 1.145356	 -0.493490	 0.000010
 18.385336	 -7.250696	 -3.441889	 0.563577	 1.145357	 -0.493490	 0.000010
 18.385342	 -7.250685	 -3.441894	 0.563576	 1.145357	 -0.493490	 0.000010
 18.385347	 -7.250673	 -3.441899	 0.563575	 1.145358	 -0.493489	 0.000010
 18.385353	 -7.250662	 -3.441904	 0.563574	 1.145358	 -0.493489	 0.000010
 18.385359	 -7.250650	 -3.441909	 0.563573	 1.145358	 -0.493489	 0.000010
 18.385364	 -7.250639	 -3.441914	 0.563572	 1.145359	 -0.493489	 0.000010
 18.385370	 -7.250628	 -3.441919	 0.563571	 1.145359	 -0.493489	 0.000010
 18.385376	 -7.250616	 -3.441923	 0.563570	 1.145359	 -0.493489	 0.000010
 18.385381	 -7.250605	 -3.441928	 0.563569	 1.145360	 -0.493488	 0.000010
 18.385387	 -7.250593	 -3.441933	 0.563569	 1.145360	 -0.493488	 0.000010
 18.385393	 -7.250582	 -3.441938	 0.563568	 1.145360	 -0.493488	 0.000010
 18.385398	 -7.250570	 -3.441943	 0.563567	 1.145361	 -0.493488	 0.000010
 18.385404	 -7.250559	 -3.441948	 0.563566	 1.145361	 -0.493488	 0.000010
 18.385409	 -7.250547	 -3.441953	 0.563565	 1.145361	 -0.493488	 0.000010
 18.385415	 -7.250536	 -3.441958	 0.563564	 1.145362	 -0.493487	 0.000010
 18.385421	 -7.250524	 -3.441963	 0.563563	 1.145362	 -0.493487	 0.000010
 18.385426	 -7.250513	 -3.441968	 0.563562	 1.145362	 -0.493487	 0.000010
 18.385432	 -7.250502	 -3.441973	 0.563561	 1.145363	 -0.493487	 0.000010
 18.385438	 -7.250490	 -3.441978	 0.563560	 1.145363	 -0.493487	 0.000010
 18.385443	 -7.250479	 -3.441983	 0.563560	 1.145364	 -0.493487	 0.000010
 18.385449	 -7.250467	 -3.441988	 0.563559	 1.145364	 -0.493486	 0.000010
 18.385455	 -7.250456	 -3.441993	 0.563558	 1.145364	 -0.493486	 0.000010
 18.385460	 -7.250444	 -3.441998	 0.563557	 1.145365	 -0.493486	 0.000010
 18.385466	 -7.250433	 -3.442002	 0.563556	 1.145365	 -0.493486	 0.000010
 18.385471	 -7.250421	 -3.442007	 0.563555	 1.145365	 -0.493486	 0.000010
 18.385477	 -7.250410	 -3.442012	 0.563554	 1.145366	 -0.493486	 0.000010
 18.385483	 -7.250398	 -3.442017	 0.563553	 1.145366	 -0.493485	 0.000010
 18.385488	 -7.250387	 -3.442022	 0.563552	 1.145366	 -0.493485	 0.000010
 18.385494	 -7.250376	 -3.442027	 0.563551	 1.145367	 -0.493485	 0.000010
 18.385500	 -7.250364	 -3.442032	 0.563551	 1.145367	 -0.493485	 0.000010
 18.385505	 -7.250353	 -3.442037	 0.563550	 1.145367	 -0.493485	 0.000010
 18.385511	 -7.250341	 -3.442042	 0.563549	 1.145368	 -0.493485	 0.000010
 18.385517	 -7.250330	 -3.442047	 0.563548	 1.145368	 -0.493484	 0.000010
 18.385522	 -7.250318	 -3.442052	 0.563547	 1.145369	 -0.493484	 0.000010
 18.385528	 -7.250307	 -3.442057	 0.563546	 1.145369	 -0.493484	 0.000010
 18.385533	 -7.250295	 -3.442062	 0.563545	 1.145369	 -0.493484	 0.000010
 18.385539	 -7.250284	 -3.442067	 0.563544	 1.145370	 -0.493484	 0.000010
 18.385545	 -7.250272	 -3.442072	 0.563543	 1.145370	 -0.493484	 0.000010
 18.385550	 -7.250261	 -3.442076	 0.563542	 1.145370	 -0.493483	 0.000010
 18.385556	 -7.250250	 -3.442081	 0.563542	 1.145371	 -0.493483	 0.000010
 18.385562	 -7.250238	 -3.442086	 0.563541	 1.145371	 -0.493483	 0.000010
 18.385567	 -7.250227	 -3.442091	 0.563540	 1.145371	 -0.493483	 0.000010
 18.385573	 -7.250215	 -3.442096	 0.563539	 1.145372	 -0.493483	 0.000010
 18.385578	 -7.250204	 -3.442101	 0.563538	 1.145372	 -0.493483	 0.000010
 18.385584	 -7.250192	 -3.442106	 0.563537	 1.145372	 -0.493482	 0.000010
 18.385590	 -7.250181	 -3.442111	 0.563536	 1.145373	 -0.493482	 0.000010
 18.385595	 -7.250169	 -3.442116	 0.563535	 1.145373	 -0.493482	 0.000010
 18.385601	 -7.250158	 -3.442121	 0.563534	 1.145373	 -0.493482	 0.000010
 18.385607	 -7.250146	 -3.442126	 0.563533	 1.145374	 -0.493482	 0.000010
 18.385612	 -7.250135	 -3.442131	 0.563533	 1.145374	 -0.493482	 0.000010
 18.385618	 -7.250124	 -3.442136	 0.563532	 1.145375	 -0.493481	 0.000010
 18.385624	 -7.250112	 -3.442141	 0.563531	 1.145375	 -0.493481	 0.000010
 18.385629	 -7.250101	 -3.442146	 0.563530	 1.145375	 -0.493481	 0.000010
 18.385635	 -7.250089	 -3.442150	 0.563529	 1.145376	 -0.493481	 0.000010
 18.385640	 -7.250078	 -3.442155	 0.563528	 1.145376	 -0.493481	 0.000010
 18.385646	 -7.250066	 -3.442160	 0.563527	 1.145376	 -0.493481	 0.000010
 18.385652	 -7.250055	 -3.442165	 0.563526	 1.145377	 -0.493480	 0.000010
 18.385657	 -7.250043	 -3.442170	 0.563525	 1.145377	 -0.493480	 0.000010
 18.385663	 -7.250032	 -3.442175	 0.563524	 1.145377	 -0.493480	 0.000010
 18.385669	 -7.250020	 -3.442180	 0.563524	 1.145378	 -0.493480	 0.000010
 18.385674	 -7.250009	 -3.442185	 0.563523	 1.145378	 -0.493480	 0.000010
 18.385680	 -7.249998	 -3.442190	 0.563522	 1.145378	 -0.493480	 0.000010
 18.385686	 -7.249986	 -3.442195	 0.563521	 1.145379	 -0.493479	 0.000010
 18.385691	 -7.249975	 -3.442200	 0.563520	 1.145379	 -0.493479	 0.000010
 18.385697	 -7.249963	 -3.442205	 0.563519	 1.145380	 -0.493479	 0.000010
 18.385702	 -7.249952	 -3.442210	 0.563518	 1.145380	 -0.493479	 0.000010
 18.385708	 -7.249940	 -3.442215	 0.563517	 1.145380	 -0.493479	 0.000010
 18.385714	 -7.249929	 -3.442220	 0.563516	 1.145381	 -0.493479	 0.000010
 18.385719	 -7.249917	 -3.442225	 0.563515	 1.145381	 -0.493478	 0.000010
 18.385725	 -7.249906	 -3.442229	 0.563515	 1.145381	 -0.493478	 0.000010
 18.385731	 -7.249894	 -3.442234	 0.563514	 1.145382	 -0.493478	 0.000010
 18.385736	 -7.249883	 -3.442239	 0.563513	 1.145382	 -0.493478	 0.000010
 18.385742	 -7.249872	 -3.442244	 0.563512	 1.145382	 -0.493478	 0.000010
 18.385748	 -7.249860	 -3.442249	 0.563511	 1.145383	 -0.493478	 0.000010
 18.385753	 -7.249849	 -3.442254	 0.563510	 1.145383	 -0.493477	 0.000010
 18.385759	 -7.249837	 -3.442259	 0.563509	 1.145383	 -0.493477	 0.000010
 18.385764	 -7.249826	 -3.442264	 0.563508	 1.145384	 -0.493477	 0.000010
 18.385770	 -7.249814	 -3.442269	 0.563507	 1.145384	 -0.493477	 0.000010
 18.385776	 -7.249803	 -3.442274	 0.563506	 1.145384	 -0.493477	 0.000010
 18.385781	 -7.249791	 -3.442279	 0.563506	 1.145385	 -0.493477	 0.000010
 18.385787	 -7.249780	 -3.442284	 0.563505	 1.145385	 -0.493476	 0.000010
 18.385793	 -7.249768	 -3.442289	 0.563504	 1.145386	 -0.493476	 0.000010
 18.385798	 -7.249757	 -3.442294	 0.563503	 1.145386	 -0.493476	 0.000010
 18.385804	 -7.249746	 -3.442299	 0.563502	 1.145386	 -0.493476	 0.000010
 18.385810	 -7.249734	 -3.442303	 0.563501	 1.145387	 -0.493476	 0.000010
 18.385815	 -7.249723	 -3.442308	 0.563500	 1.145387	 -0.493475	 0.000010
 18.385821	 -7.249711	 -3.442313	 0.563499	 1.145387	 -0.493475	 0.000010
 18.385826	 -7.249700	 -3.442318	 0.563498	 1.145388	 -0.493475	 0.000010
 18.385832	 -7.249688	 -3.442323	 0.563498	 1.145388	 -0.493475	 0.000010
 18.385838	 -7.249677	 -3.442328	 0.563497	 1.145388	 -0.493475	 0.000010
 18.385843	 -7.249665	 -3.442333	 0.563496	 1.145389	 -0.493475	 0.000010
 18.385849	 -7.249654	 -3.442338	 0.563495	 1.145389	 -0.493474	 0.000010
 18.385855	 -7.249643	 -3.442343	 0.563494	 1.145389	 -0.493474	 0.000010
 18.385860	 -7.249631	 -3.442348	 0.563493	 1.145390	 -0.493474	 0.000010
 18.385866	 -7.249620	 -3.442353	 0.563492	 1.145390	 -0.493474	 0.000010
 18.385872	 -7.249608	 -3.442358	 0.563491	 1.145391	 -0.493474	 0.000010
 18.385877	 -7.249597	 -3.442363	 0.563490	 1.145391	 -0.493474	 0.000010
 18.385883	 -7.249585	 -3.442368	 0.563489	 1.145391	 -0.493473	 0.000010
 18.385888	 -7.249574	 -3.442373	 0.563489	 1.145392	 -0.493473	 0.000010
 18.385894	 -7.249562	 -3.442377	 0.563488	 1.145392	 -0.493473	 0.000010
 18.385900	 -7.249551	 -3.442382	 0.563487	 1.145392	 -0.493473	 0.000010
 18.385905	 -7.249539	 -3.442387	 0.563486	 1.145393	 -0.493473	 0.000010
 18.385911	 -7.249528	 -3.442392	 0.563485	 1.145393	 -0.493473	 0.000010
 18.385917	 -7.249517	 -3.442397	 0.563484	 1.145393	 -0.493472	 0.000010
 18.385922	 -7.249505	 -3.442402	 0.563483	 1.145394	 -0.493472	 0.000010
 18.385928	 -7.249494	 -3.442407	 0.563482	 1.145394	 -0.493472	 0.000010
 18.385934	 -7.249482	 -3.442412	 0.563481	 1.145394	 -0.493472	 0.000010
 18.385939	 -7.249471	 -3.442417	 0.563480	 1.145395	 -0.493472	 0.000010
 18.385945	 -7.249459	 -3.442422	 0.563480	 1.145395	 -0.493472	 0.000010
 18.385950	 -7.249448	 -3.442427	 0.563479	 1.145395	 -0.493471	 0.000010
 18.385956	 -7.249436	 -3.442432	 0.563478	 1.145396	 -0.493471	 0.000010
 18.385962	 -7.249425	 -3.442437	 0.563477	 1.145396	 -0.493471	 0.000010
 18.385967	 -7.249413	 -3.442442	 0.563476	 1.145397	 -0.493471	 0.000010
 18.385973	 -7.249402	 -3.442447	 0.563475	 1.145397	 -0.493471	 0.000010
 18.385979	 -7.249391	 -3.442452	 0.563474	 1.145397	 -0.493471	 0.000010
 18.385984	 -7.249379	 -3.442456	 0.563473	 1.145398	 -0.493470	 0.000010
 18.385990	 -7.249368	 -3.442461	 0.563472	 1.145398	 -0.493470	 0.000010
 18.385995	 -7.249356	 -3.442466	 0.563471	 1.145398	 -0.493470	 0.000010
 18.386001	 -7.249345	 -3.442471	 0.563471	 1.145399	 -0.493470	 0.000010
 18.386007	 -7.249333	 -3.442476	 0.563470	 1.145399	 -0.493470	 0.000010
 18.386012	 -7.249322	 -3.442481	 0.563469	 1.145399	 -0.493470	 0.000010
 18.386018	 -7.249310	 -3.442486	 0.563468	 1.145400	 -0.493469	 0.000010
 18.386024	 -7.249299	 -3.442491	 0.563467	 1.145400	 -0.493469	 0.000010
 18.386029	 -7.249287	 -3.442496	 0.563466	 1.145400	 -0.493469	 0.000010
 18.386035	 -7.249276	 -3.442501	 0.563465	 1.145401	 -0.493469	 0.000010
 18.386041	 -7.249265	 -3.442506	 0.563464	 1.145401	 -0.493469	 0.000010
 18.386046	 -7.249253	 -3.442511	 0.563463	 1.145401	 -0.493469	 0.000010
 18.386052	 -7.249242	 -3.442516	 0.563462	 1.145402	 -0.493468	 0.000010
 18.386057	 -7.249230	 -3.442521	 0.563462	 1.145402	 -0.493468	 0.000010
 18.386063	 -7.249219	 -3.442526	 0.563461	 1.145403	 -0.493468	 0.000010
 18.386069	 -7.249207	 -3.442530	 0.563460	 1.145403	 -0.493468	 0.000010
 18.386074	 -7.249196	 -3.442535	 0.563459	 1.145403	 -0.493468	 0.000010
 18.386080	 -7.249184	 -3.442540	 0.563458	 1.145404	 -0.493468	 0.000010
 18.386086	 -7.249173	 -3.442545	 0.563457	 1.145404	 -0.493467	 0.000010
 18.386091	 -7.249161	 -3.442550	 0.563456	 1.145404	 -0.493467	 0.000010
 18.386097	 -7.249150	 -3.442555	 0.563455	 1.145405	 -0.493467	 0.000010
 18.386103	 -7.249139	 -3.442560	 0.563454	 1.145405	 -0.493467	 0.000010
 18.386108	 -7.249127	 -3.442565	 0.563453	 1.145405	 -0.493467	 0.000010
 18.386114	 -7.249116	 -3.442570	 0.563453	 1.145406	 -0.493467	 0.000010
 18.386119	 -7.249104	 -3.442575	 0.563452	 1.145406	 -0.493466	 0.000010
 18.386125	 -7.249093	 -3.442580	 0.563451	 1.145406	 -0.493466	 0.000010
 18.386131	 -7.249081	 -3.442585	 0.563450	 1.145407	 -0.493466	 0.000010
 18.386136	 -7.249070	 -3.442590	 0.563449	 1.145407	 -0.493466	 0.000010
 18.386142	 -7.249058	 -3.442595	 0.563448	 1.145408	 -0.493466	 0.000010
 18.386148	 -7.249047	 -3.442600	 0.563447	 1.145408	 -0.493466	 0.000010
 18.386153	 -7.249035	 -3.442604	 0.563446	 1.145408	 -0.493465	 0.000010
 18.386159	 -7.249024	 -3.442609	 0.563445	 1.145409	 -0.493465	 0.000010
 18.386165	 -7.249013	 -3.442614	 0.563444	 1.145409	 -0.493465	 0.000010
 18.386170	 -7.249001	 -3.442619	 0.563444	 1.145409	 -0.493465	 0.000010
 18.386176	 -7.248990	 -3.442624	 0.563443	 1.145410	 -0.493465	 0.000010
 18.386181	 -7.248978	 -3.442629	 0.563442	 1.145410	 -0.493465	 0.000010
 18.386187	 -7.248967	 -3.442634	 0.563441	 1.145410	 -0.493464	 0.000010
 18.386193	 -7.248955	 -3.442639	 0.563440	 1.145411	 -0.493464	 0.000010
 18.386198	 -7.248944	 -3.442644	 0.563439	 1.145411	 -0.493464	 0.000010
 18.386204	 -7.248932	 -3.442649	 0.563438	 1.145411	 -0.493464	 0.000010
 18.386210	 -7.248921	 -3.442654	 0.563437	 1.145412	 -0.493464	 0.000010
 18.386215	 -7.248909	 -3.442659	 0.563436	 1.145412	 -0.493464	 0.000010
 18.386221	 -7.248898	 -3.442664	 0.563435	 1.145412	 -0.493463	 0.000010
 18.386227	 -7.248887	 -3.442669	 0.563435	 1.145413	 -0.493463	 0.000010
 18.386232	 -7.248875	 -3.442674	 0.563434	 1.145413	 -0.493463	 0.000010
 18.386238	 -7.248864	 -3.442678	 0.563433	 1.145414	 -0.493463	 0.000010
 18.386243	 -7.248852	 -3.442683	 0.563432	 1.145414	 -0.493463	 0.000010
 18.386249	 -7.248841	 -3.442688	 0.563431	 1.145414	 -0.493463	 0.000010
 18.386255	 -7.248829	 -3.442693	 0.563430	 1.145415	 -0.493462	 0.000010
 18.386260	 -7.248818	 -3.442698	 0.563429	 1.145415	 -0.493462	 0.000010
 18.386266	 -7.248806	 -3.442703	 0.563428	 1.145415	 -0.493462	 0.000010
 18.386272	 -7.248795	 -3.442708	 0.563427	 1.145416	 -0.493462	 0.000010
 18.386277	 -7.248783	 -3.442713	 0.563426	 1.145416	 -0.493462	 0.000010
 18.386283	 -7.248772	 -3.442718	 0.563426	 1.145416	 -0.493462	 0.000010
 18.386288	 -7.248761	 -3.442723	 0.563425	 1.145417	 -0.493461	 0.000010
 18.386294	 -7.248749	 -3.442728	 0.563424	 1.145417	 -0.493461	 0.000010
 18.386300	 -7.248738	 -3.442733	 0.563423	 1.145417	 -0.493461	 0.000010
 18.386305	 -7.248726	 -3.442738	 0.563422	 1.145418	 -0.493461	 0.000010
 18.386311	 -7.248715	 -3.442743	 0.563421	 1.145418	 -0.493461	 0.000010
 18.386317	 -7.248703	 -3.442748	 0.563420	 1.145419	 -0.493461	 0.000010
 18.386322	 -7.248692	 -3.442753	 0.563419	 1.145419	 -0.493460	 0.000010
 18.386328	 -7.248680	 -3.442757	 0.563418	 1.145419	 -0.493460	 0.000010
 18.386334	 -7.248669	 -3.442762	 0.563417	 1.145420	 -0.493460	 0.000010
 18.386339	 -7.248657	 -3.442767	 0.563417	 1.145420	 -0.493460	 0.000010
 18.386345	 -7.248646	 -3.442772	 0.563416	 1.145420	 -0.493460	 0.000010
 18.386350	 -7.248635	 -3.442777	 0.563415	 1.145421	 -0.493460	 0.000010
 18.386356	 -7.248623	 -3.442782	 0.563414	 1.145421	 -0.493459	 0.000010
 18.386362	 -7.248612	 -3.442787	 0.563413	 1.145421	 -0.493459	 0.000010
 18.386367	 -7.248600	 -3.442792	 0.563412	 1.145422	 -0.493459	 0.000010
 18.386373	 -7.248589	 -3.442797	 0.563411	 1.145422	 -0.493459	 0.000010
 18.386379	 -7.248577	 -3.442802	 0.563410	 1.145422	 -0.493459	 0.000010
 18.386384	 -7.248566	 -3.442807	 0.563409	 1.145423	 -0.493458	 0.000010
 18.386390	 -7.248554	 -3.442812	 0.563409	 1.145423	 -0.493458	 0.000010
 18.386396	 -7.248543	 -3.442817	 0.563408	 1.145423	 -0.493458	 0.000010
 18.386401	 -7.248531	 -3.442822	 0.563407	 1.145424	 -0.493458	 0.000010
 18.386407	 -7.248520	 -3.442827	 0.563406	 1.145424	 -0.493458	 0.000010
 18.386412	 -7.248509	 -3.442831	 0.563405	 1.145425	 -0.493458	 0.000010
 18.386418	 -7.248497	 -3.442836	 0.563404	 1.145425	 -0.493457	 0.000010
 18.386424	 -7.248486	 -3.442841	 0.563403	 1.145425	 -0.493457	 0.000010
 18.386429	 -7.248474	 -3.442846	 0.563402	 1.145426	 -0.493457	 0.000010
 18.386435	 -7.248463	 -3.442851	 0.563401	 1.145426	 -0.493457	 0.000010
 18.386441	 -7.248451	 -3.442856	 0.563400	 1.145426	 -0.493457	 0.000010
 18.386446	 -7.248440	 -3.442861	 0.563400	 1.145427	 -0.493457	 0.000010
 18.386452	 -7.248428	 -3.442866	 0.563399	 1.145427	 -0.493456	 0.000010
 18.386458	 -7.248417	 -3.442871	 0.563398	 1.145427	 -0.493456	 0.000010
 18.386463	 -7.248405	 -3.442876	 0.563397	 1.145428	 -0.493456	 0.000010
 18.386469	 -7.248394	 -3.442881	 0.563396	 1.145428	 -0.493456	 0.000010
 18.386474	 -7.248383	 -3.442886	 0.563395	 1.145428	 -0.493456	 0.000010
 18.386480	 -7.248371	 -3.442891	 0.563394	 1.145429	 -0.493456	 0.000010
 18.386486	 -7.248360	 -3.442896	 0.563393	 1.145429	 -0.493455	 0.000010
 18.386491	 -7.248348	 -3.442901	 0.563392	 1.145429	 -0.493455	 0.000010
 18.386497	 -7.248337	 -3.442905	 0.563391	 1.145430	 -0.493455	 0.000010
 18.386503	 -7.248325	 -3.442910	 0.563391	 1.145430	 -0.493455	 0.000010
 18.386508	 -7.248314	 -3.442915	 0.563390	 1.145431	 -0.493455	 0.000010
 18.386514	 -7.248302	 -3.442920	 0.563389	 1.145431	 -0.493455	 0.000010
 18.386519	 -7.248291	 -3.442925	 0.563388	 1.145431	 -0.493454	 0.000010
 18.386525	 -7.248279	 -3.442930	 0.563387	 1.145432	 -0.493454	 0.000010
 18.386531	 -7.248268	 -3.442935	 0.563386	 1.145432	 -0.493454	 0.000010
 18.386536	 -7.248257	 -3.442940	 0.563385	 1.145432	 -0.493454	 0.000010
 18.386542	 -7.248245	 -3.442945	 0.563384	 1.145433	 -0.493454	 0.000010
 18.386548	 -7.248234	 -3.442950	 0.563383	 1.145433	 -0.493454	 0.000010
 18.386553	 -7.248222	 -3.442955	 0.563382	 1.145433	 -0.493453	 0.000010
 18.386559	 -7.248211	 -3.442960	 0.563382	 1.145434	 -0.493453	 0.000010
 18.386565	 -7.248199	 -3.442965	 0.563381	 1.145434	 -0.493453	 0.000010
 18.386570	 -7.248188	 -3.442970	 0.563380	 1.145434	 -0.493453	 0.000010
 18.386576	 -7.248176	 -3.442975	 0.563379	 1.145435	 -0.493453	 0.000010
 18.386581	 -7.248165	 -3.442980	 0.563378	 1.145435	 -0.493453	 0.000010
 18.386587	 -7.248153	 -3.442984	 0.563377	 1.145436	 -0.493452	 0.000010
 18.386593	 -7.248142	 -3.442989	 0.563376	 1.145436	 -0.493452	 0.000010
 18.386598	 -7.248131	 -3.442994	 0.563375	 1.145436	 -0.493452	 0.000010
 18.386604	 -7.248119	 -3.442999	 0.563374	 1.145437	 -0.493452	 0.000010
 18.386610	 -7.248108	 -3.443004	 0.563373	 1.145437	 -0.493452	 0.000010
 18.386615	 -7.248096	 -3.443009	 0.563373	 1.145437	 -0.493452	 0.000010
 18.386621	 -7.248085	 -3.443014	 0.563372	 1.145438	 -0.493451	 0.000010
 18.386627	 -7.248073	 -3.443019	 0.563371	 1.145438	 -0.493451	 0.000010
 18.386632	 -7.248062	 -3.443024	 0.563370	 1.145438	 -0.493451	 0.000010
 18.386638	 -7.248050	 -3.443029	 0.563369	 1.145439	 -0.493451	 0.000010
 18.386643	 -7.248039	 -3.443034	 0.563368	 1.145439	 -0.493451	 0.000010
 18.386649	 -7.248027	 -3.443039	 0.563367	 1.145439	 -0.493451	 0.000010
 18.386655	 -7.248016	 -3.443044	 0.563366	 1.145440	 -0.493450	 0.000010
 18.386660	 -7.248005	 -3.443049	 0.563365	 1.145440	 -0.493450	 0.000010
 18.386666	 -7.247993	 -3.443054	 0.563364	 1.145440	 -0.493450	 0.000010
 18.386672	 -7.247982	 -3.443058	 0.563364	 1.145441	 -0.493450	 0.000010
 18.386677	 -7.247970	 -3.443063	 0.563363	 1.145441	 -0.493450	 0.000010
 18.386683	 -7.247959	 -3.443068	 0.563362	 1.145442	 -0.493450	 0.000010
 18.386688	 -7.247947	 -3.443073	 0.563361	 1.145442	 -0.493449	 0.000010
 18.386694	 -7.247936	 -3.443078	 0.563360	 1.145442	 -0.493449	 0.000010
 18.386700	 -7.247924	 -3.443083	 0.563359	 1.145443	 -0.493449	 0.000010
 18.386705	 -7.247913	 -3.443088	 0.563358	 1.145443	 -0.493449	 0.000010
 18.386711	 -7.247901	 -3.443093	 0.563357	 1.145443	 -0.493449	 0.000010
 18.386717	 -7.247890	 -3.443098	 0.563356	 1.145444	 -0.493449	 0.000010
 18.386722	 -7.247879	 -3.443103	 0.563355	 1.145444	 -0.493448	 0.000010
 18.386728	 -7.247867	 -3.443108	 0.563355	 1.145444	 -0.493448	 0.000010
 18.386734	 -7.247856	 -3.443113	 0.563354	 1.145445	 -0.493448	 0.000010
 18.386739	 -7.247844	 -3.443118	 0.563353	 1.145445	 -0.493448	 0.000010
 18.386745	 -7.247833	 -3.443123	 0.563352	 1.145445	 -0.493448	 0.000010
 18.386750	 -7.247821	 -3.443128	 0.563351	 1.145446	 -0.493448	 0.000010
 18.386756	 -7.247810	 -3.443132	 0.563350	 1.145446	 -0.493447	 0.000010
 18.386762	 -7.247798	 -3.443137	 0.563349	 1.145447	 -0.493447	 0.000010
 18.386767	 -7.247787	 -3.443142	 0.563348	 1.145447	 -0.493447	 0.000010
 18.386773	 -7.247775	 -3.443147	 0.563347	 1.145447	 -0.493447	 0.000010
 18.386779	 -7.247764	 -3.443152	 0.563346	 1.145448	 -0.493447	 0.000010
 18.386784	 -7.247753	 -3.443157	 0.563346	 1.145448	 -0.493447	 0.000010
 18.386790	 -7.247741	 -3.443162	 0.563345	 1.145448	 -0.493446	 0.000010
 18.386796	 -7.247730	 -3.443167	 0.563344	 1.145449	 -0.493446	 0.000010
 18.386801	 -7.247718	 -3.443172	 0.563343	 1.145449	 -0.493446	 0.000010
 18.386807	 -7.247707	 -3.443177	 0.563342	 1.145449	 -0.493446	 0.000010
 18.386812	 -7.247695	 -3.443182	 0.563341	 1.145450	 -0.493446	 0.000010
 18.386818	 -7.247684	 -3.443187	 0.563340	 1.145450	 -0.493446	 0.000010
 18.386824	 -7.247672	 -3.443192	 0.563339	 1.145450	 -0.493445	 0.000010
 18.386829	 -7.247661	 -3.443197	 0.563338	 1.145451	 -0.493445	 0.000010
 18.386835	 -7.247649	 -3.443202	 0.563337	 1.145451	 -0.493445	 0.000010
 18.386841	 -7.247638	 -3.443206	 0.563337	 1.145451	 -0.493445	 0.000010
 18.386846	 -7.247627	 -3.443211	 0.563336	 1.145452	 -0.493445	 0.000010
 18.386852	 -7.247615	 -3.443216	 0.563335	 1.145452	 -0.493445	 0.000010
 18.386857	 -7.247604	 -3.443221	 0.563334	 1.145453	 -0.493444	 0.000010
 18.386863	 -7.247592	 -3.443226	 0.563333	 1.145453	 -0.493444	 0.000010
 18.386869	 -7.247581	 -3.443231	 0.563332	 1.145453	 -0.493444	 0.000010
 18.386874	 -7.247569	 -3.443236	 0.563331	 1.145454	 -0.493444	 0.000010
 18.386880	 -7.247558	 -3.443241	 0.563330	 1.145454	 -0.493444	 0.000010
 18.386886	 -7.247546	 -3.443246	 0.563329	 1.145454	 -0.493444	 0.000010
 18.386891	 -7.247535	 -3.443251	 0.563328	 1.145455	 -0.493443	 0.000010
 18.386897	 -7.247523	 -3.443256	 0.563328	 1.145455	 -0.493443	 0.000010
 18.386903	 -7.247512	 -3.443261	 0.563327	 1.145455	 -0.493443	 0.000010
 18.386908	 -7.247501	 -3.443266	 0.563326	 1.145456	 -0.493443	 0.000010
 18.386914	 -7.247489	 -3.443271	 0.563325	 1.145456	 -0.493443	 0.000010
 18.386919	 -7.247478	 -3.443276	 0.563324	 1.145456	 -0.493442	 0.000010
 18.386925	 -7.247466	 -3.443281	 0.563323	 1.145457	 -0.493442	 0.000010
 18.386931	 -7.247455	 -3.443285	 0.563322	 1.145457	 -0.493442	 0.000010
 18.386936	 -7.247443	 -3.443290	 0.563321	 1.145457	 -0.493442	 0.000010
 18.386942	 -7.247432	 -3.443295	 0.563320	 1.145458	 -0.493442	 0.000010
 18.386948	 -7.247420	 -3.443300	 0.563319	 1.145458	 -0.493442	 0.000010
 18.386953	 -7.247409	 -3.443305	 0.563319	 1.145459	 -0.493441	 0.000010
 18.386959	 -7.247397	 -3.443310	 0.563318	 1.145459	 -0.493441	 0.000010
 18.386965	 -7.247386	 -3.443315	 0.563317	 1.145459	 -0.493441	 0.000010
 18.386970	 -7.247375	 -3.443320	 0.563316	 1.145460	 -0.493441	 0.000010
 18.386976	 -7.247363	 -3.443325	 0.563315	 1.145460	 -0.493441	 0.000010
 18.386981	 -7.247352	 -3.443330	 0.563314	 1.145460	 -0.493441	 0.000010
 18.386987	 -7.247340	 -3.443335	 0.563313	 1.145461	 -0.493440	 0.000010
 18.386993	 -7.247329	 -3.443340	 0.563312	 1.145461	 -0.493440	 0.000010
 18.386998	 -7.247317	 -3.443345	 0.563311	 1.145461	 -0.493440	 0.000010
 18.387004	 -7.247306	 -3.443350	 0.563311	 1.145462	 -0.493440	 0.000010
 18.387010	 -7.247294	 -3.443355	 0.563310	 1.145462	 -0.493440	 0.000010
 18.387015	 -7.247283	 -3.443359	 0.563309	 1.145462	 -0.493440	 0.000010
 18.387021	 -7.247271	 -3.443364	 0.563308	 1.145463	 -0.493439	 0.000010
 18.387026	 -7.247260	 -3.443369	 0.563307	 1.145463	 -0.493439	 0.000010
 18.387032	 -7.247249	 -3.443374	 0.563306	 1.145464	 -0.493439	 0.000010
 18.387038	 -7.247237	 -3.443379	 0.563305	 1.145464	 -0.493439	 0.000010
 18.387043	 -7.247226	 -3.443384	 0.563304	 1.145464	 -0.493439	 0.000010
 18.387049	 -7.247214	 -3.443389	 0.563303	 1.145465	 -0.493439	 0.000010
 18.387055	 -7.247203	 -3.443394	 0.563302	 1.145465	 -0.493438	 0.000010
 18.387060	 -7.247191	 -3.443399	 0.563302	 1.145465	 -0.493438	 0.000010
 18.387066	 -7.247180	 -3.443404	 0.563301	 1.145466	 -0.493438	 0.000010
 18.387072	 -7.247168	 -3.443409	 0.563300	 1.145466	 -0.493438	 0.000010
 18.387077	 -7.247157	 -3.443414	 0.563299	 1.145466	 -0.493438	 0.000010
 18.387083	 -7.247145	 -3.443419	 0.563298	 1.145467	 -0.493438	 0.000010
 18.387088	 -7.247134	 -3.443424	 0.563297	 1.145467	 -0.493437	 0.000010
 18.387094	 -7.247123	 -3.443429	 0.563296	 1.145467	 -0.493437	 0.000010
 18.387100	 -7.247111	 -3.443433	 0.563295	 1.145468	 -0.493437	 0.000010
 18.387105	 -7.247100	 -3.443438	 0.563294	 1.145468	 -0.493437	 0.000010
 18.387111	 -7.247088	 -3.443443	 0.563293	 1.145468	 -0.493437	 0.000010
 18.387117	 -7.247077	 -3.443448	 0.563293	 1.145469	 -0.493437	 0.000010
 18.387122	 -7.247065	 -3.443453	 0.563292	 1.145469	 -0.493436	 0.000010
 18.387128	 -7.247054	 -3.443458	 0.563291	 1.145470	 -0.493436	 0.000010
 18.387134	 -7.247042	 -3.443463	 0.563290	 1.145470	 -0.493436	 0.000010
 18.387139	 -7.247031	 -3.443468	 0.563289	 1.145470	 -0.493436	 0.000010
 18.387145	 -7.247019	 -3.443473	 0.563288	 1.145471	 -0.493436	 0.000010
 18.387150	 -7.247008	 -3.443478	 0.563287	 1.145471	 -0.493436	 0.000010
 18.387156	 -7.246997	 -3.443483	 0.563286	 1.145471	 -0.493435	 0.000010
 18.387162	 -7.246985	 -3.443488	 0.563285	 1.145472	 -0.493435	 0.000010
 18.387167	 -7.246974	 -3.443493	 0.563284	 1.145472	 -0.493435	 0.000010
 18.387173	 -7.246962	 -3.443498	 0.563284	 1.145472	 -0.493435	 0.000010
 18.387179	 -7.246951	 -3.443503	 0.563283	 1.145473	 -0.493435	 0.000010
 18.387184	 -7.246939	 -3.443507	 0.563282	 1.145473	 -0.493435	 0.000010
 18.387190	 -7.246928	 -3.443512	 0.563281	 1.145473	 -0.493434	 0.000010
 18.387195	 -7.246916	 -3.443517	 0.563280	 1.145474	 -0.493434	 0.000010
 18.387201	 -7.246905	 -3.443522	 0.563279	 1.145474	 -0.493434	 0.000010
 18.387207	 -7.246893	 -3.443527	 0.563278	 1.145474	 -0.493434	 0.000010
 18.387212	 -7.246882	 -3.443532	 0.563277	 1.145475	 -0.493434	 0.000010
 18.387218	 -7.246871	 -3.443537	 0.563276	 1.145475	 -0.493434	 0.000010
 18.387224	 -7.246859	 -3.443542	 0.563275	 1.145476	 -0.493433	 0.000010
 18.387229	 -7.246848	 -3.443547	 0.563275	 1.145476	 -0.493433	 0.000010
 18.387235	 -7.246836	 -3.443552	 0.563274	 1.145476	 -0.493433	 0.000010
 18.387241	 -7.246825	 -3.443557	 0.563273	 1.145477	 -0.493433	 0.000010
 18.387246	 -7.246813	 -3.443562	 0.563272	 1.145477	 -0.493433	 0.000010
 18.387252	 -7.246802	 -3.443567	 0.563271	 1.145477	 -0.493433	 0.000010
 18.387257	 -7.246790	 -3.443572	 0.563270	 1.145478	 -0.493432	 0.000010
 18.387263	 -7.246779	 -3.443577	 0.563269	 1.145478	 -0.493432	 0.000010
 18.387269	 -7.246767	 -3.443582	 0.563268	 1.145478	 -0.493432	 0.000010
 18.387274	 -7.246756	 -3.443586	 0.563267	 1.145479	 -0.493432	 0.000010
 18.387280	 -7.246745	 -3.443591	 0.563266	 1.145479	 -0.493432	 0.000010
 18.387286	 -7.246733	 -3.443596	 0.563266	 1.145479	 -0.493432	 0.000010
 18.387291	 -7.246722	 -3.443601	 0.563265	 1.145480	 -0.493431	 0.000010
 18.387297	 -7.246710	 -3.443606	 0.563264	 1.145480	 -0.493431	 0.000010
 18.387303	 -7.246699	 -3.443611	 0.563263	 1.145481	 -0.493431	 0.000010
 18.387308	 -7.246687	 -3.443616	 0.563262	 1.145481	 -0.493431	 0.000010
 18.387314	 -7.246676	 -3.443621	 0.563261	 1.145481	 -0.493431	 0.000010
 18.387319	 -7.246664	 -3.443626	 0.563260	 1.145482	 -0.493431	 0.000010
 18.387325	 -7.246653	 -3.443631	 0.563259	 1.145482	 -0.493430	 0.000010
 18.387331	 -7.246641	 -3.443636	 0.563258	 1.145482	 -0.493430	 0.000010
 18.387336	 -7.246630	 -3.443641	 0.563257	 1.145483	 -0.493430	 0.000010
 18.387342	 -7.246619	 -3.443646	 0.563257	 1.145483	 -0.493430	 0.000010
 18.387348	 -7.246607	 -3.443651	 0.563256	 1.145483	 -0.493430	 0.000010
 18.387353	 -7.246596	 -3.443656	 0.563255	 1.145484	 -0.493430	 0.000010
 18.387359	 -7.246584	 -3.443660	 0.563254	 1.145484	 -0.493429	 0.000010
 18.387364	 -7.246573	 -3.443665	 0.563253	 1.145484	 -0.493429	 0.000010
 18.387370	 -7.246561	 -3.443670	 0.563252	 1.145485	 -0.493429	 0.000010
 18.387376	 -7.246550	 -3.443675	 0.563251	 1.145485	 -0.493429	 0.000010
 18.387381	 -7.246538	 -3.443680	 0.563250	 1.145485	 -0.493429	 0.000010
