 -0.828162	 -1.180318	 -0.519001	 4.492848	 -2.069042	 -1.070418	 0.001000
 -0.823669	 -1.182387	 -0.520072	 4.501933	 -2.056094	 -1.064724	 0.001000
 -0.819167	 -1.184443	 -0.521137	 4.510977	 -2.043111	 -1.059014	 0.001000
 -0.814656	 -1.186486	 -0.522196	 4.519979	 -2.030094	 -1.053286	 0.001000
 -0.810136	 -1.188516	 -0.523249	 4.528941	 -2.017043	 -1.047542	 0.001000
 -0.805607	 -1.190533	 -0.524296	 4.537860	 -2.003957	 -1.041781	 0.001000
 -0.801069	 -1.192537	 -0.525338	 4.546738	 -1.990838	 -1.036003	 0.001000
 -0.796523	 -1.194528	 -0.526374	 4.555574	 -1.977684	 -1.030209	 0.001000
 -0.791967	 -1.196505	 -0.527404	 4.564368	 -1.964496	 -1.024398	 0.001000
 -0.787403	 -1.198470	 -0.528429	 4.573119	 -1.951274	 -1.018570	 0.001000
 -0.782830	 -1.200421	 -0.529447	 4.581828	 -1.938019	 -1.012725	 0.001000
 -0.778248	 -1.202359	 -0.530460	 4.590495	 -1.924729	 -1.006864	 0.001000
 -0.773657	 -1.204284	 -0.531467	 4.599118	 -1.911406	 -1.000986	 0.001000
 -0.769058	 -1.206195	 -0.532468	 4.607699	 -1.898050	 -0.995092	 0.001000
 -0.764450	 -1.208093	 -0.533463	 4.616236	 -1.884660	 -0.989181	 0.001000
 -0.759834	 -1.209978	 -0.534452	 4.624730	 -1.871237	 -0.983253	 0.001000
 -0.755209	 -1.211849	 -0.535435	 4.633180	 -1.857780	 -0.977309	 0.001000
 -0.750576	 -1.213707	 -0.536413	 4.641587	 -1.844291	 -0.971349	 0.001000
 -0.745935	 -1.215551	 -0.537384	 4.649949	 -1.830768	 -0.965373	 0.001000
 -0.741285	 -1.217382	 -0.538349	 4.658268	 -1.817212	 -0.959380	 0.001000
 -0.736626	 -1.219199	 -0.539309	 4.666542	 -1.803623	 -0.953371	 0.001000
 -0.731960	 -1.221003	 -0.540262	 4.674772	 -1.790002	 -0.947345	 0.001000
 -0.727285	 -1.222793	 -0.541210	 4.682958	 -1.776348	 -0.941304	 0.001000
 -0.722602	 -1.224569	 -0.542151	 4.691098	 -1.762661	 -0.935246	 0.001000
 -0.717911	 -1.226332	 -0.543086	 4.699194	 -1.748941	 -0.929172	 0.001000
 -0.713212	 -1.228081	 -0.544015	 4.707244	 -1.735190	 -0.923082	 0.001000
 -0.708505	 -1.229816	 -0.544938	 4.715250	 -1.721406	 -0.916976	 0.001000
 -0.703789	 -1.231538	 -0.545855	 4.723209	 -1.707589	 -0.910854	 0.001000
 -0.699066	 -1.233245	 -0.546766	 4.731123	 -1.693741	 -0.904716	 0.001000
 -0.694335	 -1.234939	 -0.547671	 4.738991	 -1.679860	 -0.898562	 0.001000
 -0.689596	 -1.236619	 -0.548569	 4.746813	 -1.665948	 -0.892392	 0.001000
 -0.684849	 -1.238285	 -0.549462	 4.754589	 -1.652004	 -0.886206	 0.001000
 -0.680095	 -1.239937	 -0.550348	 4.762319	 -1.638028	 -0.880005	 0.001000
 -0.675332	 -1.241575	 -0.551228	 4.770002	 -1.624021	 -0.873787	 0.001000
 -0.670562	 -1.243199	 -0.552102	 4.777638	 -1.609982	 -0.867554	 0.001000
 -0.665785	 -1.244809	 -0.552969	 4.785227	 -1.595911	 -0.861306	 0.001000
 -0.660999	 -1.246405	 -0.553831	 4.792770	 -1.581810	 -0.855042	 0.001000
 -0.656207	 -1.247986	 -0.554686	 4.800265	 -1.567677	 -0.848762	 0.001000
 -0.651406	 -1.249554	 -0.555535	 4.807712	 -1.553513	 -0.842466	 0.001000
 -0.646599	 -1.251108	 -0.556377	 4.815112	 -1.539318	 -0.836156	 0.001000
 -0.641784	 -1.252647	 -0.557213	 4.822464	 -1.525092	 -0.829829	 0.001000
 -0.636961	 -1.254172	 -0.558043	 4.829768	 -1.510836	 -0.823488	 0.001000
 -0.632131	 -1.255683	 -0.558866	 4.837024	 -1.496549	 -0.817131	 0.001000
 -0.627294	 -1.257179	 -0.559684	 4.844232	 -1.482232	 -0.810758	 0.001000
 -0.622450	 -1.258662	 -0.560494	 4.851391	 -1.467884	 -0.804371	 0.001000
 -0.617599	 -1.260130	 -0.561299	 4.858502	 -1.453506	 -0.797968	 0.001000
 -0.612740	 -1.261583	 -0.562097	 4.865563	 -1.439097	 -0.791550	 0.001000
 -0.607875	 -1.263022	 -0.562888	 4.872576	 -1.424659	 -0.785117	 0.001000
 -0.603002	 -1.264447	 -0.563673	 4.879539	 -1.410191	 -0.778669	 0.001000
 -0.598123	 -1.265857	 -0.564452	 4.886453	 -1.395692	 -0.772206	 0.001000
 -0.593236	 -1.267253	 -0.565224	 4.893318	 -1.381165	 -0.765728	 0.001000
 -0.588343	 -1.268634	 -0.565990	 4.900132	 -1.366607	 -0.759235	 0.001000
 -0.583443	 -1.270000	 -0.566749	 4.906897	 -1.352021	 -0.752727	 0.001000
 -0.578536	 -1.271352	 -0.567502	 4.913612	 -1.337404	 -0.746205	 0.001000
 -0.573622	 -1.272690	 -0.568248	 4.920276	 -1.322759	 -0.739668	 0.001000
 -0.568702	 -1.274013	 -0.568988	 4.926890	 -1.308085	 -0.733116	 0.001000
 -0.563775	 -1.275321	 -0.569721	 4.933454	 -1.293381	 -0.726549	 0.001000
 -0.558842	 -1.276614	 -0.570447	 4.939966	 -1.278649	 -0.719968	 0.001000
 -0.553902	 -1.277893	 -0.571167	 4.946428	 -1.263888	 -0.713372	 0.001000
 -0.548955	 -1.279157	 -0.571881	 4.952838	 -1.249099	 -0.706762	 0.001000
 -0.544002	 -1.280406	 -0.572588	 4.959197	 -1.234281	 -0.700137	 0.001000
 -0.539043	 -1.281640	 -0.573288	 4.965505	 -1.219435	 -0.693498	 0.001000
 -0.534078	 -1.282859	 -0.573981	 4.971761	 -1.204561	 -0.686844	 0.001000
 -0.529106	 -1.284064	 -0.574668	 4.977965	 -1.189659	 -0.680177	 0.001000
 -0.524128	 -1.285254	 -0.575348	 4.984117	 -1.174728	 -0.673495	 0.001000
 -0.519144	 -1.286428	 -0.576022	 4.990217	 -1.159770	 -0.666799	 0.001000
 -0.514154	 -1.287588	 -0.576689	 4.996265	 -1.144785	 -0.660089	 0.001000
 -0.509157	 -1.288733	 -0.577349	 5.002260	 -1.129771	 -0.653365	 0.001000
 -0.504155	 -1.289863	 -0.578002	 5.008202	 -1.114731	 -0.646627	 0.001000
 -0.499147	 -1.290977	 -0.578649	 5.014091	 -1.099663	 -0.639874	 0.001000
 -0.494133	 -1.292077	 -0.579288	 5.019928	 -1.084568	 -0.633109	 0.001000
 -0.489113	 -1.293162	 -0.579922	 5.025711	 -1.069446	 -0.626329	 0.001000
 -0.484087	 -1.294231	 -0.580548	 5.031440	 -1.054298	 -0.619535	 0.001000
 -0.479056	 -1.295285	 -0.581167	 5.037116	 -1.039122	 -0.612728	 0.001000
 -0.474019	 -1.296325	 -0.581780	 5.042739	 -1.023920	 -0.605908	 0.001000
 -0.468976	 -1.297348	 -0.582386	 5.048307	 -1.008692	 -0.599073	 0.001000
 -0.463927	 -1.298357	 -0.582985	 5.053821	 -0.993438	 -0.592225	 0.001000
 -0.458874	 -1.299351	 -0.583577	 5.059282	 -0.978157	 -0.585364	 0.001000
 -0.453814	 -1.300329	 -0.584163	 5.064687	 -0.962851	 -0.578490	 0.001000
 -0.448750	 -1.301292	 -0.584741	 5.070038	 -0.947518	 -0.571602	 0.001000
 -0.443680	 -1.302239	 -0.585313	 5.075334	 -0.932160	 -0.564700	 0.001000
 -0.438604	 -1.303171	 -0.585878	 5.080576	 -0.916777	 -0.557786	 0.001000
 -0.433524	 -1.304088	 -0.586435	 5.085762	 -0.901368	 -0.550859	 0.001000
 -0.428438	 -1.304989	 -0.586986	 5.090893	 -0.885934	 -0.543918	 0.001000
 -0.423347	 -1.305875	 -0.587530	 5.095968	 -0.870475	 -0.536964	 0.001000
 -0.418251	 -1.306746	 -0.588067	 5.100988	 -0.854991	 -0.529998	 0.001000
 -0.413150	 -1.307601	 -0.588597	 5.105951	 -0.839482	 -0.523019	 0.001000
 -0.408044	 -1.308440	 -0.589120	 5.110859	 -0.823948	 -0.516026	 0.001000
 -0.402933	 -1.309264	 -0.589636	 5.115711	 -0.808391	 -0.509022	 0.001000
 -0.397818	 -1.310073	 -0.590145	 5.120507	 -0.792808	 -0.502004	 0.001000
 -0.392697	 -1.310865	 -0.590647	 5.125246	 -0.777202	 -0.494974	 0.001000
 -0.387572	 -1.311643	 -0.591142	 5.129928	 -0.761572	 -0.487931	 0.001000
 -0.382442	 -1.312404	 -0.591630	 5.134554	 -0.745918	 -0.480876	 0.001000
 -0.377307	 -1.313150	 -0.592111	 5.139122	 -0.730240	 -0.473809	 0.001000
 -0.372168	 -1.313880	 -0.592585	 5.143634	 -0.714539	 -0.466729	 0.001000
 -0.367025	 -1.314595	 -0.593051	 5.148088	 -0.698815	 -0.459637	 0.001000
 -0.361877	 -1.315294	 -0.593511	 5.152484	 -0.683067	 -0.452533	 0.001000
 -0.356724	 -1.315977	 -0.593964	 5.156823	 -0.667296	 -0.445416	 0.001000
 -0.351567	 -1.316644	 -0.594409	 5.161104	 -0.651503	 -0.438288	 0.001000
 -0.346406	 -1.317296	 -0.594847	 5.165328	 -0.635687	 -0.431148	 0.001000
 -0.341241	 -1.317931	 -0.595278	 5.169493	 -0.619848	 -0.423996	 0.001000
 -0.336071	 -1.318551	 -0.595702	 5.173599	 -0.603987	 -0.416832	 0.001000
 -0.330898	 -1.319155	 -0.596119	 5.177648	 -0.588104	 -0.409656	 0.001000
 -0.325720	 -1.319743	 -0.596529	 5.181637	 -0.572199	 -0.402468	 0.001000
 -0.320538	 -1.320315	 -0.596931	 5.185568	 -0.556272	 -0.395269	 0.001000
 -0.315353	 -1.320872	 -0.597327	 5.189440	 -0.540323	 -0.388059	 0.001000
 -0.310163	 -1.321412	 -0.597715	 5.193253	 -0.524353	 -0.380837	 0.001000
 -0.304970	 -1.321936	 -0.598096	 5.197006	 -0.508362	 -0.373603	 0.001000
 -0.299773	 -1.322445	 -0.598469	 5.200700	 -0.492350	 -0.366359	 0.001000
 -0.294572	 -1.322937	 -0.598836	 5.204335	 -0.476316	 -0.359103	 0.001000
 -0.289368	 -1.323413	 -0.599195	 5.207910	 -0.460262	 -0.351836	 0.001000
 -0.284160	 -1.323874	 -0.599546	 5.211424	 -0.444187	 -0.344558	 0.001000
 -0.278949	 -1.324318	 -0.599891	 5.214879	 -0.428092	 -0.337269	 0.001000
 -0.273734	 -1.324746	 -0.600228	 5.218274	 -0.411977	 -0.329969	 0.001000
 -0.268516	 -1.325158	 -0.600558	 5.221608	 -0.395842	 -0.322658	 0.001000
 -0.263294	 -1.325554	 -0.600881	 5.224881	 -0.379686	 -0.315337	 0.001000
 -0.258069	 -1.325933	 -0.601196	 5.228094	 -0.363511	 -0.308004	 0.001000
 -0.252841	 -1.326297	 -0.601504	 5.231246	 -0.347317	 -0.300662	 0.001000
 -0.247610	 -1.326644	 -0.601805	 5.234337	 -0.331103	 -0.293308	 0.001000
 -0.242375	 -1.326975	 -0.602098	 5.237367	 -0.314870	 -0.285945	 0.001000
 -0.237138	 -1.327290	 -0.602384	 5.240335	 -0.298619	 -0.278571	 0.001000
 -0.231898	 -1.327589	 -0.602663	 5.243242	 -0.282348	 -0.271186	 0.001000
 -0.226654	 -1.327871	 -0.602934	 5.246087	 -0.266059	 -0.263792	 0.001000
 -0.221408	 -1.328137	 -0.603198	 5.248871	 -0.249752	 -0.256387	 0.001000
 -0.216160	 -1.328387	 -0.603454	 5.251592	 -0.233426	 -0.248973	 0.001000
 -0.210908	 -1.328620	 -0.603703	 5.254252	 -0.217082	 -0.241548	 0.001000
 -0.205654	 -1.328838	 -0.603945	 5.256849	 -0.200721	 -0.234114	 0.001000
 -0.200397	 -1.329038	 -0.604179	 5.259384	 -0.184342	 -0.226670	 0.001000
 -0.195137	 -1.329223	 -0.604405	 5.261856	 -0.167946	 -0.219216	 0.001000
 -0.189876	 -1.329391	 -0.604625	 5.264266	 -0.151532	 -0.211753	 0.001000
 -0.184611	 -1.329542	 -0.604836	 5.266613	 -0.135101	 -0.204280	 0.001000
 -0.179345	 -1.329677	 -0.605041	 5.268896	 -0.118654	 -0.196798	 0.001000
 -0.174076	 -1.329796	 -0.605237	 5.271117	 -0.102190	 -0.189306	 0.001000
 -0.168805	 -1.329898	 -0.605427	 5.273274	 -0.085710	 -0.181805	 0.001000
 -0.163531	 -1.329984	 -0.605609	 5.275368	 -0.069213	 -0.174295	 0.001000
 -0.158256	 -1.330053	 -0.605783	 5.277399	 -0.052701	 -0.166776	 0.001000
 -0.152979	 -1.330106	 -0.605950	 5.279365	 -0.036172	 -0.159248	 0.001000
 -0.147699	 -1.330142	 -0.606109	 5.281268	 -0.019629	 -0.151711	 0.001000
 -0.142418	 -1.330161	 -0.606261	 5.283107	 -0.003069	 -0.144166	 0.001000
 -0.137135	 -1.330165	 -0.606405	 5.284881	 0.013505	 -0.136612	 0.001000
 -0.131850	 -1.330151	 -0.606541	 5.286592	 0.030095	 -0.129049	 0.001000
 -0.126563	 -1.330121	 -0.606670	 5.288238	 0.046699	 -0.121477	 0.001000
 -0.121275	 -1.330074	 -0.606792	 5.289819	 0.063318	 -0.113897	 0.001000
 -0.115985	 -1.330011	 -0.606906	 5.291335	 0.079951	 -0.106309	 0.001000
 -0.110694	 -1.329931	 -0.607012	 5.292787	 0.096598	 -0.098713	 0.001000
 -0.105401	 -1.329834	 -0.607111	 5.294174	 0.113259	 -0.091108	 0.001000
 -0.100107	 -1.329721	 -0.607202	 5.295496	 0.129934	 -0.083496	 0.001000
 -0.094812	 -1.329591	 -0.607285	 5.296752	 0.146622	 -0.075875	 0.001000
 -0.089515	 -1.329445	 -0.607361	 5.297943	 0.163323	 -0.068247	 0.001000
 -0.084217	 -1.329281	 -0.607430	 5.299068	 0.180038	 -0.060611	 0.001000
 -0.078918	 -1.329101	 -0.607490	 5.300128	 0.196765	 -0.052967	 0.001000
 -0.073618	 -1.328904	 -0.607543	 5.301122	 0.213505	 -0.045316	 0.001000
 -0.068317	 -1.328691	 -0.607588	 5.302050	 0.230258	 -0.037657	 0.001000
 -0.063015	 -1.328461	 -0.607626	 5.302912	 0.247022	 -0.029991	 0.001000
 -0.057712	 -1.328214	 -0.607656	 5.303708	 0.263799	 -0.022318	 0.001000
 -0.052408	 -1.327950	 -0.607678	 5.304437	 0.280587	 -0.014637	 0.001000
 -0.047103	 -1.327669	 -0.607693	 5.305100	 0.297386	 -0.006949	 0.001000
 -0.041798	 -1.327372	 -0.607700	 5.305697	 0.314197	 0.000745	 0.001000
 -0.036493	 -1.327058	 -0.607699	 5.306226	 0.331019	 0.008447	 0.001000
 -0.031186	 -1.326727	 -0.607691	 5.306689	 0.347852	 0.016155	 0.001000
 -0.025880	 -1.326379	 -0.607675	 5.307085	 0.364696	 0.023870	 0.001000
 -0.020573	 -1.326014	 -0.607651	 5.307414	 0.381549	 0.031591	 0.001000
 -0.015265	 -1.325633	 -0.607619	 5.307676	 0.398413	 0.039319	 0.001000
 -0.009958	 -1.325234	 -0.607580	 5.307870	 0.415287	 0.047054	 0.001000
 -0.004650	 -1.324819	 -0.607533	 5.307997	 0.432170	 0.054794	 0.001000
 0.000658	 -1.324387	 -0.607478	 5.308056	 0.449063	 0.062541	 0.001000
 0.005966	 -1.323938	 -0.607416	 5.308048	 0.465965	 0.070294	 0.001000
 0.011274	 -1.323472	 -0.607345	 5.307972	 0.482876	 0.078052	 0.001000
 0.016582	 -1.322989	 -0.607267	 5.307827	 0.499796	 0.085817	 0.001000
 0.021890	 -1.322489	 -0.607181	 5.307615	 0.516725	 0.093587	 0.001000
 0.027198	 -1.321972	 -0.607088	 5.307335	 0.533661	 0.101363	 0.001000
 0.032505	 -1.321439	 -0.606986	 5.306986	 0.550606	 0.109145	 0.001000
 0.037812	 -1.320888	 -0.606877	 5.306569	 0.567558	 0.116931	 0.001000
 0.043119	 -1.320320	 -0.606760	 5.306084	 0.584518	 0.124723	 0.001000
 0.048425	 -1.319736	 -0.606636	 5.305530	 0.601485	 0.132521	 0.001000
 0.053730	 -1.319134	 -0.606503	 5.304907	 0.618459	 0.140323	 0.001000
 0.059035	 -1.318516	 -0.606363	 5.304215	 0.635440	 0.148131	 0.001000
 0.064339	 -1.317881	 -0.606215	 5.303455	 0.652428	 0.155943	 0.001000
 0.069643	 -1.317228	 -0.606059	 5.302625	 0.669422	 0.163760	 0.001000
 0.074946	 -1.316559	 -0.605895	 5.301726	 0.686421	 0.171582	 0.001000
 0.080247	 -1.315872	 -0.605723	 5.300758	 0.703427	 0.179408	 0.001000
 0.085548	 -1.315169	 -0.605544	 5.299721	 0.720439	 0.187239	 0.001000
 0.090848	 -1.314448	 -0.605357	 5.298614	 0.737455	 0.195074	 0.001000
 0.096146	 -1.313711	 -0.605162	 5.297437	 0.754477	 0.202913	 0.001000
 0.101444	 -1.312956	 -0.604959	 5.296191	 0.771504	 0.210756	 0.001000
 0.106740	 -1.312185	 -0.604748	 5.294875	 0.788535	 0.218603	 0.001000
 0.112035	 -1.311396	 -0.604529	 5.293490	 0.805570	 0.226455	 0.001000
 0.117328	 -1.310591	 -0.604303	 5.292034	 0.822610	 0.234309	 0.001000
 0.122620	 -1.309768	 -0.604069	 5.290508	 0.839653	 0.242168	 0.001000
 0.127911	 -1.308929	 -0.603826	 5.288912	 0.856700	 0.250030	 0.001000
 0.133200	 -1.308072	 -0.603576	 5.287246	 0.873750	 0.257896	 0.001000
 0.138487	 -1.307198	 -0.603318	 5.285509	 0.890803	 0.265764	 0.001000
 0.143773	 -1.306307	 -0.603053	 5.283703	 0.907859	 0.273636	 0.001000
 0.149056	 -1.305399	 -0.602779	 5.281825	 0.924918	 0.281511	 0.001000
 0.154338	 -1.304475	 -0.602498	 5.279877	 0.941979	 0.289389	 0.001000
 0.159618	 -1.303533	 -0.602208	 5.277858	 0.959042	 0.297270	 0.001000
 0.164896	 -1.302574	 -0.601911	 5.275769	 0.976106	 0.305154	 0.001000
 0.170172	 -1.301597	 -0.601606	 5.273608	 0.993172	 0.313040	 0.001000
 0.175445	 -1.300604	 -0.601293	 5.271377	 1.010239	 0.320928	 0.001000
 0.180717	 -1.299594	 -0.600972	 5.269074	 1.027308	 0.328819	 0.001000
 0.185986	 -1.298567	 -0.600643	 5.266701	 1.044376	 0.336712	 0.001000
 0.191252	 -1.297522	 -0.600306	 5.264256	 1.061446	 0.344608	 0.001000
 0.196517	 -1.296461	 -0.599962	 5.261740	 1.078515	 0.352505	 0.001000
 0.201778	 -1.295382	 -0.599609	 5.259153	 1.095585	 0.360404	 0.001000
 0.207037	 -1.294287	 -0.599249	 5.256494	 1.112654	 0.368305	 0.001000
 0.212294	 -1.293174	 -0.598880	 5.253764	 1.129722	 0.376208	 0.001000
 0.217548	 -1.292044	 -0.598504	 5.250962	 1.146789	 0.384112	 0.001000
 0.222799	 -1.290898	 -0.598120	 5.248088	 1.163856	 0.392017	 0.001000
 0.228047	 -1.289734	 -0.597728	 5.245143	 1.180920	 0.399924	 0.001000
 0.233292	 -1.288553	 -0.597328	 5.242126	 1.197983	 0.407832	 0.001000
 0.238534	 -1.287355	 -0.596920	 5.239037	 1.215044	 0.415741	 0.001000
 0.243773	 -1.286140	 -0.596505	 5.235876	 1.232103	 0.423650	 0.001000
 0.249009	 -1.284908	 -0.596081	 5.232643	 1.249159	 0.431561	 0.001000
 0.254242	 -1.283659	 -0.595649	 5.229339	 1.266213	 0.439472	 0.001000
 0.259471	 -1.282392	 -0.595210	 5.225962	 1.283263	 0.447384	 0.001000
 0.264697	 -1.281109	 -0.594763	 5.222513	 1.300310	 0.455296	 0.001000
 0.269919	 -1.279809	 -0.594307	 5.218991	 1.317353	 0.463208	 0.001000
 0.275138	 -1.278491	 -0.593844	 5.215397	 1.334392	 0.471121	 0.001000
 0.280354	 -1.277157	 -0.593373	 5.211731	 1.351427	 0.479034	 0.001000
 0.285566	 -1.275806	 -0.592894	 5.207993	 1.368458	 0.486946	 0.001000
 0.290774	 -1.274437	 -0.592407	 5.204182	 1.385483	 0.494858	 0.001000
 0.295978	 -1.273052	 -0.591912	 5.200299	 1.402504	 0.502770	 0.001000
 0.301178	 -1.271649	 -0.591409	 5.196343	 1.419519	 0.510682	 0.001000
 0.306374	 -1.270230	 -0.590899	 5.192314	 1.436529	 0.518592	 0.001000
 0.311567	 -1.268793	 -0.590380	 5.188213	 1.453533	 0.526502	 0.001000
 0.316755	 -1.267340	 -0.589854	 5.184039	 1.470531	 0.534411	 0.001000
 0.321939	 -1.265869	 -0.589319	 5.179792	 1.487522	 0.542320	 0.001000
 0.327119	 -1.264382	 -0.588777	 5.175473	 1.504506	 0.550226	 0.001000
 0.332294	 -1.262877	 -0.588227	 5.171080	 1.521483	 0.558132	 0.001000
 0.337465	 -1.261356	 -0.587668	 5.166615	 1.538453	 0.566037	 0.001000
 0.342632	 -1.259817	 -0.587102	 5.162077	 1.555416	 0.573939	 0.001000
 0.347794	 -1.258262	 -0.586528	 5.157466	 1.572370	 0.581840	 0.001000
 0.352951	 -1.256689	 -0.585947	 5.152782	 1.589316	 0.589740	 0.001000
 0.358104	 -1.255100	 -0.585357	 5.148025	 1.606254	 0.597637	 0.001000
 0.363252	 -1.253494	 -0.584759	 5.143195	 1.623183	 0.605533	 0.001000
 0.368395	 -1.251871	 -0.584154	 5.138291	 1.640103	 0.613426	 0.001000
 0.373534	 -1.250230	 -0.583540	 5.133315	 1.657013	 0.621317	 0.001000
 0.378667	 -1.248573	 -0.582919	 5.128266	 1.673914	 0.629205	 0.001000
 0.383795	 -1.246899	 -0.582290	 5.123143	 1.690805	 0.637091	 0.001000
 0.388918	 -1.245209	 -0.581653	 5.117947	 1.707686	 0.644974	 0.001000
 0.394036	 -1.243501	 -0.581008	 5.112678	 1.724556	 0.652854	 0.001000
 0.399149	 -1.241776	 -0.580355	 5.107336	 1.741415	 0.660731	 0.001000
 0.404256	 -1.240035	 -0.579694	 5.101920	 1.758263	 0.668605	 0.001000
 0.409358	 -1.238277	 -0.579026	 5.096431	 1.775100	 0.676476	 0.001000
 0.414455	 -1.236502	 -0.578349	 5.090869	 1.791925	 0.684344	 0.001000
 0.419546	 -1.234710	 -0.577665	 5.085234	 1.808738	 0.692208	 0.001000
 0.424631	 -1.232901	 -0.576972	 5.079525	 1.825538	 0.700068	 0.001000
 0.429710	 -1.231075	 -0.576272	 5.073743	 1.842327	 0.707924	 0.001000
 0.434784	 -1.229233	 -0.575564	 5.067887	 1.859102	 0.715777	 0.001000
 0.439852	 -1.227374	 -0.574849	 5.061959	 1.875864	 0.723625	 0.001000
 0.444914	 -1.225498	 -0.574125	 5.055957	 1.892612	 0.731470	 0.001000
 0.449970	 -1.223606	 -0.573394	 5.049881	 1.909347	 0.739310	 0.001000
 0.455020	 -1.221696	 -0.572654	 5.043732	 1.926067	 0.747145	 0.001000
 0.460064	 -1.219770	 -0.571907	 5.037510	 1.942773	 0.754976	 0.001000
 0.465101	 -1.217827	 -0.571152	 5.031215	 1.959465	 0.762802	 0.001000
 0.470132	 -1.215868	 -0.570389	 5.024846	 1.976141	 0.770623	 0.001000
 0.475157	 -1.213892	 -0.569619	 5.018403	 1.992802	 0.778439	 0.001000
 0.480176	 -1.211899	 -0.568840	 5.011888	 2.009448	 0.786250	 0.001000
 0.485187	 -1.209890	 -0.568054	 5.005299	 2.026077	 0.794056	 0.001000
 0.490193	 -1.207863	 -0.567260	 4.998637	 2.042691	 0.801856	 0.001000
 0.495191	 -1.205821	 -0.566458	 4.991901	 2.059288	 0.809650	 0.001000
 0.500183	 -1.203761	 -0.565649	 4.985092	 2.075868	 0.817439	 0.001000
 0.505168	 -1.201686	 -0.564831	 4.978210	 2.092431	 0.825222	 0.001000
 0.510147	 -1.199593	 -0.564006	 4.971254	 2.108976	 0.832999	 0.001000
 0.515118	 -1.197484	 -0.563173	 4.964226	 2.125504	 0.840770	 0.001000
 0.520082	 -1.195359	 -0.562332	 4.957124	 2.142014	 0.848534	 0.001000
 0.525039	 -1.193217	 -0.561484	 4.949949	 2.158505	 0.856292	 0.001000
 0.529989	 -1.191058	 -0.560627	 4.942700	 2.174978	 0.864044	 0.001000
 0.534932	 -1.188883	 -0.559763	 4.935379	 2.191431	 0.871788	 0.001000
 0.539867	 -1.186692	 -0.558891	 4.927984	 2.207866	 0.879526	 0.001000
 0.544795	 -1.184484	 -0.558012	 4.920517	 2.224281	 0.887257	 0.001000
 0.549716	 -1.182260	 -0.557125	 4.912976	 2.240676	 0.894981	 0.001000
 0.554629	 -1.180019	 -0.556230	 4.905362	 2.257051	 0.902697	 0.001000
 0.559534	 -1.177762	 -0.555327	 4.897675	 2.273405	 0.910406	 0.001000
 0.564432	 -1.175488	 -0.554417	 4.889915	 2.289739	 0.918108	 0.001000
 0.569322	 -1.173199	 -0.553498	 4.882083	 2.306051	 0.925801	 0.001000
 0.574204	 -1.170893	 -0.552573	 4.874177	 2.322342	 0.933487	 0.001000
 0.579078	 -1.168570	 -0.551639	 4.866199	 2.338611	 0.941165	 0.001000
 0.583944	 -1.166232	 -0.550698	 4.858147	 2.354859	 0.948835	 0.001000
 0.588802	 -1.163877	 -0.549749	 4.850023	 2.371083	 0.956496	 0.001000
 0.593652	 -1.161506	 -0.548793	 4.841827	 2.387286	 0.964149	 0.001000
 0.598494	 -1.159119	 -0.547829	 4.833557	 2.403465	 0.971794	 0.001000
 0.603328	 -1.156715	 -0.546857	 4.825216	 2.419621	 0.979429	 0.001000
 0.608153	 -1.154295	 -0.545877	 4.816801	 2.435753	 0.987056	 0.001000
 0.612970	 -1.151860	 -0.544890	 4.808314	 2.451862	 0.994674	 0.001000
 0.617778	 -1.149408	 -0.543896	 4.799755	 2.467946	 1.002283	 0.001000
 0.622578	 -1.146940	 -0.542893	 4.791123	 2.484006	 1.009882	 0.001000
 0.627369	 -1.144456	 -0.541883	 4.782419	 2.500041	 1.017472	 0.001000
 0.632151	 -1.141956	 -0.540866	 4.773643	 2.516051	 1.025053	 0.001000
 0.636925	 -1.139440	 -0.539841	 4.764794	 2.532036	 1.032624	 0.001000
 0.641690	 -1.136908	 -0.538808	 4.755873	 2.547994	 1.040185	 0.001000
 0.646446	 -1.134360	 -0.537768	 4.746881	 2.563927	 1.047735	 0.001000
 0.651192	 -1.131796	 -0.536720	 4.737816	 2.579833	 1.055276	 0.001000
 0.655930	 -1.129216	 -0.535665	 4.728680	 2.595713	 1.062807	 0.001000
 0.660659	 -1.126620	 -0.534602	 4.719471	 2.611566	 1.070327	 0.001000
 0.665378	 -1.124009	 -0.533532	 4.710191	 2.627391	 1.077836	 0.001000
 0.670089	 -1.121381	 -0.532454	 4.700839	 2.643189	 1.085335	 0.001000
 0.674789	 -1.118738	 -0.531369	 4.691416	 2.658958	 1.092823	 0.001000
 0.679481	 -1.116079	 -0.530276	 4.681921	 2.674700	 1.100299	 0.001000
 0.684163	 -1.113404	 -0.529176	 4.672355	 2.690413	 1.107765	 0.001000
 0.688835	 -1.110714	 -0.528068	 4.662717	 2.706097	 1.115219	 0.001000
 0.693498	 -1.108008	 -0.526953	 4.653008	 2.721752	 1.122662	 0.001000
 0.698151	 -1.105286	 -0.525830	 4.643229	 2.737378	 1.130093	 0.001000
 0.702794	 -1.102549	 -0.524700	 4.633377	 2.752974	 1.137513	 0.001000
 0.707427	 -1.099796	 -0.523562	 4.623455	 2.768539	 1.144921	 0.001000
 0.712051	 -1.097027	 -0.522417	 4.613463	 2.784075	 1.152316	 0.001000
 0.716664	 -1.094243	 -0.521265	 4.603399	 2.799579	 1.159700	 0.001000
 0.721268	 -1.091444	 -0.520105	 4.593265	 2.815053	 1.167071	 0.001000
 0.725861	 -1.088629	 -0.518938	 4.583060	 2.830495	 1.174430	 0.001000
 0.730444	 -1.085798	 -0.517764	 4.572785	 2.845906	 1.181776	 0.001000
 0.735017	 -1.082952	 -0.516582	 4.562439	 2.861284	 1.189109	 0.001000
 0.739579	 -1.080091	 -0.515393	 4.552023	 2.876631	 1.196429	 0.001000
 0.744131	 -1.077214	 -0.514197	 4.541537	 2.891944	 1.203737	 0.001000
 0.748673	 -1.074322	 -0.512993	 4.530981	 2.907225	 1.211031	 0.001000
 0.753204	 -1.071415	 -0.511782	 4.520355	 2.922473	 1.218312	 0.001000
 0.757724	 -1.068493	 -0.510564	 4.509660	 2.937688	 1.225579	 0.001000
 0.762234	 -1.065555	 -0.509338	 4.498894	 2.952868	 1.232833	 0.001000
 0.766733	 -1.062602	 -0.508105	 4.488060	 2.968015	 1.240073	 0.001000
 0.771221	 -1.059634	 -0.506865	 4.477155	 2.983127	 1.247299	 0.001000
 0.775698	 -1.056651	 -0.505618	 4.466182	 2.998204	 1.254511	 0.001000
 0.780164	 -1.053653	 -0.504363	 4.455139	 3.013246	 1.261709	 0.001000
 0.784619	 -1.050639	 -0.503102	 4.444027	 3.028253	 1.268893	 0.001000
 0.789063	 -1.047611	 -0.501833	 4.432847	 3.043224	 1.276062	 0.001000
 0.793496	 -1.044568	 -0.500557	 4.421597	 3.058160	 1.283216	 0.001000
 0.797918	 -1.041510	 -0.499273	 4.410279	 3.073059	 1.290356	 0.001000
 0.802328	 -1.038437	 -0.497983	 4.398893	 3.087922	 1.297481	 0.001000
 0.806727	 -1.035349	 -0.496686	 4.387438	 3.102747	 1.304590	 0.001000
 0.811114	 -1.032246	 -0.495381	 4.375915	 3.117536	 1.311685	 0.001000
 0.815490	 -1.029129	 -0.494069	 4.364324	 3.132287	 1.318764	 0.001000
 0.819855	 -1.025996	 -0.492750	 4.352665	 3.147001	 1.325828	 0.001000
 0.824207	 -1.022849	 -0.491425	 4.340938	 3.161676	 1.332876	 0.001000
 0.828548	 -1.019688	 -0.490092	 4.329143	 3.176313	 1.339908	 0.001000
 0.832877	 -1.016511	 -0.488752	 4.317282	 3.190912	 1.346925	 0.001000
 0.837195	 -1.013320	 -0.487405	 4.305352	 3.205471	 1.353925	 0.001000
 0.841500	 -1.010115	 -0.486051	 4.293356	 3.219991	 1.360909	 0.001000
 0.845793	 -1.006895	 -0.484690	 4.281293	 3.234472	 1.367877	 0.001000
 0.850075	 -1.003660	 -0.483322	 4.269162	 3.248912	 1.374828	 0.001000
 0.854344	 -1.000412	 -0.481947	 4.256965	 3.263313	 1.381763	 0.001000
 0.858601	 -0.997148	 -0.480566	 4.244702	 3.277673	 1.388681	 0.001000
 0.862846	 -0.993871	 -0.479177	 4.232372	 3.291992	 1.395582	 0.001000
 0.867078	 -0.990579	 -0.477781	 4.219976	 3.306271	 1.402466	 0.001000
 0.871298	 -0.987272	 -0.476379	 4.207514	 3.320508	 1.409333	 0.001000
 0.875505	 -0.983952	 -0.474970	 4.194986	 3.334703	 1.416183	 0.001000
 0.879700	 -0.980617	 -0.473553	 4.182393	 3.348856	 1.423015	 0.001000
 0.883883	 -0.977268	 -0.472130	 4.169734	 3.362968	 1.429829	 0.001000
 0.888053	 -0.973905	 -0.470701	 4.157010	 3.377036	 1.436626	 0.001000
 0.892210	 -0.970528	 -0.469264	 4.144220	 3.391062	 1.443405	 0.001000
 0.896354	 -0.967137	 -0.467821	 4.131366	 3.405045	 1.450166	 0.001000
 0.900485	 -0.963732	 -0.466370	 4.118447	 3.418984	 1.456908	 0.001000
 0.904604	 -0.960313	 -0.464913	 4.105463	 3.432880	 1.463633	 0.001000
 0.908709	 -0.956880	 -0.463450	 4.092415	 3.446731	 1.470339	 0.001000
 0.912801	 -0.953434	 -0.461979	 4.079303	 3.460539	 1.477026	 0.001000
 0.916881	 -0.949973	 -0.460502	 4.066126	 3.474302	 1.483695	 0.001000
 0.920947	 -0.946499	 -0.459019	 4.052886	 3.488020	 1.490345	 0.001000
 0.925000	 -0.943011	 -0.457528	 4.039582	 3.501693	 1.496975	 0.001000
 0.929039	 -0.939509	 -0.456031	 4.026215	 3.515320	 1.503587	 0.001000
 0.933066	 -0.935994	 -0.454528	 4.012785	 3.528902	 1.510180	 0.001000
 0.937078	 -0.932465	 -0.453018	 3.999292	 3.542437	 1.516753	 0.001000
 0.941078	 -0.928922	 -0.451501	 3.985735	 3.555927	 1.523306	 0.001000
 0.945063	 -0.925366	 -0.449978	 3.972116	 3.569370	 1.529840	 0.001000
 0.949035	 -0.921797	 -0.448448	 3.958435	 3.582766	 1.536354	 0.001000
 0.952994	 -0.918214	 -0.446911	 3.944692	 3.596115	 1.542848	 0.001000
 0.956939	 -0.914618	 -0.445369	 3.930886	 3.609416	 1.549323	 0.001000
 0.960869	 -0.911009	 -0.443819	 3.917019	 3.622670	 1.555776	 0.001000
 0.964787	 -0.907386	 -0.442263	 3.903091	 3.635876	 1.562210	 0.001000
 0.968690	 -0.903750	 -0.440701	 3.889100	 3.649034	 1.568623	 0.001000
 0.972579	 -0.900101	 -0.439133	 3.875049	 3.662143	 1.575016	 0.001000
 0.976454	 -0.896439	 -0.437558	 3.860937	 3.675204	 1.581388	 0.001000
 0.980315	 -0.892764	 -0.435976	 3.846765	 3.688215	 1.587738	 0.001000
 0.984161	 -0.889076	 -0.434388	 3.832531	 3.701177	 1.594068	 0.001000
 0.987994	 -0.885374	 -0.432794	 3.818238	 3.714089	 1.600377	 0.001000
 0.991812	 -0.881660	 -0.431194	 3.803885	 3.726952	 1.606665	 0.001000
 0.995616	 -0.877933	 -0.429587	 3.789471	 3.739764	 1.612931	 0.001000
 0.999406	 -0.874194	 -0.427974	 3.774999	 3.752526	 1.619176	 0.001000
 1.003181	 -0.870441	 -0.426355	 3.760467	 3.765238	 1.625399	 0.001000
 1.006941	 -0.866676	 -0.424730	 3.745876	 3.777898	 1.631600	 0.001000
 1.010687	 -0.862898	 -0.423098	 3.731226	 3.790507	 1.637779	 0.001000
 1.014418	 -0.859107	 -0.421461	 3.716518	 3.803065	 1.643936	 0.001000
 1.018135	 -0.855304	 -0.419817	 3.701751	 3.815571	 1.650072	 0.001000
 1.021836	 -0.851489	 -0.418166	 3.686926	 3.828025	 1.656184	 0.001000
 1.025523	 -0.847661	 -0.416510	 3.672043	 3.840426	 1.662275	 0.001000
 1.029195	 -0.843820	 -0.414848	 3.657103	 3.852775	 1.668343	 0.001000
 1.032852	 -0.839968	 -0.413180	 3.642105	 3.865072	 1.674388	 0.001000
 1.036495	 -0.836102	 -0.411505	 3.627051	 3.877315	 1.680411	 0.001000
 1.040122	 -0.832225	 -0.409825	 3.611939	 3.889505	 1.686410	 0.001000
 1.043734	 -0.828336	 -0.408138	 3.596771	 3.901641	 1.692387	 0.001000
 1.047330	 -0.824434	 -0.406446	 3.581546	 3.913724	 1.698340	 0.001000
 1.050912	 -0.820520	 -0.404748	 3.566266	 3.925752	 1.704270	 0.001000
 1.054478	 -0.816595	 -0.403043	 3.550929	 3.937727	 1.710177	 0.001000
 1.058029	 -0.812657	 -0.401333	 3.535537	 3.949646	 1.716060	 0.001000
 1.061565	 -0.808707	 -0.399617	 3.520090	 3.961511	 1.721919	 0.001000
 1.065085	 -0.804746	 -0.397895	 3.504588	 3.973321	 1.727755	 0.001000
 1.068589	 -0.800772	 -0.396168	 3.489031	 3.985075	 1.733567	 0.001000
 1.072078	 -0.796787	 -0.394434	 3.473419	 3.996774	 1.739355	 0.001000
 1.075552	 -0.792790	 -0.392695	 3.457754	 4.008417	 1.745118	 0.001000
 1.079010	 -0.788782	 -0.390950	 3.442034	 4.020004	 1.750858	 0.001000
 1.082452	 -0.784762	 -0.389199	 3.426261	 4.031535	 1.756573	 0.001000
 1.085878	 -0.780731	 -0.387442	 3.410434	 4.043009	 1.762263	 0.001000
 1.089288	 -0.776688	 -0.385680	 3.394554	 4.054426	 1.767929	 0.001000
 1.092683	 -0.772633	 -0.383912	 3.378621	 4.065787	 1.773570	 0.001000
 1.096061	 -0.768567	 -0.382138	 3.362636	 4.077090	 1.779187	 0.001000
 1.099424	 -0.764490	 -0.380359	 3.346598	 4.088336	 1.784778	 0.001000
 1.102771	 -0.760402	 -0.378574	 3.330509	 4.099524	 1.790345	 0.001000
 1.106101	 -0.756302	 -0.376784	 3.314368	 4.110654	 1.795886	 0.001000
 1.109416	 -0.752192	 -0.374988	 3.298175	 4.121725	 1.801402	 0.001000
 1.112714	 -0.748070	 -0.373187	 3.281931	 4.132739	 1.806892	 0.001000
 1.115996	 -0.743937	 -0.371380	 3.265636	 4.143694	 1.812357	 0.001000
 1.119261	 -0.739794	 -0.369567	 3.249291	 4.154590	 1.817797	 0.001000
 1.122511	 -0.735639	 -0.367750	 3.232896	 4.165426	 1.823210	 0.001000
 1.125743	 -0.731474	 -0.365926	 3.216450	 4.176204	 1.828598	 0.001000
 1.128960	 -0.727297	 -0.364098	 3.199955	 4.186922	 1.833960	 0.001000
 1.132160	 -0.723110	 -0.362264	 3.183411	 4.197580	 1.839295	 0.001000
 1.135343	 -0.718913	 -0.360425	 3.166817	 4.208179	 1.844605	 0.001000
 1.138510	 -0.714705	 -0.358580	 3.150175	 4.218717	 1.849888	 0.001000
 1.141660	 -0.710486	 -0.356730	 3.133484	 4.229194	 1.855145	 0.001000
 1.144794	 -0.706257	 -0.354875	 3.116745	 4.239612	 1.860375	 0.001000
 1.147910	 -0.702017	 -0.353015	 3.099958	 4.249968	 1.865579	 0.001000
 1.151010	 -0.697767	 -0.351149	 3.083124	 4.260263	 1.870756	 0.001000
 1.154094	 -0.693507	 -0.349278	 3.066242	 4.270497	 1.875906	 0.001000
 1.157160	 -0.689236	 -0.347402	 3.049313	 4.280670	 1.881030	 0.001000
 1.160209	 -0.684956	 -0.345521	 3.032338	 4.290781	 1.886126	 0.001000
 1.163241	 -0.680665	 -0.343635	 3.015317	 4.300830	 1.891195	 0.001000
 1.166257	 -0.676364	 -0.341744	 2.998249	 4.310817	 1.896237	 0.001000
 1.169255	 -0.672053	 -0.339848	 2.981136	 4.320741	 1.901252	 0.001000
 1.172236	 -0.667733	 -0.337947	 2.963978	 4.330603	 1.906239	 0.001000
 1.175200	 -0.663402	 -0.336040	 2.946774	 4.340403	 1.911199	 0.001000
 1.178147	 -0.659062	 -0.334129	 2.929526	 4.350140	 1.916131	 0.001000
 1.181076	 -0.654711	 -0.332213	 2.912233	 4.359813	 1.921035	 0.001000
 1.183989	 -0.650352	 -0.330292	 2.894896	 4.369424	 1.925911	 0.001000
 1.186884	 -0.645982	 -0.328366	 2.877516	 4.378971	 1.930760	 0.001000
 1.189761	 -0.641603	 -0.326435	 2.860092	 4.388454	 1.935581	 0.001000
 1.192621	 -0.637215	 -0.324500	 2.842625	 4.397873	 1.940373	 0.001000
 1.195464	 -0.632817	 -0.322559	 2.825115	 4.407229	 1.945137	 0.001000
 1.198289	 -0.628410	 -0.320614	 2.807562	 4.416520	 1.949873	 0.001000
 1.201096	 -0.623993	 -0.318664	 2.789968	 4.425747	 1.954581	 0.001000
 1.203886	 -0.619567	 -0.316710	 2.772332	 4.434909	 1.959260	 0.001000
 1.206659	 -0.615132	 -0.314750	 2.754654	 4.444007	 1.963910	 0.001000
 1.209413	 -0.610688	 -0.312787	 2.736935	 4.453040	 1.968532	 0.001000
 1.212150	 -0.606235	 -0.310818	 2.719176	 4.462007	 1.973125	 0.001000
 1.214870	 -0.601773	 -0.308845	 2.701376	 4.470910	 1.977690	 0.001000
 1.217571	 -0.597302	 -0.306867	 2.683536	 4.479747	 1.982225	 0.001000
 1.220254	 -0.592823	 -0.304885	 2.665656	 4.488518	 1.986731	 0.001000
 1.222920	 -0.588334	 -0.302898	 2.647736	 4.497224	 1.991208	 0.001000
 1.225568	 -0.583837	 -0.300907	 2.629778	 4.505863	 1.995657	 0.001000
 1.228198	 -0.579331	 -0.298911	 2.611781	 4.514437	 2.000075	 0.001000
 1.230809	 -0.574817	 -0.296911	 2.593745	 4.522944	 2.004465	 0.001000
 1.233403	 -0.570294	 -0.294907	 2.575671	 4.531385	 2.008825	 0.001000
 1.235979	 -0.565762	 -0.292898	 2.557560	 4.539759	 2.013155	 0.001000
 1.238536	 -0.561223	 -0.290885	 2.539411	 4.548067	 2.017456	 0.001000
 1.241076	 -0.556675	 -0.288867	 2.521225	 4.556307	 2.021727	 0.001000
 1.243597	 -0.552118	 -0.286846	 2.503003	 4.564481	 2.025968	 0.001000
 1.246100	 -0.547554	 -0.284820	 2.484744	 4.572587	 2.030180	 0.001000
 1.248585	 -0.542981	 -0.282790	 2.466449	 4.580626	 2.034362	 0.001000
 1.251051	 -0.538401	 -0.280755	 2.448119	 4.588598	 2.038513	 0.001000
 1.253499	 -0.533812	 -0.278717	 2.429753	 4.596502	 2.042635	 0.001000
 1.255929	 -0.529215	 -0.276674	 2.411352	 4.604338	 2.046726	 0.001000
 1.258340	 -0.524611	 -0.274627	 2.392917	 4.612106	 2.050787	 0.001000
 1.260733	 -0.519999	 -0.272577	 2.374448	 4.619806	 2.054818	 0.001000
 1.263108	 -0.515379	 -0.270522	 2.355944	 4.627438	 2.058819	 0.001000
 1.265464	 -0.510752	 -0.268463	 2.337407	 4.635001	 2.062789	 0.001000
 1.267801	 -0.506117	 -0.266400	 2.318837	 4.642496	 2.066728	 0.001000
 1.270120	 -0.501474	 -0.264333	 2.300235	 4.649922	 2.070637	 0.001000
 1.272420	 -0.496824	 -0.262263	 2.281600	 4.657280	 2.074516	 0.001000
 1.274702	 -0.492167	 -0.260188	 2.262932	 4.664569	 2.078363	 0.001000
 1.276965	 -0.487502	 -0.258110	 2.244233	 4.671789	 2.082180	 0.001000
 1.279209	 -0.482831	 -0.256028	 2.225503	 4.678939	 2.085966	 0.001000
 1.281435	 -0.478152	 -0.253942	 2.206742	 4.686020	 2.089721	 0.001000
 1.283641	 -0.473466	 -0.251852	 2.187950	 4.693032	 2.093445	 0.001000
 1.285829	 -0.468773	 -0.249759	 2.169128	 4.699975	 2.097138	 0.001000
 1.287998	 -0.464073	 -0.247661	 2.150276	 4.706848	 2.100800	 0.001000
 1.290149	 -0.459366	 -0.245561	 2.131394	 4.713651	 2.104430	 0.001000
 1.292280	 -0.454652	 -0.243456	 2.112483	 4.720384	 2.108030	 0.001000
 1.294392	 -0.449932	 -0.241348	 2.093544	 4.727048	 2.111598	 0.001000
 1.296486	 -0.445205	 -0.239237	 2.074576	 4.733641	 2.115134	 0.001000
 1.298561	 -0.440471	 -0.237121	 2.055580	 4.740164	 2.118640	 0.001000
 1.300616	 -0.435731	 -0.235003	 2.036556	 4.746617	 2.122113	 0.001000
 1.302653	 -0.430984	 -0.232881	 2.017505	 4.752999	 2.125556	 0.001000
 1.304670	 -0.426231	 -0.230755	 1.998427	 4.759311	 2.128966	 0.001000
 1.306669	 -0.421472	 -0.228626	 1.979323	 4.765553	 2.132345	 0.001000
 1.308648	 -0.416707	 -0.226494	 1.960192	 4.771723	 2.135693	 0.001000
 1.310608	 -0.411935	 -0.224358	 1.941035	 4.777823	 2.139008	 0.001000
 1.312549	 -0.407157	 -0.222219	 1.921853	 4.783852	 2.142292	 0.001000
 1.314471	 -0.402373	 -0.220077	 1.902646	 4.789810	 2.145544	 0.001000
 1.316374	 -0.397583	 -0.217931	 1.883414	 4.795698	 2.148764	 0.001000
 1.318257	 -0.392788	 -0.215782	 1.864158	 4.801514	 2.151952	 0.001000
 1.320121	 -0.387986	 -0.213631	 1.844877	 4.807258	 2.155107	 0.001000
 1.321966	 -0.383179	 -0.211475	 1.825574	 4.812932	 2.158231	 0.001000
 1.323792	 -0.378366	 -0.209317	 1.806247	 4.818534	 2.161323	 0.001000
 1.325598	 -0.373547	 -0.207156	 1.786897	 4.824064	 2.164383	 0.001000
 1.327385	 -0.368723	 -0.204991	 1.767524	 4.829523	 2.167410	 0.001000
 1.329152	 -0.363894	 -0.202824	 1.748130	 4.834911	 2.170405	 0.001000
 1.330901	 -0.359059	 -0.200654	 1.728714	 4.840227	 2.173368	 0.001000
 1.332629	 -0.354219	 -0.198480	 1.709276	 4.845471	 2.176299	 0.001000
 1.334339	 -0.349373	 -0.196304	 1.689818	 4.850643	 2.179197	 0.001000
 1.336028	 -0.344523	 -0.194125	 1.670339	 4.855743	 2.182062	 0.001000
 1.337699	 -0.339667	 -0.191943	 1.650839	 4.860771	 2.184896	 0.001000
 1.339350	 -0.334806	 -0.189758	 1.631320	 4.865728	 2.187696	 0.001000
 1.340981	 -0.329940	 -0.187570	 1.611782	 4.870612	 2.190465	 0.001000
 1.342593	 -0.325070	 -0.185380	 1.592224	 4.875424	 2.193200	 0.001000
 1.344185	 -0.320194	 -0.183186	 1.572647	 4.880164	 2.195903	 0.001000
 1.345757	 -0.315314	 -0.180991	 1.553053	 4.884831	 2.198574	 0.001000
 1.347311	 -0.310429	 -0.178792	 1.533440	 4.889426	 2.201211	 0.001000
 1.348844	 -0.305540	 -0.176591	 1.513810	 4.893949	 2.203816	 0.001000
 1.350358	 -0.300646	 -0.174387	 1.494163	 4.898400	 2.206389	 0.001000
 1.351852	 -0.295747	 -0.172181	 1.474498	 4.902778	 2.208928	 0.001000
 1.353326	 -0.290845	 -0.169972	 1.454818	 4.907084	 2.211435	 0.001000
 1.354781	 -0.285938	 -0.167760	 1.435121	 4.911317	 2.213908	 0.001000
 1.356216	 -0.281026	 -0.165546	 1.415409	 4.915477	 2.216349	 0.001000
 1.357632	 -0.276111	 -0.163330	 1.395681	 4.919565	 2.218757	 0.001000
 1.359027	 -0.271191	 -0.161111	 1.375939	 4.923580	 2.221133	 0.001000
 1.360403	 -0.266268	 -0.158890	 1.356182	 4.927522	 2.223475	 0.001000
 1.361760	 -0.261340	 -0.156667	 1.336411	 4.931392	 2.225784	 0.001000
 1.363096	 -0.256409	 -0.154441	 1.316626	 4.935189	 2.228060	 0.001000
 1.364413	 -0.251474	 -0.152213	 1.296828	 4.938913	 2.230303	 0.001000
 1.365709	 -0.246535	 -0.149982	 1.277016	 4.942565	 2.232513	 0.001000
 1.366986	 -0.241592	 -0.147750	 1.257193	 4.946143	 2.234690	 0.001000
 1.368244	 -0.236646	 -0.145515	 1.237356	 4.949649	 2.236834	 0.001000
 1.369481	 -0.231696	 -0.143278	 1.217508	 4.953082	 2.238945	 0.001000
 1.370699	 -0.226743	 -0.141039	 1.197649	 4.956442	 2.241023	 0.001000
 1.371896	 -0.221787	 -0.138798	 1.177778	 4.959729	 2.243068	 0.001000
 1.373074	 -0.216827	 -0.136555	 1.157897	 4.962943	 2.245079	 0.001000
 1.374232	 -0.211864	 -0.134310	 1.138006	 4.966084	 2.247057	 0.001000
 1.375370	 -0.206898	 -0.132063	 1.118104	 4.969152	 2.249002	 0.001000
 1.376488	 -0.201929	 -0.129814	 1.098193	 4.972148	 2.250914	 0.001000
 1.377586	 -0.196957	 -0.127563	 1.078273	 4.975070	 2.252793	 0.001000
 1.378664	 -0.191982	 -0.125311	 1.058343	 4.977919	 2.254638	 0.001000
 1.379723	 -0.187004	 -0.123056	 1.038406	 4.980695	 2.256451	 0.001000
 1.380761	 -0.182023	 -0.120799	 1.018460	 4.983399	 2.258230	 0.001000
 1.381780	 -0.177040	 -0.118541	 0.998507	 4.986029	 2.259975	 0.001000
 1.382778	 -0.172054	 -0.116281	 0.978546	 4.988587	 2.261688	 0.001000
 1.383757	 -0.167065	 -0.114020	 0.958578	 4.991071	 2.263367	 0.001000
 1.384715	 -0.162074	 -0.111756	 0.938604	 4.993483	 2.265013	 0.001000
 1.385654	 -0.157080	 -0.109491	 0.918624	 4.995821	 2.266625	 0.001000
 1.386573	 -0.152085	 -0.107225	 0.898638	 4.998087	 2.268204	 0.001000
 1.387471	 -0.147087	 -0.104956	 0.878646	 5.000280	 2.269750	 0.001000
 1.388350	 -0.142086	 -0.102687	 0.858650	 5.002400	 2.271263	 0.001000
 1.389208	 -0.137084	 -0.100415	 0.838649	 5.004447	 2.272742	 0.001000
 1.390047	 -0.132079	 -0.098143	 0.818643	 5.006421	 2.274188	 0.001000
 1.390866	 -0.127073	 -0.095868	 0.798634	 5.008322	 2.275601	 0.001000
 1.391664	 -0.122065	 -0.093593	 0.778621	 5.010150	 2.276981	 0.001000
 1.392443	 -0.117055	 -0.091316	 0.758604	 5.011906	 2.278327	 0.001000
 1.393202	 -0.112043	 -0.089037	 0.738585	 5.013589	 2.279640	 0.001000
 1.393940	 -0.107029	 -0.086758	 0.718564	 5.015199	 2.280919	 0.001000
 1.394659	 -0.102014	 -0.084477	 0.698541	 5.016736	 2.282165	 0.001000
 1.395357	 -0.096997	 -0.082195	 0.678515	 5.018201	 2.283378	 0.001000
 1.396036	 -0.091979	 -0.079911	 0.658489	 5.019593	 2.284558	 0.001000
 1.396694	 -0.086959	 -0.077627	 0.638462	 5.020913	 2.285704	 0.001000
 1.397333	 -0.081938	 -0.075341	 0.618434	 5.022160	 2.286817	 0.001000
 1.397951	 -0.076916	 -0.073054	 0.598406	 5.023334	 2.287897	 0.001000
 1.398550	 -0.071893	 -0.070766	 0.578378	 5.024436	 2.288944	 0.001000
 1.399128	 -0.066868	 -0.068477	 0.558351	 5.025466	 2.289957	 0.001000
 1.399686	 -0.061843	 -0.066187	 0.538324	 5.026423	 2.290937	 0.001000
 1.400225	 -0.056817	 -0.063897	 0.518299	 5.027308	 2.291884	 0.001000
 1.400743	 -0.051789	 -0.061605	 0.498276	 5.028120	 2.292798	 0.001000
 1.401241	 -0.046761	 -0.059312	 0.478254	 5.028860	 2.293679	 0.001000
 1.401719	 -0.041732	 -0.057018	 0.458235	 5.029528	 2.294526	 0.001000
 1.402178	 -0.036703	 -0.054724	 0.438219	 5.030124	 2.295340	 0.001000
 1.402616	 -0.031673	 -0.052428	 0.418205	 5.030648	 2.296121	 0.001000
 1.403034	 -0.026642	 -0.050132	 0.398196	 5.031100	 2.296869	 0.001000
 1.403432	 -0.021611	 -0.047835	 0.378190	 5.031480	 2.297584	 0.001000
 1.403811	 -0.016579	 -0.045538	 0.358188	 5.031788	 2.298266	 0.001000
 1.404169	 -0.011548	 -0.043239	 0.338191	 5.032024	 2.298915	 0.001000
 1.404507	 -0.006516	 -0.040941	 0.318199	 5.032188	 2.299530	 0.001000
 1.404825	 -0.001483	 -0.038641	 0.298212	 5.032281	 2.300113	 0.001000
 1.405123	 0.003549	 -0.036341	 0.278231	 5.032302	 2.300662	 0.001000
 1.405402	 0.008581	 -0.034040	 0.258256	 5.032252	 2.301179	 0.001000
 1.405660	 0.013613	 -0.031739	 0.238287	 5.032130	 2.301663	 0.001000
 1.405898	 0.018646	 -0.029437	 0.218325	 5.031937	 2.302113	 0.001000
 1.406116	 0.023677	 -0.027135	 0.198370	 5.031672	 2.302531	 0.001000
 1.406315	 0.028709	 -0.024833	 0.178422	 5.031336	 2.302916	 0.001000
 1.406493	 0.033741	 -0.022530	 0.158482	 5.030929	 2.303268	 0.001000
 1.406652	 0.038771	 -0.020227	 0.138551	 5.030451	 2.303588	 0.001000
 1.406790	 0.043802	 -0.017923	 0.118628	 5.029902	 2.303874	 0.001000
 1.406909	 0.048832	 -0.015619	 0.098713	 5.029282	 2.304128	 0.001000
 1.407008	 0.053861	 -0.013315	 0.078808	 5.028591	 2.304349	 0.001000
 1.407086	 0.058890	 -0.011011	 0.058913	 5.027829	 2.304537	 0.001000
 1.407145	 0.063917	 -0.008706	 0.039027	 5.026997	 2.304693	 0.001000
 1.407184	 0.068944	 -0.006401	 0.019152	 5.026094	 2.304816	 0.001000
 1.407203	 0.073971	 -0.004097	 -0.000713	 5.025121	 2.304906	 0.001000
 1.407203	 0.078996	 -0.001792	 -0.020567	 5.024077	 2.304964	 0.001000
 1.407182	 0.084020	 0.000513	 -0.040409	 5.022963	 2.304989	 0.001000
 1.407142	 0.089043	 0.002818	 -0.060240	 5.021779	 2.304982	 0.001000
 1.407082	 0.094065	 0.005123	 -0.080059	 5.020525	 2.304942	 0.001000
 1.407001	 0.099085	 0.007428	 -0.099865	 5.019201	 2.304870	 0.001000
 1.406902	 0.104104	 0.009733	 -0.119659	 5.017807	 2.304765	 0.001000
 1.406782	 0.109122	 0.012038	 -0.139440	 5.016343	 2.304629	 0.001000
 1.406643	 0.114138	 0.014342	 -0.159207	 5.014810	 2.304459	 0.001000
 1.406483	 0.119153	 0.016647	 -0.178961	 5.013207	 2.304258	 0.001000
 1.406304	 0.124166	 0.018951	 -0.198701	 5.011535	 2.304024	 0.001000
 1.406106	 0.129178	 0.021255	 -0.218426	 5.009793	 2.303759	 0.001000
 1.405887	 0.134188	 0.023559	 -0.238137	 5.007983	 2.303461	 0.001000
 1.405649	 0.139196	 0.025862	 -0.257832	 5.006103	 2.303131	 0.001000
 1.405391	 0.144202	 0.028166	 -0.277513	 5.004154	 2.302769	 0.001000
 1.405114	 0.149206	 0.030468	 -0.297177	 5.002136	 2.302374	 0.001000
 1.404817	 0.154208	 0.032771	 -0.316826	 5.000050	 2.301948	 0.001000
 1.404500	 0.159208	 0.035073	 -0.336458	 4.997895	 2.301490	 0.001000
 1.404163	 0.164206	 0.037374	 -0.356073	 4.995671	 2.301001	 0.001000
 1.403807	 0.169202	 0.039675	 -0.375672	 4.993379	 2.300479	 0.001000
 1.403432	 0.174195	 0.041976	 -0.395253	 4.991019	 2.299926	 0.001000
 1.403036	 0.179186	 0.044276	 -0.414816	 4.988591	 2.299340	 0.001000
 1.402621	 0.184175	 0.046575	 -0.434362	 4.986095	 2.298724	 0.001000
 1.402187	 0.189161	 0.048874	 -0.453889	 4.983531	 2.298075	 0.001000
 1.401733	 0.194144	 0.051172	 -0.473397	 4.980899	 2.297395	 0.001000
 1.401260	 0.199125	 0.053469	 -0.492886	 4.978199	 2.296684	 0.001000
 1.400767	 0.204103	 0.055766	 -0.512357	 4.975433	 2.295941	 0.001000
 1.400255	 0.209079	 0.058062	 -0.531807	 4.972599	 2.295166	 0.001000
 1.399723	 0.214051	 0.060357	 -0.551238	 4.969697	 2.294361	 0.001000
 1.399172	 0.219021	 0.062651	 -0.570648	 4.966729	 2.293524	 0.001000
 1.398601	 0.223988	 0.064945	 -0.590038	 4.963694	 2.292656	 0.001000
 1.398011	 0.228952	 0.067237	 -0.609407	 4.960592	 2.291756	 0.001000
 1.397401	 0.233912	 0.069529	 -0.628755	 4.957423	 2.290826	 0.001000
 1.396773	 0.238870	 0.071820	 -0.648081	 4.954188	 2.289864	 0.001000
 1.396125	 0.243824	 0.074110	 -0.667385	 4.950887	 2.288871	 0.001000
 1.395457	 0.248775	 0.076399	 -0.686668	 4.947519	 2.287848	 0.001000
 1.394771	 0.253722	 0.078687	 -0.705928	 4.944086	 2.286793	 0.001000
 1.394065	 0.258666	 0.080973	 -0.725165	 4.940586	 2.285708	 0.001000
 1.393339	 0.263607	 0.083259	 -0.744379	 4.937021	 2.284592	 0.001000
 1.392595	 0.268544	 0.085544	 -0.763570	 4.933390	 2.283445	 0.001000
 1.391832	 0.273477	 0.087827	 -0.782737	 4.929694	 2.282268	 0.001000
 1.391049	 0.278407	 0.090109	 -0.801881	 4.925933	 2.281060	 0.001000
 1.390247	 0.283333	 0.092390	 -0.821000	 4.922106	 2.279821	 0.001000
 1.389426	 0.288255	 0.094670	 -0.840094	 4.918215	 2.278553	 0.001000
 1.388586	 0.293173	 0.096949	 -0.859164	 4.914259	 2.277253	 0.001000
 1.387727	 0.298088	 0.099226	 -0.878208	 4.910238	 2.275924	 0.001000
 1.386848	 0.302998	 0.101502	 -0.897228	 4.906152	 2.274564	 0.001000
 1.385951	 0.307904	 0.103777	 -0.916221	 4.902003	 2.273174	 0.001000
 1.385035	 0.312806	 0.106050	 -0.935188	 4.897789	 2.271753	 0.001000
 1.384100	 0.317704	 0.108321	 -0.954130	 4.893511	 2.270303	 0.001000
 1.383146	 0.322597	 0.110592	 -0.973044	 4.889169	 2.268823	 0.001000
 1.382173	 0.327486	 0.112861	 -0.991932	 4.884764	 2.267313	 0.001000
 1.381181	 0.332371	 0.115128	 -1.010792	 4.880295	 2.265772	 0.001000
 1.380170	 0.337251	 0.117394	 -1.029626	 4.875763	 2.264203	 0.001000
 1.379140	 0.342127	 0.119658	 -1.048431	 4.871168	 2.262603	 0.001000
 1.378092	 0.346998	 0.121920	 -1.067208	 4.866510	 2.260974	 0.001000
 1.377025	 0.351865	 0.124181	 -1.085957	 4.861789	 2.259315	 0.001000
 1.375939	 0.356727	 0.126441	 -1.104678	 4.857005	 2.257627	 0.001000
 1.374834	 0.361584	 0.128698	 -1.123370	 4.852159	 2.255909	 0.001000
 1.373711	 0.366436	 0.130954	 -1.142032	 4.847251	 2.254162	 0.001000
 1.372569	 0.371283	 0.133208	 -1.160665	 4.842281	 2.252386	 0.001000
 1.371408	 0.376125	 0.135461	 -1.179269	 4.837248	 2.250581	 0.001000
 1.370229	 0.380963	 0.137711	 -1.197843	 4.832154	 2.248746	 0.001000
 1.369031	 0.385795	 0.139960	 -1.216386	 4.826999	 2.246882	 0.001000
 1.367814	 0.390622	 0.142207	 -1.234899	 4.821782	 2.244990	 0.001000
 1.366580	 0.395444	 0.144452	 -1.253381	 4.816504	 2.243068	 0.001000
 1.365326	 0.400260	 0.146695	 -1.271832	 4.811165	 2.241118	 0.001000
 1.364054	 0.405071	 0.148936	 -1.290252	 4.805765	 2.239139	 0.001000
 1.362764	 0.409877	 0.151175	 -1.308641	 4.800304	 2.237131	 0.001000
 1.361455	 0.414677	 0.153413	 -1.326997	 4.794783	 2.235095	 0.001000
 1.360128	 0.419472	 0.155648	 -1.345322	 4.789201	 2.233030	 0.001000
 1.358783	 0.424261	 0.157881	 -1.363614	 4.783560	 2.230936	 0.001000
 1.357419	 0.429045	 0.160112	 -1.381874	 4.777859	 2.228815	 0.001000
 1.356038	 0.433823	 0.162340	 -1.400100	 4.772098	 2.226665	 0.001000
 1.354638	 0.438595	 0.164567	 -1.418294	 4.766277	 2.224487	 0.001000
 1.353219	 0.443361	 0.166792	 -1.436455	 4.760397	 2.222281	 0.001000
 1.351783	 0.448121	 0.169014	 -1.454582	 4.754458	 2.220046	 0.001000
 1.350328	 0.452876	 0.171234	 -1.472675	 4.748460	 2.217784	 0.001000
 1.348856	 0.457624	 0.173452	 -1.490734	 4.742404	 2.215494	 0.001000
 1.347365	 0.462367	 0.175667	 -1.508758	 4.736289	 2.213176	 0.001000
 1.345856	 0.467103	 0.177880	 -1.526748	 4.730115	 2.210831	 0.001000
 1.344329	 0.471833	 0.180091	 -1.544704	 4.723883	 2.208458	 0.001000
 1.342785	 0.476557	 0.182300	 -1.562624	 4.717594	 2.206057	 0.001000
 1.341222	 0.481275	 0.184506	 -1.580509	 4.711246	 2.203629	 0.001000
 1.339641	 0.485986	 0.186709	 -1.598358	 4.704841	 2.201173	 0.001000
 1.338043	 0.490691	 0.188910	 -1.616172	 4.698379	 2.198691	 0.001000
 1.336427	 0.495389	 0.191109	 -1.633950	 4.691859	 2.196181	 0.001000
 1.334793	 0.500081	 0.193305	 -1.651691	 4.685283	 2.193644	 0.001000
 1.333141	 0.504766	 0.195499	 -1.669396	 4.678650	 2.191080	 0.001000
 1.331472	 0.509445	 0.197690	 -1.687064	 4.671960	 2.188489	 0.001000
 1.329785	 0.514117	 0.199879	 -1.704696	 4.665214	 2.185871	 0.001000
 1.328080	 0.518782	 0.202064	 -1.722290	 4.658412	 2.183226	 0.001000
 1.326358	 0.523441	 0.204248	 -1.739847	 4.651554	 2.180555	 0.001000
 1.324618	 0.528092	 0.206428	 -1.757366	 4.644640	 2.177857	 0.001000
 1.322861	 0.532737	 0.208606	 -1.774847	 4.637670	 2.175133	 0.001000
 1.321086	 0.537374	 0.210781	 -1.792290	 4.630646	 2.172382	 0.001000
 1.319293	 0.542005	 0.212954	 -1.809696	 4.623566	 2.169605	 0.001000
 1.317484	 0.546629	 0.215123	 -1.827062	 4.616431	 2.166802	 0.001000
 1.315657	 0.551245	 0.217290	 -1.844390	 4.609242	 2.163973	 0.001000
 1.313812	 0.555854	 0.219454	 -1.861679	 4.601998	 2.161117	 0.001000
 1.311951	 0.560456	 0.221615	 -1.878929	 4.594700	 2.158236	 0.001000
 1.310072	 0.565051	 0.223773	 -1.896139	 4.587348	 2.155329	 0.001000
 1.308176	 0.569638	 0.225929	 -1.913310	 4.579942	 2.152396	 0.001000
 1.306262	 0.574218	 0.228081	 -1.930441	 4.572482	 2.149437	 0.001000
 1.304332	 0.578791	 0.230230	 -1.947533	 4.564969	 2.146453	 0.001000
 1.302384	 0.583356	 0.232377	 -1.964584	 4.557402	 2.143443	 0.001000
 1.300420	 0.587913	 0.234520	 -1.981594	 4.549783	 2.140408	 0.001000
 1.298438	 0.592463	 0.236661	 -1.998564	 4.542111	 2.137348	 0.001000
 1.296440	 0.597005	 0.238798	 -2.015494	 4.534386	 2.134262	 0.001000
 1.294424	 0.601539	 0.240932	 -2.032382	 4.526609	 2.131151	 0.001000
 1.292392	 0.606066	 0.243064	 -2.049229	 4.518780	 2.128015	 0.001000
 1.290342	 0.610585	 0.245192	 -2.066035	 4.510899	 2.124855	 0.001000
 1.288276	 0.615096	 0.247316	 -2.082799	 4.502966	 2.121669	 0.001000
 1.286194	 0.619599	 0.249438	 -2.099522	 4.494982	 2.118459	 0.001000
 1.284094	 0.624094	 0.251557	 -2.116202	 4.486947	 2.115224	 0.001000
 1.281978	 0.628581	 0.253672	 -2.132840	 4.478860	 2.111965	 0.001000
 1.279845	 0.633059	 0.255784	 -2.149436	 4.470723	 2.108681	 0.001000
 1.277696	 0.637530	 0.257892	 -2.165990	 4.462535	 2.105372	 0.001000
 1.275530	 0.641993	 0.259998	 -2.182501	 4.454297	 2.102040	 0.001000
 1.273347	 0.646447	 0.262100	 -2.198968	 4.446008	 2.098683	 0.001000
 1.271148	 0.650893	 0.264198	 -2.215393	 4.437670	 2.095302	 0.001000
 1.268933	 0.655331	 0.266294	 -2.231775	 4.429281	 2.091897	 0.001000
 1.266701	 0.659760	 0.268386	 -2.248113	 4.420844	 2.088469	 0.001000
 1.264453	 0.664181	 0.270474	 -2.264407	 4.412357	 2.085016	 0.001000
 1.262188	 0.668593	 0.272559	 -2.280658	 4.403821	 2.081540	 0.001000
 1.259908	 0.672997	 0.274641	 -2.296865	 4.395236	 2.078041	 0.001000
 1.257611	 0.677392	 0.276719	 -2.313027	 4.386602	 2.074517	 0.001000
 1.255298	 0.681779	 0.278793	 -2.329146	 4.377921	 2.070971	 0.001000
 1.252969	 0.686157	 0.280864	 -2.345219	 4.369190	 2.067401	 0.001000
 1.250624	 0.690526	 0.282932	 -2.361249	 4.360413	 2.063808	 0.001000
 1.248262	 0.694886	 0.284995	 -2.377233	 4.351587	 2.060192	 0.001000
 1.245885	 0.699238	 0.287056	 -2.393172	 4.342714	 2.056552	 0.001000
 1.243492	 0.703581	 0.289112	 -2.409067	 4.333793	 2.052890	 0.001000
 1.241083	 0.707914	 0.291165	 -2.424916	 4.324826	 2.049205	 0.001000
 1.238658	 0.712239	 0.293214	 -2.440719	 4.315811	 2.045498	 0.001000
 1.236217	 0.716555	 0.295260	 -2.456477	 4.306751	 2.041768	 0.001000
 1.233761	 0.720862	 0.297302	 -2.472189	 4.297643	 2.038015	 0.001000
 1.231289	 0.725159	 0.299340	 -2.487855	 4.288490	 2.034240	 0.001000
 1.228801	 0.729448	 0.301374	 -2.503475	 4.279291	 2.030443	 0.001000
 1.226297	 0.733727	 0.303404	 -2.519049	 4.270046	 2.026623	 0.001000
 1.223778	 0.737997	 0.305431	 -2.534576	 4.260755	 2.022781	 0.001000
 1.221244	 0.742258	 0.307454	 -2.550057	 4.251419	 2.018917	 0.001000
 1.218694	 0.746509	 0.309473	 -2.565491	 4.242039	 2.015032	 0.001000
 1.216128	 0.750751	 0.311488	 -2.580879	 4.232613	 2.011124	 0.001000
 1.213547	 0.754984	 0.313499	 -2.596219	 4.223143	 2.007195	 0.001000
 1.210951	 0.759207	 0.315506	 -2.611512	 4.213629	 2.003245	 0.001000
 1.208339	 0.763421	 0.317509	 -2.626758	 4.204070	 1.999272	 0.001000
 1.205713	 0.767625	 0.319508	 -2.641956	 4.194468	 1.995279	 0.001000
 1.203071	 0.771819	 0.321504	 -2.657107	 4.184822	 1.991264	 0.001000
 1.200414	 0.776004	 0.323495	 -2.672211	 4.175133	 1.987228	 0.001000
 1.197741	 0.780179	 0.325482	 -2.687266	 4.165400	 1.983170	 0.001000
 1.195054	 0.784345	 0.327465	 -2.702273	 4.155625	 1.979092	 0.001000
 1.192352	 0.788500	 0.329444	 -2.717233	 4.145807	 1.974993	 0.001000
 1.189635	 0.792646	 0.331419	 -2.732144	 4.135946	 1.970873	 0.001000
 1.186902	 0.796782	 0.333390	 -2.747007	 4.126043	 1.966733	 0.001000
 1.184155	 0.800908	 0.335357	 -2.761821	 4.116098	 1.962571	 0.001000
 1.181394	 0.805024	 0.337320	 -2.776587	 4.106111	 1.958390	 0.001000
 1.178617	 0.809130	 0.339278	 -2.791303	 4.096083	 1.954188	 0.001000
 1.175826	 0.813226	 0.341232	 -2.805971	 4.086013	 1.949965	 0.001000
 1.173020	 0.817313	 0.343182	 -2.820590	 4.075902	 1.945723	 0.001000
 1.170199	 0.821388	 0.345128	 -2.835160	 4.065750	 1.941460	 0.001000
 1.167364	 0.825454	 0.347069	 -2.849681	 4.055558	 1.937178	 0.001000
 1.164514	 0.829510	 0.349007	 -2.864152	 4.045325	 1.932875	 0.001000
 1.161650	 0.833555	 0.350939	 -2.878574	 4.035052	 1.928553	 0.001000
 1.158772	 0.837590	 0.352868	 -2.892947	 4.024739	 1.924211	 0.001000
 1.155879	 0.841615	 0.354792	 -2.907269	 4.014387	 1.919849	 0.001000
 1.152971	 0.845629	 0.356712	 -2.921542	 4.003994	 1.915468	 0.001000
 1.150050	 0.849633	 0.358628	 -2.935765	 3.993563	 1.911068	 0.001000
 1.147114	 0.853627	 0.360539	 -2.949937	 3.983092	 1.906649	 0.001000
 1.144164	 0.857610	 0.362445	 -2.964060	 3.972583	 1.902210	 0.001000
 1.141200	 0.861582	 0.364347	 -2.978133	 3.962035	 1.897752	 0.001000
 1.138222	 0.865544	 0.366245	 -2.992155	 3.951449	 1.893275	 0.001000
 1.135230	 0.869496	 0.368138	 -3.006126	 3.940824	 1.888780	 0.001000
 1.132224	 0.873437	 0.370027	 -3.020047	 3.930162	 1.884265	 0.001000
 1.129204	 0.877367	 0.371912	 -3.033917	 3.919462	 1.879732	 0.001000
 1.126170	 0.881286	 0.373791	 -3.047737	 3.908724	 1.875181	 0.001000
 1.123122	 0.885195	 0.375666	 -3.061506	 3.897949	 1.870611	 0.001000
 1.120060	 0.889093	 0.377537	 -3.075223	 3.887138	 1.866022	 0.001000
 1.116985	 0.892980	 0.379403	 -3.088890	 3.876289	 1.861416	 0.001000
 1.113896	 0.896856	 0.381264	 -3.102506	 3.865404	 1.856791	 0.001000
 1.110794	 0.900722	 0.383121	 -3.116070	 3.854483	 1.852148	 0.001000
 1.107678	 0.904576	 0.384973	 -3.129583	 3.843526	 1.847487	 0.001000
 1.104548	 0.908420	 0.386821	 -3.143044	 3.832532	 1.842809	 0.001000
 1.101405	 0.912252	 0.388664	 -3.156454	 3.821504	 1.838113	 0.001000
 1.098249	 0.916074	 0.390502	 -3.169812	 3.810439	 1.833399	 0.001000
 1.095079	 0.919884	 0.392335	 -3.183119	 3.799340	 1.828667	 0.001000
 1.091896	 0.923684	 0.394164	 -3.196374	 3.788206	 1.823918	 0.001000
 1.088699	 0.927472	 0.395988	 -3.209577	 3.777037	 1.819152	 0.001000
 1.085490	 0.931249	 0.397807	 -3.222728	 3.765833	 1.814369	 0.001000
 1.082267	 0.935015	 0.399621	 -3.235827	 3.754596	 1.809568	 0.001000
 1.079031	 0.938769	 0.401431	 -3.248874	 3.743324	 1.804751	 0.001000
 1.075782	 0.942513	 0.403236	 -3.261869	 3.732018	 1.799917	 0.001000
 1.072521	 0.946245	 0.405036	 -3.274811	 3.720679	 1.795065	 0.001000
 1.069246	 0.949965	 0.406831	 -3.287701	 3.709307	 1.790197	 0.001000
 1.065958	 0.953675	 0.408621	 -3.300539	 3.697901	 1.785313	 0.001000
 1.062657	 0.957373	 0.410406	 -3.313324	 3.686463	 1.780412	 0.001000
 1.059344	 0.961059	 0.412187	 -3.326057	 3.674992	 1.775494	 0.001000
 1.056018	 0.964734	 0.413962	 -3.338736	 3.663488	 1.770561	 0.001000
 1.052679	 0.968398	 0.415733	 -3.351364	 3.651952	 1.765611	 0.001000
 1.049328	 0.972050	 0.417498	 -3.363938	 3.640385	 1.760645	 0.001000
 1.045964	 0.975690	 0.419259	 -3.376460	 3.628785	 1.755663	 0.001000
 1.042588	 0.979319	 0.421015	 -3.388929	 3.617154	 1.750665	 0.001000
 1.039199	 0.982936	 0.422765	 -3.401344	 3.605492	 1.745651	 0.001000
 1.035797	 0.986541	 0.424511	 -3.413707	 3.593798	 1.740622	 0.001000
 1.032384	 0.990135	 0.426251	 -3.426017	 3.582074	 1.735577	 0.001000
 1.028958	 0.993717	 0.427987	 -3.438273	 3.570319	 1.730516	 0.001000
 1.025519	 0.997288	 0.429718	 -3.450476	 3.558534	 1.725441	 0.001000
 1.022069	 1.000846	 0.431443	 -3.462626	 3.546719	 1.720349	 0.001000
 1.018606	 1.004393	 0.433163	 -3.474723	 3.534873	 1.715243	 0.001000
 1.015131	 1.007928	 0.434879	 -3.486766	 3.522998	 1.710122	 0.001000
 1.011645	 1.011451	 0.436589	 -3.498756	 3.511093	 1.704985	 0.001000
 1.008146	 1.014962	 0.438294	 -3.510692	 3.499159	 1.699834	 0.001000
 1.004635	 1.018461	 0.439994	 -3.522575	 3.487196	 1.694668	 0.001000
 1.001113	 1.021948	 0.441688	 -3.534404	 3.475204	 1.689487	 0.001000
 0.997578	 1.025423	 0.443378	 -3.546180	 3.463184	 1.684292	 0.001000
 0.994032	 1.028886	 0.445062	 -3.557901	 3.451135	 1.679082	 0.001000
 0.990474	 1.032338	 0.446741	 -3.569569	 3.439058	 1.673858	 0.001000
 0.986905	 1.035777	 0.448415	 -3.581184	 3.426952	 1.668620	 0.001000
 0.983323	 1.039204	 0.450084	 -3.592744	 3.414820	 1.663367	 0.001000
 0.979731	 1.042618	 0.451747	 -3.604250	 3.402659	 1.658100	 0.001000
 0.976126	 1.046021	 0.453405	 -3.615703	 3.390472	 1.652820	 0.001000
 0.972511	 1.049412	 0.455058	 -3.627102	 3.378257	 1.647525	 0.001000
 0.968884	 1.052790	 0.456705	 -3.638446	 3.366015	 1.642217	 0.001000
 0.965245	 1.056156	 0.458348	 -3.649737	 3.353747	 1.636895	 0.001000
 0.961595	 1.059510	 0.459984	 -3.660973	 3.341452	 1.631559	 0.001000
 0.957935	 1.062851	 0.461616	 -3.672156	 3.329131	 1.626210	 0.001000
 0.954262	 1.066180	 0.463242	 -3.683284	 3.316784	 1.620847	 0.001000
 0.950579	 1.069497	 0.464863	 -3.694358	 3.304411	 1.615471	 0.001000
 0.946885	 1.072801	 0.466479	 -3.705377	 3.292013	 1.610082	 0.001000
 0.943179	 1.076093	 0.468089	 -3.716343	 3.279589	 1.604680	 0.001000
 0.939463	 1.079373	 0.469693	 -3.727254	 3.267141	 1.599265	 0.001000
 0.935736	 1.082640	 0.471293	 -3.738111	 3.254667	 1.593837	 0.001000
 0.931998	 1.085895	 0.472886	 -3.748913	 3.242169	 1.588397	 0.001000
 0.928249	 1.089137	 0.474475	 -3.759661	 3.229646	 1.582943	 0.001000
 0.924489	 1.092367	 0.476058	 -3.770355	 3.217098	 1.577477	 0.001000
 0.920719	 1.095584	 0.477635	 -3.780994	 3.204527	 1.571998	 0.001000
 0.916938	 1.098788	 0.479207	 -3.791579	 3.191932	 1.566507	 0.001000
 0.913146	 1.101980	 0.480774	 -3.802109	 3.179313	 1.561004	 0.001000
 0.909344	 1.105159	 0.482335	 -3.812585	 3.166671	 1.555489	 0.001000
 0.905531	 1.108326	 0.483890	 -3.823007	 3.154006	 1.549961	 0.001000
 0.901708	 1.111480	 0.485440	 -3.833373	 3.141318	 1.544421	 0.001000
 0.897875	 1.114621	 0.486985	 -3.843685	 3.128607	 1.538870	 0.001000
 0.894031	 1.117750	 0.488523	 -3.853943	 3.115873	 1.533306	 0.001000
 0.890177	 1.120866	 0.490057	 -3.864146	 3.103117	 1.527731	 0.001000
 0.886313	 1.123969	 0.491585	 -3.874294	 3.090339	 1.522144	 0.001000
 0.882439	 1.127059	 0.493107	 -3.884388	 3.077539	 1.516546	 0.001000
 0.878555	 1.130137	 0.494623	 -3.894427	 3.064717	 1.510936	 0.001000
 0.874660	 1.133202	 0.496134	 -3.904411	 3.051873	 1.505315	 0.001000
 0.870756	 1.136254	 0.497639	 -3.914341	 3.039009	 1.499683	 0.001000
 0.866841	 1.139293	 0.499139	 -3.924216	 3.026123	 1.494039	 0.001000
 0.862917	 1.142319	 0.500633	 -3.934036	 3.013216	 1.488384	 0.001000
 0.858983	 1.145332	 0.502122	 -3.943801	 3.000288	 1.482719	 0.001000
 0.855039	 1.148332	 0.503604	 -3.953512	 2.987341	 1.477042	 0.001000
 0.851086	 1.151320	 0.505081	 -3.963168	 2.974372	 1.471355	 0.001000
 0.847123	 1.154294	 0.506553	 -3.972769	 2.961384	 1.465657	 0.001000
 0.843150	 1.157255	 0.508018	 -3.982316	 2.948376	 1.459949	 0.001000
 0.839168	 1.160204	 0.509478	 -3.991808	 2.935348	 1.454230	 0.001000
 0.835176	 1.163139	 0.510933	 -4.001245	 2.922301	 1.448500	 0.001000
 0.831175	 1.166061	 0.512381	 -4.010627	 2.909234	 1.442761	 0.001000
 0.827164	 1.168971	 0.513824	 -4.019954	 2.896149	 1.437011	 0.001000
 0.823144	 1.171867	 0.515261	 -4.029227	 2.883044	 1.431250	 0.001000
 0.819115	 1.174750	 0.516692	 -4.038445	 2.869921	 1.425480	 0.001000
 0.815076	 1.177620	 0.518118	 -4.047608	 2.856779	 1.419700	 0.001000
 0.811029	 1.180476	 0.519537	 -4.056717	 2.843620	 1.413910	 0.001000
 0.806972	 1.183320	 0.520951	 -4.065770	 2.830442	 1.408111	 0.001000
 0.802906	 1.186150	 0.522359	 -4.074769	 2.817246	 1.402301	 0.001000
 0.798831	 1.188968	 0.523762	 -4.083713	 2.804033	 1.396482	 0.001000
 0.794748	 1.191772	 0.525158	 -4.092603	 2.790802	 1.390654	 0.001000
 0.790655	 1.194563	 0.526549	 -4.101437	 2.777554	 1.384816	 0.001000
 0.786554	 1.197340	 0.527934	 -4.110217	 2.764289	 1.378969	 0.001000
 0.782443	 1.200104	 0.529312	 -4.118942	 2.751007	 1.373113	 0.001000
 0.778324	 1.202855	 0.530686	 -4.127613	 2.737708	 1.367247	 0.001000
 0.774197	 1.205593	 0.532053	 -4.136229	 2.724393	 1.361373	 0.001000
 0.770061	 1.208318	 0.533414	 -4.144790	 2.711062	 1.355489	 0.001000
 0.765916	 1.211029	 0.534770	 -4.153296	 2.697714	 1.349597	 0.001000
 0.761763	 1.213726	 0.536119	 -4.161748	 2.684351	 1.343696	 0.001000
 0.757601	 1.216411	 0.537463	 -4.170145	 2.670972	 1.337786	 0.001000
 0.753431	 1.219082	 0.538801	 -4.178487	 2.657577	 1.331868	 0.001000
 0.749252	 1.221739	 0.540133	 -4.186775	 2.644168	 1.325941	 0.001000
 0.745065	 1.224383	 0.541459	 -4.195008	 2.630743	 1.320006	 0.001000
 0.740870	 1.227014	 0.542779	 -4.203186	 2.617303	 1.314063	 0.001000
 0.736667	 1.229631	 0.544093	 -4.211310	 2.603848	 1.308111	 0.001000
 0.732456	 1.232235	 0.545401	 -4.219379	 2.590379	 1.302151	 0.001000
 0.728237	 1.234826	 0.546703	 -4.227394	 2.576896	 1.296183	 0.001000
 0.724009	 1.237403	 0.547999	 -4.235354	 2.563399	 1.290208	 0.001000
 0.719774	 1.239966	 0.549289	 -4.243259	 2.549887	 1.284224	 0.001000
 0.715531	 1.242516	 0.550574	 -4.251111	 2.536362	 1.278232	 0.001000
 0.711279	 1.245052	 0.551852	 -4.258907	 2.522823	 1.272233	 0.001000
 0.707021	 1.247575	 0.553124	 -4.266649	 2.509271	 1.266226	 0.001000
 0.702754	 1.250084	 0.554390	 -4.274337	 2.495705	 1.260212	 0.001000
 0.698480	 1.252580	 0.555650	 -4.281970	 2.482127	 1.254190	 0.001000
 0.694198	 1.255062	 0.556905	 -4.289549	 2.468536	 1.248161	 0.001000
 0.689908	 1.257531	 0.558153	 -4.297074	 2.454932	 1.242125	 0.001000
 0.685611	 1.259986	 0.559395	 -4.304544	 2.441315	 1.236081	 0.001000
 0.681306	 1.262427	 0.560631	 -4.311960	 2.427687	 1.230030	 0.001000
 0.676994	 1.264855	 0.561861	 -4.319322	 2.414046	 1.223973	 0.001000
 0.672675	 1.267269	 0.563085	 -4.326629	 2.400394	 1.217908	 0.001000
 0.668348	 1.269669	 0.564303	 -4.333882	 2.386729	 1.211836	 0.001000
 0.664015	 1.272056	 0.565515	 -4.341081	 2.373053	 1.205758	 0.001000
 0.659674	 1.274429	 0.566720	 -4.348226	 2.359366	 1.199673	 0.001000
 0.655325	 1.276788	 0.567920	 -4.355316	 2.345668	 1.193582	 0.001000
 0.650970	 1.279134	 0.569114	 -4.362353	 2.331958	 1.187484	 0.001000
 0.646608	 1.281466	 0.570301	 -4.369335	 2.318238	 1.181379	 0.001000
 0.642238	 1.283784	 0.571483	 -4.376264	 2.304507	 1.175269	 0.001000
 0.637862	 1.286089	 0.572658	 -4.383138	 2.290766	 1.169152	 0.001000
 0.633479	 1.288379	 0.573827	 -4.389958	 2.277014	 1.163028	 0.001000
 0.629089	 1.290656	 0.574990	 -4.396725	 2.263253	 1.156899	 0.001000
 0.624692	 1.292920	 0.576147	 -4.403437	 2.249481	 1.150764	 0.001000
 0.620289	 1.295169	 0.577298	 -4.410096	 2.235700	 1.144623	 0.001000
 0.615879	 1.297405	 0.578442	 -4.416701	 2.221909	 1.138476	 0.001000
 0.611462	 1.299627	 0.579581	 -4.423252	 2.208108	 1.132323	 0.001000
 0.607039	 1.301835	 0.580713	 -4.429749	 2.194299	 1.126164	 0.001000
 0.602609	 1.304029	 0.581839	 -4.436193	 2.180480	 1.120000	 0.001000
 0.598173	 1.306210	 0.582959	 -4.442583	 2.166653	 1.113831	 0.001000
 0.593730	 1.308376	 0.584073	 -4.448919	 2.152817	 1.107656	 0.001000
 0.589281	 1.310529	 0.585181	 -4.455201	 2.138972	 1.101475	 0.001000
 0.584826	 1.312668	 0.586282	 -4.461430	 2.125119	 1.095289	 0.001000
 0.580365	 1.314793	 0.587378	 -4.467606	 2.111258	 1.089099	 0.001000
 0.575897	 1.316904	 0.588467	 -4.473728	 2.097388	 1.082903	 0.001000
 0.571423	 1.319002	 0.589550	 -4.479797	 2.083511	 1.076702	 0.001000
 0.566943	 1.321085	 0.590626	 -4.485812	 2.069627	 1.070496	 0.001000
 0.562458	 1.323155	 0.591697	 -4.491774	 2.055734	 1.064285	 0.001000
 0.557966	 1.325211	 0.592761	 -4.497682	 2.041835	 1.058069	 0.001000
 0.553468	 1.327252	 0.593819	 -4.503537	 2.027928	 1.051849	 0.001000
 0.548965	 1.329280	 0.594871	 -4.509340	 2.014014	 1.045623	 0.001000
 0.544455	 1.331294	 0.595917	 -4.515088	 2.000094	 1.039394	 0.001000
 0.539940	 1.333294	 0.596956	 -4.520784	 1.986167	 1.033160	 0.001000
 0.535419	 1.335281	 0.597989	 -4.526427	 1.972233	 1.026921	 0.001000
 0.530893	 1.337253	 0.599016	 -4.532016	 1.958293	 1.020678	 0.001000
 0.526361	 1.339211	 0.600037	 -4.537553	 1.944347	 1.014431	 0.001000
 0.521823	 1.341156	 0.601051	 -4.543037	 1.930395	 1.008180	 0.001000
 0.517280	 1.343086	 0.602059	 -4.548468	 1.916437	 1.001924	 0.001000
 0.512732	 1.345002	 0.603061	 -4.553846	 1.902473	 0.995665	 0.001000
 0.508178	 1.346905	 0.604057	 -4.559171	 1.888504	 0.989402	 0.001000
 0.503619	 1.348793	 0.605046	 -4.564444	 1.874529	 0.983134	 0.001000
 0.499055	 1.350668	 0.606029	 -4.569663	 1.860549	 0.976863	 0.001000
 0.494485	 1.352528	 0.607006	 -4.574831	 1.846565	 0.970588	 0.001000
 0.489910	 1.354375	 0.607977	 -4.579945	 1.832575	 0.964310	 0.001000
 0.485330	 1.356208	 0.608941	 -4.585007	 1.818581	 0.958028	 0.001000
 0.480745	 1.358026	 0.609899	 -4.590017	 1.804582	 0.951742	 0.001000
 0.476155	 1.359831	 0.610851	 -4.594974	 1.790579	 0.945453	 0.001000
 0.471560	 1.361621	 0.611796	 -4.599879	 1.776571	 0.939161	 0.001000
 0.466960	 1.363398	 0.612736	 -4.604731	 1.762559	 0.932866	 0.001000
 0.462355	 1.365160	 0.613668	 -4.609532	 1.748544	 0.926567	 0.001000
 0.457746	 1.366909	 0.614595	 -4.614280	 1.734525	 0.920265	 0.001000
 0.453132	 1.368643	 0.615515	 -4.618976	 1.720502	 0.913960	 0.001000
 0.448513	 1.370364	 0.616429	 -4.623620	 1.706475	 0.907652	 0.001000
 0.443889	 1.372070	 0.617337	 -4.628211	 1.692446	 0.901341	 0.001000
 0.439261	 1.373763	 0.618238	 -4.632751	 1.678413	 0.895027	 0.001000
 0.434628	 1.375441	 0.619133	 -4.637239	 1.664377	 0.888710	 0.001000
 0.429991	 1.377106	 0.620022	 -4.641675	 1.650339	 0.882391	 0.001000
 0.425349	 1.378756	 0.620904	 -4.646059	 1.636298	 0.876069	 0.001000
 0.420703	 1.380392	 0.621780	 -4.650392	 1.622254	 0.869745	 0.001000
 0.416053	 1.382015	 0.622650	 -4.654673	 1.608208	 0.863418	 0.001000
 0.411398	 1.383623	 0.623514	 -4.658902	 1.594159	 0.857089	 0.001000
 0.406739	 1.385217	 0.624371	 -4.663080	 1.580109	 0.850757	 0.001000
 0.402076	 1.386797	 0.625221	 -4.667206	 1.566056	 0.844423	 0.001000
 0.397409	 1.388363	 0.626066	 -4.671281	 1.552002	 0.838087	 0.001000
 0.392738	 1.389915	 0.626904	 -4.675304	 1.537946	 0.831749	 0.001000
 0.388062	 1.391453	 0.627736	 -4.679276	 1.523889	 0.825408	 0.001000
 0.383383	 1.392977	 0.628561	 -4.683197	 1.509830	 0.819066	 0.001000
 0.378700	 1.394487	 0.629380	 -4.687067	 1.495770	 0.812721	 0.001000
 0.374013	 1.395983	 0.630193	 -4.690885	 1.481709	 0.806375	 0.001000
 0.369322	 1.397464	 0.630999	 -4.694653	 1.467648	 0.800027	 0.001000
 0.364627	 1.398932	 0.631799	 -4.698369	 1.453585	 0.793678	 0.001000
 0.359929	 1.400386	 0.632593	 -4.702035	 1.439522	 0.787326	 0.001000
 0.355227	 1.401825	 0.633380	 -4.705649	 1.425458	 0.780973	 0.001000
 0.350521	 1.403250	 0.634161	 -4.709213	 1.411394	 0.774619	 0.001000
 0.345812	 1.404662	 0.634936	 -4.712726	 1.397330	 0.768263	 0.001000
 0.341099	 1.406059	 0.635704	 -4.716189	 1.383266	 0.761906	 0.001000
 0.336383	 1.407442	 0.636466	 -4.719601	 1.369202	 0.755547	 0.001000
 0.331663	 1.408812	 0.637222	 -4.722962	 1.355138	 0.749187	 0.001000
 0.326940	 1.410167	 0.637971	 -4.726273	 1.341074	 0.742826	 0.001000
 0.322214	 1.411508	 0.638714	 -4.729533	 1.327011	 0.736464	 0.001000
 0.317485	 1.412835	 0.639450	 -4.732743	 1.312949	 0.730100	 0.001000
 0.312752	 1.414148	 0.640180	 -4.735903	 1.298887	 0.723736	 0.001000
 0.308016	 1.415447	 0.640904	 -4.739013	 1.284827	 0.717371	 0.001000
 0.303277	 1.416732	 0.641621	 -4.742072	 1.270767	 0.711005	 0.001000
 0.298535	 1.418002	 0.642332	 -4.745082	 1.256709	 0.704638	 0.001000
 0.293790	 1.419259	 0.643037	 -4.748041	 1.242652	 0.698271	 0.001000
 0.289042	 1.420502	 0.643735	 -4.750951	 1.228596	 0.691902	 0.001000
 0.284291	 1.421730	 0.644427	 -4.753810	 1.214543	 0.685533	 0.001000
 0.279537	 1.422945	 0.645113	 -4.756620	 1.200490	 0.679164	 0.001000
 0.274780	 1.424145	 0.645792	 -4.759380	 1.186440	 0.672794	 0.001000
 0.270021	 1.425332	 0.646465	 -4.762091	 1.172392	 0.666424	 0.001000
 0.265259	 1.426504	 0.647131	 -4.764752	 1.158346	 0.660053	 0.001000
 0.260494	 1.427663	 0.647791	 -4.767363	 1.144302	 0.653682	 0.001000
 0.255727	 1.428807	 0.648445	 -4.769925	 1.130261	 0.647311	 0.001000
 0.250957	 1.429937	 0.649092	 -4.772438	 1.116222	 0.640940	 0.001000
 0.246184	 1.431053	 0.649733	 -4.774901	 1.102186	 0.634568	 0.001000
 0.241410	 1.432155	 0.650368	 -4.777315	 1.088152	 0.628197	 0.001000
 0.236632	 1.433244	 0.650996	 -4.779681	 1.074122	 0.621825	 0.001000
 0.231853	 1.434318	 0.651618	 -4.781996	 1.060095	 0.615454	 0.001000
 0.227071	 1.435378	 0.652233	 -4.784263	 1.046070	 0.609083	 0.001000
 0.222286	 1.436424	 0.652842	 -4.786481	 1.032050	 0.602712	 0.001000
 0.217500	 1.437456	 0.653445	 -4.788651	 1.018032	 0.596341	 0.001000
 0.212711	 1.438474	 0.654041	 -4.790771	 1.004018	 0.589970	 0.001000
 0.207920	 1.439478	 0.654631	 -4.792843	 0.990008	 0.583600	 0.001000
 0.203128	 1.440468	 0.655215	 -4.794866	 0.976002	 0.577231	 0.001000
 0.198333	 1.441444	 0.655792	 -4.796840	 0.962000	 0.570862	 0.001000
 0.193536	 1.442406	 0.656363	 -4.798766	 0.948002	 0.564493	 0.001000
 0.188737	 1.443354	 0.656927	 -4.800644	 0.934007	 0.558125	 0.001000
 0.183936	 1.444288	 0.657486	 -4.802473	 0.920018	 0.551758	 0.001000
 0.179134	 1.445208	 0.658037	 -4.804255	 0.906033	 0.545391	 0.001000
 0.174330	 1.446114	 0.658583	 -4.805987	 0.892052	 0.539026	 0.001000
 0.169524	 1.447006	 0.659122	 -4.807672	 0.878076	 0.532661	 0.001000
 0.164716	 1.447884	 0.659654	 -4.809309	 0.864105	 0.526297	 0.001000
 0.159907	 1.448748	 0.660181	 -4.810898	 0.850139	 0.519934	 0.001000
 0.155096	 1.449598	 0.660701	 -4.812439	 0.836177	 0.513572	 0.001000
 0.150283	 1.450435	 0.661214	 -4.813932	 0.822221	 0.507211	 0.001000
 0.145469	 1.451257	 0.661721	 -4.815377	 0.808271	 0.500851	 0.001000
 0.140654	 1.452065	 0.662222	 -4.816775	 0.794325	 0.494493	 0.001000
 0.135837	 1.452859	 0.662717	 -4.818126	 0.780386	 0.488135	 0.001000
 0.131019	 1.453640	 0.663205	 -4.819428	 0.766452	 0.481779	 0.001000
 0.126200	 1.454406	 0.663687	 -4.820684	 0.752523	 0.475425	 0.001000
 0.121379	 1.455159	 0.664162	 -4.821892	 0.738601	 0.469072	 0.001000
 0.116557	 1.455897	 0.664631	 -4.823053	 0.724685	 0.462720	 0.001000
 0.111734	 1.456622	 0.665094	 -4.824166	 0.710774	 0.456370	 0.001000
 0.106910	 1.457333	 0.665550	 -4.825233	 0.696870	 0.450021	 0.001000
 0.102085	 1.458030	 0.666000	 -4.826252	 0.682973	 0.443674	 0.001000
 0.097258	 1.458713	 0.666444	 -4.827225	 0.669081	 0.437329	 0.001000
