 0.053045	 -0.368655	 -0.219062	 8.029575	 116.466284	 1.798289	 0.000279
 0.055287	 -0.336133	 -0.218560	 8.022327	 116.516658	 1.828223	 0.000279
 0.057527	 -0.303597	 -0.218050	 8.013134	 116.572548	 1.864563	 0.000279
 0.059765	 -0.271045	 -0.217529	 8.001410	 116.634423	 1.909003	 0.000279
 0.061999	 -0.238476	 -0.216996	 7.986386	 116.702559	 1.963686	 0.000279
 0.064229	 -0.205888	 -0.216448	 7.967076	 116.776834	 2.031271	 0.000279
 0.066454	 -0.173279	 -0.215880	 7.942256	 116.856394	 2.114911	 0.000279
 0.068672	 -0.140648	 -0.215290	 7.910505	 116.939185	 2.218057	 0.000279
 0.070881	 -0.107994	 -0.214670	 7.870360	 117.021407	 2.343913	 0.000279
 0.073078	 -0.075317	 -0.214016	 7.820674	 117.097109	 2.494394	 0.000279
 0.075262	 -0.042619	 -0.213319	 7.761187	 117.158418	 2.668606	 0.000279
 0.077429	 -0.009904	 -0.212574	 7.693162	 117.196939	 2.861414	 0.000279
 0.079578	 0.022823	 -0.211775	 7.619659	 117.206340	 3.063209	 0.000279
 0.081705	 0.055551	 -0.210920	 7.545037	 117.184939	 3.261795	 0.000279
 0.083812	 0.088274	 -0.210009	 7.473751	 117.136472	 3.445817	 0.000279
 0.085899	 0.120983	 -0.209047	 7.409149	 117.068431	 3.607690	 0.000279
 0.087968	 0.153673	 -0.208039	 7.352939	 116.989263	 3.744485	 0.000279
 0.090021	 0.186341	 -0.206994	 7.305377	 116.906177	 3.856965	 0.000279
 0.092061	 0.218986	 -0.205917	 7.265803	 116.824259	 3.947962	 0.000279
 0.094090	 0.251608	 -0.204814	 7.233139	 116.746561	 4.021023	 0.000279
 0.096110	 0.284209	 -0.203692	 7.206230	 116.674602	 4.079599	 0.000279
 0.098122	 0.316789	 -0.202552	 7.184011	 116.608901	 4.126687	 0.000279
 0.100128	 0.349351	 -0.201400	 7.165579	 116.549390	 4.164738	 0.000279
 0.102129	 0.381896	 -0.200237	 7.150190	 116.495698	 4.195691	 0.000279
 0.104126	 0.414426	 -0.199065	 7.137251	 116.447317	 4.221058	 0.000279
 0.106119	 0.446943	 -0.197887	 7.126294	 116.403704	 4.242007	 0.000279
 0.108109	 0.479448	 -0.196702	 7.116945	 116.364330	 4.259440	 0.000279
 0.110096	 0.511941	 -0.195513	 7.108912	 116.328704	 4.274056	 0.000279
 0.112081	 0.544425	 -0.194319	 7.101962	 116.296388	 4.286398	 0.000279
 0.114064	 0.576899	 -0.193122	 7.095910	 116.266990	 4.296891	 0.000279
 0.116046	 0.609366	 -0.191923	 7.090607	 116.240172	 4.305869	 0.000279
 0.118026	 0.641825	 -0.190720	 7.085934	 116.215635	 4.313597	 0.000279
 0.120005	 0.674277	 -0.189516	 7.081794	 116.193121	 4.320287	 0.000279
 0.121982	 0.706722	 -0.188309	 7.078108	 116.172406	 4.326109	 0.000279
 0.123959	 0.739162	 -0.187101	 7.074809	 116.153295	 4.331201	 0.000279
 0.125934	 0.771597	 -0.185892	 7.071845	 116.135618	 4.335676	 0.000279
 0.127909	 0.804027	 -0.184681	 7.069169	 116.119227	 4.339625	 0.000279
 0.129883	 0.836452	 -0.183469	 7.066746	 116.103993	 4.343124	 0.000279
 0.131856	 0.868873	 -0.182257	 7.064542	 116.089801	 4.346237	 0.000279
 0.133829	 0.901290	 -0.181043	 7.062532	 116.076553	 4.349016	 0.000279
 0.135801	 0.933703	 -0.179828	 7.060691	 116.064160	 4.351505	 0.000279
 0.137773	 0.966113	 -0.178613	 7.059002	 116.052545	 4.353742	 0.000279
 0.139744	 0.998519	 -0.177398	 7.057447	 116.041638	 4.355759	 0.000279
 0.141715	 1.030923	 -0.176181	 7.056011	 116.031378	 4.357581	 0.000279
 0.143685	 1.063323	 -0.174964	 7.054682	 116.021711	 4.359233	 0.000279
 0.145655	 1.095721	 -0.173747	 7.053449	 116.012589	 4.360734	 0.000279
 0.147624	 1.128116	 -0.172530	 7.052303	 116.003966	 4.362102	 0.000279
 0.149594	 1.160509	 -0.171311	 7.051235	 115.995805	 4.363350	 0.000279
 0.151563	 1.192900	 -0.170093	 7.050238	 115.988069	 4.364492	 0.000279
 0.153531	 1.225289	 -0.168874	 7.049305	 115.980728	 4.365539	 0.000279
 0.155500	 1.257675	 -0.167655	 7.048431	 115.973751	 4.366500	 0.000279
 0.157468	 1.290060	 -0.166436	 7.047610	 115.967114	 4.367385	 0.000279
 0.159436	 1.322442	 -0.165216	 7.046839	 115.960791	 4.368201	 0.000279
 0.161404	 1.354823	 -0.163997	 7.046112	 115.954762	 4.368954	 0.000279
 0.163371	 1.387202	 -0.162777	 7.045426	 115.949007	 4.369650	 0.000279
 0.165339	 1.419580	 -0.161556	 7.044778	 115.943508	 4.370296	 0.000279
 0.167306	 1.451956	 -0.160336	 7.044166	 115.938248	 4.370894	 0.000279
 0.169273	 1.484331	 -0.159116	 7.043586	 115.933213	 4.371450	 0.000279
 0.171240	 1.516704	 -0.157895	 7.043035	 115.928388	 4.371968	 0.000279
 0.173206	 1.549076	 -0.156674	 7.042513	 115.923760	 4.372449	 0.000279
 0.175173	 1.581446	 -0.155453	 7.042016	 115.919318	 4.372899	 0.000279
 0.177139	 1.613815	 -0.154232	 7.041544	 115.915052	 4.373318	 0.000279
 0.179106	 1.646184	 -0.153011	 7.041093	 115.910950	 4.373710	 0.000279
 0.181072	 1.678551	 -0.151789	 7.040664	 115.907004	 4.374077	 0.000279
 0.183038	 1.710916	 -0.150568	 7.040254	 115.903205	 4.374420	 0.000279
 0.185004	 1.743281	 -0.149347	 7.039863	 115.899544	 4.374742	 0.000279
 0.186970	 1.775645	 -0.148125	 7.039488	 115.896016	 4.375045	 0.000279
 0.188935	 1.808008	 -0.146903	 7.039130	 115.892612	 4.375329	 0.000279
 0.190901	 1.840370	 -0.145681	 7.038786	 115.889326	 4.375596	 0.000279
 0.192866	 1.872731	 -0.144460	 7.038457	 115.886153	 4.375847	 0.000279
 0.194832	 1.905091	 -0.143238	 7.038141	 115.883086	 4.376083	 0.000279
 0.196797	 1.937450	 -0.142016	 7.037838	 115.880121	 4.376306	 0.000279
 0.198762	 1.969808	 -0.140794	 7.037547	 115.877252	 4.376517	 0.000279
 0.200728	 2.002166	 -0.139572	 7.037266	 115.874474	 4.376715	 0.000279
 0.202693	 2.034523	 -0.138349	 7.036997	 115.871785	 4.376903	 0.000279
 0.204658	 2.066879	 -0.137127	 7.036737	 115.869179	 4.377080	 0.000279
 0.206623	 2.099234	 -0.135905	 7.036487	 115.866652	 4.377248	 0.000279
 0.208588	 2.131589	 -0.134683	 7.036246	 115.864202	 4.377406	 0.000279
 0.210552	 2.163942	 -0.133460	 7.036013	 115.861824	 4.377556	 0.000279
 0.212517	 2.196296	 -0.132238	 7.035789	 115.859516	 4.377699	 0.000279
 0.214482	 2.228648	 -0.131016	 7.035572	 115.857274	 4.377834	 0.000279
 0.216446	 2.261000	 -0.129793	 7.035362	 115.855097	 4.377962	 0.000279
 0.218411	 2.293352	 -0.128571	 7.035159	 115.852980	 4.378083	 0.000279
 0.220375	 2.325702	 -0.127348	 7.034963	 115.850922	 4.378199	 0.000279
 0.222340	 2.358053	 -0.126125	 7.034774	 115.848920	 4.378308	 0.000279
 0.224304	 2.390402	 -0.124903	 7.034590	 115.846971	 4.378413	 0.000279
 0.226269	 2.422751	 -0.123680	 7.034412	 115.845075	 4.378512	 0.000279
 0.228233	 2.455100	 -0.122458	 7.034240	 115.843228	 4.378606	 0.000279
 0.230197	 2.487448	 -0.121235	 7.034072	 115.841430	 4.378696	 0.000279
 0.232161	 2.519796	 -0.120012	 7.033910	 115.839677	 4.378781	 0.000279
 0.234125	 2.552143	 -0.118789	 7.033753	 115.837968	 4.378862	 0.000279
 0.236090	 2.584489	 -0.117567	 7.033600	 115.836302	 4.378940	 0.000279
 0.238054	 2.616835	 -0.116344	 7.033452	 115.834677	 4.379014	 0.000279
 0.240018	 2.649181	 -0.115121	 7.033307	 115.833092	 4.379084	 0.000279
 0.241982	 2.681526	 -0.113898	 7.033167	 115.831545	 4.379152	 0.000279
 0.243946	 2.713871	 -0.112675	 7.033031	 115.830034	 4.379216	 0.000279
 0.245909	 2.746215	 -0.111453	 7.032898	 115.828559	 4.379277	 0.000279
 0.247873	 2.778559	 -0.110230	 7.032769	 115.827118	 4.379335	 0.000279
 0.249837	 2.810903	 -0.109007	 7.032644	 115.825710	 4.379391	 0.000279
 0.251801	 2.843246	 -0.107784	 7.032521	 115.824335	 4.379445	 0.000279
 0.253765	 2.875589	 -0.106561	 7.032402	 115.822990	 4.379496	 0.000279
 0.255728	 2.907931	 -0.105338	 7.032286	 115.821675	 4.379544	 0.000279
 0.257692	 2.940273	 -0.104115	 7.032173	 115.820389	 4.379591	 0.000279
 0.259656	 2.972615	 -0.102892	 7.032063	 115.819130	 4.379636	 0.000279
 0.261619	 3.004956	 -0.101669	 7.031955	 115.817899	 4.379678	 0.000279
 0.263583	 3.037297	 -0.100446	 7.031850	 115.816694	 4.379719	 0.000279
 0.265547	 3.069638	 -0.099223	 7.031748	 115.815514	 4.379758	 0.000279
 0.267510	 3.101978	 -0.098000	 7.031648	 115.814359	 4.379795	 0.000279
 0.269474	 3.134318	 -0.096777	 7.031550	 115.813228	 4.379831	 0.000279
 0.271437	 3.166658	 -0.095554	 7.031455	 115.812120	 4.379865	 0.000279
 0.273401	 3.198997	 -0.094331	 7.031362	 115.811034	 4.379898	 0.000279
 0.275364	 3.231337	 -0.093108	 7.031271	 115.809970	 4.379929	 0.000279
 0.277327	 3.263675	 -0.091885	 7.031182	 115.808927	 4.379959	 0.000279
 0.279291	 3.296014	 -0.090662	 7.031095	 115.807904	 4.379988	 0.000279
 0.281254	 3.328352	 -0.089439	 7.031010	 115.806901	 4.380016	 0.000279
 0.283218	 3.360690	 -0.088216	 7.030927	 115.805918	 4.380042	 0.000279
 0.285181	 3.393028	 -0.086993	 7.030846	 115.804953	 4.380068	 0.000279
 0.287144	 3.425365	 -0.085770	 7.030766	 115.804006	 4.380092	 0.000279
 0.289107	 3.457702	 -0.084547	 7.030689	 115.803077	 4.380115	 0.000279
 0.291071	 3.490039	 -0.083324	 7.030612	 115.802166	 4.380137	 0.000279
 0.293034	 3.522375	 -0.082100	 7.030538	 115.801271	 4.380159	 0.000279
 0.294997	 3.554712	 -0.080877	 7.030465	 115.800392	 4.380179	 0.000279
 0.296960	 3.587048	 -0.079654	 7.030393	 115.799529	 4.380199	 0.000279
 0.298924	 3.619384	 -0.078431	 7.030323	 115.798682	 4.380218	 0.000279
 0.300887	 3.651719	 -0.077208	 7.030254	 115.797849	 4.380236	 0.000279
 0.302850	 3.684055	 -0.075985	 7.030187	 115.797032	 4.380253	 0.000279
 0.304813	 3.716390	 -0.074762	 7.030121	 115.796228	 4.380270	 0.000279
 0.306776	 3.748725	 -0.073539	 7.030056	 115.795438	 4.380285	 0.000279
 0.308739	 3.781060	 -0.072315	 7.029992	 115.794662	 4.380301	 0.000279
 0.310702	 3.813394	 -0.071092	 7.029930	 115.793899	 4.380315	 0.000279
 0.312665	 3.845728	 -0.069869	 7.029869	 115.793149	 4.380329	 0.000279
 0.314628	 3.878062	 -0.068646	 7.029809	 115.792411	 4.380343	 0.000279
 0.316591	 3.910396	 -0.067423	 7.029750	 115.791686	 4.380355	 0.000279
 0.318554	 3.942730	 -0.066200	 7.029692	 115.790972	 4.380368	 0.000279
 0.320517	 3.975064	 -0.064976	 7.029636	 115.790270	 4.380380	 0.000279
 0.322480	 4.007397	 -0.063753	 7.029580	 115.789580	 4.380391	 0.000279
 0.324443	 4.039730	 -0.062530	 7.029525	 115.788900	 4.380402	 0.000279
 0.326406	 4.072063	 -0.061307	 7.029472	 115.788231	 4.380412	 0.000279
 0.328369	 4.104395	 -0.060084	 7.029419	 115.787573	 4.380422	 0.000279
 0.330332	 4.136728	 -0.058860	 7.029367	 115.786925	 4.380431	 0.000279
 0.332295	 4.169060	 -0.057637	 7.029316	 115.786287	 4.380441	 0.000279
 0.334258	 4.201392	 -0.056414	 7.029266	 115.785659	 4.380449	 0.000279
 0.336220	 4.233724	 -0.055191	 7.029217	 115.785041	 4.380458	 0.000279
 0.338183	 4.266056	 -0.053968	 7.029168	 115.784431	 4.380465	 0.000279
 0.340146	 4.298388	 -0.052744	 7.029121	 115.783832	 4.380473	 0.000279
 0.342109	 4.330719	 -0.051521	 7.029074	 115.783241	 4.380480	 0.000279
 0.344072	 4.363051	 -0.050298	 7.029028	 115.782658	 4.380487	 0.000279
 0.346034	 4.395382	 -0.049075	 7.028983	 115.782085	 4.380494	 0.000279
 0.347997	 4.427713	 -0.047852	 7.028938	 115.781519	 4.380500	 0.000279
 0.349960	 4.460044	 -0.046628	 7.028895	 115.780962	 4.380506	 0.000279
 0.351923	 4.492374	 -0.045405	 7.028851	 115.780413	 4.380512	 0.000279
 0.353885	 4.524705	 -0.044182	 7.028809	 115.779872	 4.380517	 0.000279
 0.355848	 4.557035	 -0.042959	 7.028767	 115.779339	 4.380523	 0.000279
 0.357811	 4.589365	 -0.041736	 7.028726	 115.778813	 4.380528	 0.000279
 0.359774	 4.621696	 -0.040512	 7.028686	 115.778294	 4.380532	 0.000279
 0.361736	 4.654025	 -0.039289	 7.028646	 115.777783	 4.380537	 0.000279
 0.363699	 4.686355	 -0.038066	 7.028607	 115.777278	 4.380541	 0.000279
 0.365662	 4.718685	 -0.036843	 7.028568	 115.776781	 4.380545	 0.000279
 0.367624	 4.751014	 -0.035619	 7.028530	 115.776290	 4.380549	 0.000279
 0.369587	 4.783344	 -0.034396	 7.028493	 115.775806	 4.380552	 0.000279
 0.371550	 4.815673	 -0.033173	 7.028456	 115.775329	 4.380556	 0.000279
 0.373512	 4.848002	 -0.031950	 7.028419	 115.774858	 4.380559	 0.000279
 0.375475	 4.880331	 -0.030727	 7.028384	 115.774393	 4.380562	 0.000279
 0.377437	 4.912660	 -0.029503	 7.028348	 115.773934	 4.380565	 0.000279
 0.379400	 4.944989	 -0.028280	 7.028314	 115.773482	 4.380568	 0.000279
 0.381363	 4.977317	 -0.027057	 7.028279	 115.773035	 4.380570	 0.000279
 0.383325	 5.009646	 -0.025834	 7.028246	 115.772594	 4.380573	 0.000279
 0.385288	 5.041974	 -0.024610	 7.028212	 115.772158	 4.380575	 0.000279
 0.387250	 5.074302	 -0.023387	 7.028179	 115.771728	 4.380577	 0.000279
 0.389213	 5.106630	 -0.022164	 7.028147	 115.771304	 4.380579	 0.000279
 0.391175	 5.138958	 -0.020941	 7.028115	 115.770885	 4.380581	 0.000279
 0.393138	 5.171286	 -0.019717	 7.028084	 115.770471	 4.380583	 0.000279
 0.395100	 5.203614	 -0.018494	 7.028052	 115.770062	 4.380584	 0.000279
 0.397063	 5.235942	 -0.017271	 7.028022	 115.769659	 4.380586	 0.000279
 0.399025	 5.268269	 -0.016048	 7.027992	 115.769260	 4.380587	 0.000279
 0.400988	 5.300596	 -0.014825	 7.027962	 115.768866	 4.380588	 0.000279
 0.402950	 5.332924	 -0.013601	 7.027932	 115.768477	 4.380589	 0.000279
 0.404913	 5.365251	 -0.012378	 7.027903	 115.768093	 4.380590	 0.000279
 0.406875	 5.397578	 -0.011155	 7.027875	 115.767713	 4.380591	 0.000279
 0.408838	 5.429905	 -0.009932	 7.027846	 115.767338	 4.380592	 0.000279
 0.410800	 5.462232	 -0.008708	 7.027818	 115.766967	 4.380592	 0.000279
 0.412763	 5.494559	 -0.007485	 7.027791	 115.766601	 4.380593	 0.000279
 0.414725	 5.526885	 -0.006262	 7.027764	 115.766239	 4.380594	 0.000279
 0.416688	 5.559212	 -0.005039	 7.027737	 115.765881	 4.380594	 0.000279
 0.418650	 5.591538	 -0.003815	 7.027710	 115.765527	 4.380594	 0.000279
 0.420612	 5.623865	 -0.002592	 7.027684	 115.765178	 4.380595	 0.000279
 0.422575	 5.656191	 -0.001369	 7.027658	 115.764832	 4.380595	 0.000279
 0.424537	 5.688517	 -0.000146	 7.027633	 115.764490	 4.380595	 0.000279
 0.426500	 5.720843	 0.001078	 7.027608	 115.764152	 4.380595	 0.000279
 0.428462	 5.753169	 0.002301	 7.027583	 115.763818	 4.380595	 0.000279
 0.430424	 5.785495	 0.003524	 7.027558	 115.763488	 4.380595	 0.000279
 0.432387	 5.817821	 0.004747	 7.027534	 115.763161	 4.380594	 0.000279
 0.434349	 5.850147	 0.005970	 7.027510	 115.762838	 4.380594	 0.000279
 0.436312	 5.882472	 0.007194	 7.027486	 115.762519	 4.380594	 0.000279
 0.438274	 5.914798	 0.008417	 7.027463	 115.762203	 4.380593	 0.000279
 0.440236	 5.947123	 0.009640	 7.027439	 115.761890	 4.380593	 0.000279
 0.442199	 5.979449	 0.010863	 7.027417	 115.761581	 4.380592	 0.000279
 0.444161	 6.011774	 0.012087	 7.027394	 115.761275	 4.380592	 0.000279
 0.446123	 6.044099	 0.013310	 7.027372	 115.760973	 4.380591	 0.000279
 0.448086	 6.076424	 0.014533	 7.027349	 115.760674	 4.380591	 0.000279
 0.450048	 6.108749	 0.015756	 7.027328	 115.760377	 4.380590	 0.000279
 0.452010	 6.141074	 0.016980	 7.027306	 115.760084	 4.380589	 0.000279
 0.453973	 6.173399	 0.018203	 7.027285	 115.759794	 4.380588	 0.000279
 0.455935	 6.205724	 0.019426	 7.027264	 115.759508	 4.380588	 0.000279
 0.457897	 6.238048	 0.020649	 7.027243	 115.759224	 4.380587	 0.000279
 0.459859	 6.270373	 0.021873	 7.027222	 115.758943	 4.380586	 0.000279
 0.461822	 6.302697	 0.023096	 7.027202	 115.758664	 4.380585	 0.000279
 0.463784	 6.335022	 0.024319	 7.027182	 115.758389	 4.380584	 0.000279
 0.465746	 6.367346	 0.025542	 7.027162	 115.758117	 4.380583	 0.000279
 0.467708	 6.399671	 0.026765	 7.027142	 115.757847	 4.380582	 0.000279
 0.469671	 6.431995	 0.027989	 7.027122	 115.757580	 4.380580	 0.000279
 0.471633	 6.464319	 0.029212	 7.027103	 115.757316	 4.380579	 0.000279
 0.473595	 6.496643	 0.030435	 7.027084	 115.757054	 4.380578	 0.000279
 0.475557	 6.528967	 0.031658	 7.027065	 115.756795	 4.380577	 0.000279
 0.477520	 6.561291	 0.032882	 7.027046	 115.756538	 4.380576	 0.000279
 0.479482	 6.593615	 0.034105	 7.027028	 115.756284	 4.380574	 0.000279
 0.481444	 6.625939	 0.035328	 7.027010	 115.756033	 4.380573	 0.000279
 0.483406	 6.658262	 0.036551	 7.026991	 115.755783	 4.380572	 0.000279
 0.485369	 6.690586	 0.037775	 7.026974	 115.755537	 4.380570	 0.000279
 0.487331	 6.722909	 0.038998	 7.026956	 115.755292	 4.380569	 0.000279
 0.489293	 6.755233	 0.040221	 7.026938	 115.755050	 4.380568	 0.000279
 0.491255	 6.787556	 0.041444	 7.026921	 115.754811	 4.380566	 0.000279
 0.493217	 6.819880	 0.042667	 7.026904	 115.754573	 4.380565	 0.000279
 0.495180	 6.852203	 0.043891	 7.026887	 115.754338	 4.380563	 0.000279
 0.497142	 6.884526	 0.045114	 7.026870	 115.754105	 4.380562	 0.000279
 0.499104	 6.916849	 0.046337	 7.026853	 115.753875	 4.380560	 0.000279
 0.501066	 6.949173	 0.047560	 7.026837	 115.753646	 4.380559	 0.000279
 0.503028	 6.981496	 0.048784	 7.026820	 115.753419	 4.380557	 0.000279
 0.504991	 7.013819	 0.050007	 7.026804	 115.753195	 4.380556	 0.000279
 0.506953	 7.046142	 0.051230	 7.026788	 115.752973	 4.380554	 0.000279
 0.508915	 7.078464	 0.052453	 7.026772	 115.752752	 4.380552	 0.000279
 0.510877	 7.110787	 0.053677	 7.026757	 115.752534	 4.380551	 0.000279
 0.512839	 7.143110	 0.054900	 7.026741	 115.752318	 4.380549	 0.000279
 0.514801	 7.175433	 0.056123	 7.026726	 115.752103	 4.380548	 0.000279
 0.516763	 7.207755	 0.057346	 7.026711	 115.751891	 4.380546	 0.000279
 0.518726	 7.240078	 0.058569	 7.026695	 115.751680	 4.380544	 0.000279
 0.520688	 7.272400	 0.059793	 7.026680	 115.751472	 4.380543	 0.000279
 0.522650	 7.304723	 0.061016	 7.026666	 115.751265	 4.380541	 0.000279
 0.524612	 7.337045	 0.062239	 7.026651	 115.751060	 4.380539	 0.000279
 0.526574	 7.369367	 0.063462	 7.026636	 115.750857	 4.380537	 0.000279
 0.528536	 7.401690	 0.064686	 7.026622	 115.750655	 4.380536	 0.000279
 0.530498	 7.434012	 0.065909	 7.026608	 115.750456	 4.380534	 0.000279
 0.532460	 7.466334	 0.067132	 7.026594	 115.750258	 4.380532	 0.000279
 0.534423	 7.498656	 0.068355	 7.026580	 115.750061	 4.380530	 0.000279
 0.536385	 7.530978	 0.069578	 7.026566	 115.749867	 4.380529	 0.000279
 0.538347	 7.563300	 0.070802	 7.026552	 115.749674	 4.380527	 0.000279
 0.540309	 7.595622	 0.072025	 7.026538	 115.749483	 4.380525	 0.000279
 0.542271	 7.627944	 0.073248	 7.026525	 115.749293	 4.380523	 0.000279
 0.544233	 7.660266	 0.074471	 7.026512	 115.749105	 4.380521	 0.000279
 0.546195	 7.692588	 0.075695	 7.026498	 115.748919	 4.380520	 0.000279
 0.548157	 7.724909	 0.076918	 7.026485	 115.748734	 4.380518	 0.000279
 0.550119	 7.757231	 0.078141	 7.026472	 115.748550	 4.380516	 0.000279
 0.552081	 7.789553	 0.079364	 7.026459	 115.748369	 4.380514	 0.000279
 0.554043	 7.821874	 0.080587	 7.026447	 115.748188	 4.380512	 0.000279
 0.556005	 7.854196	 0.081811	 7.026434	 115.748010	 4.380511	 0.000279
 0.557968	 7.886517	 0.083034	 7.026421	 115.747832	 4.380509	 0.000279
 0.559930	 7.918839	 0.084257	 7.026409	 115.747656	 4.380507	 0.000279
 0.561892	 7.951160	 0.085480	 7.026397	 115.747482	 4.380505	 0.000279
 0.563854	 7.983481	 0.086703	 7.026384	 115.747309	 4.380503	 0.000279
 0.565816	 8.015803	 0.087927	 7.026372	 115.747137	 4.380501	 0.000279
 0.567778	 8.048124	 0.089150	 7.026360	 115.746967	 4.380499	 0.000279
 0.569740	 8.080445	 0.090373	 7.026348	 115.746798	 4.380497	 0.000279
 0.571702	 8.112766	 0.091596	 7.026336	 115.746630	 4.380496	 0.000279
 0.573664	 8.145087	 0.092819	 7.026325	 115.746464	 4.380494	 0.000279
 0.575626	 8.177408	 0.094043	 7.026313	 115.746299	 4.380492	 0.000279
 0.577588	 8.209729	 0.095266	 7.026302	 115.746136	 4.380490	 0.000279
 0.579550	 8.242050	 0.096489	 7.026290	 115.745973	 4.380488	 0.000279
 0.581512	 8.274371	 0.097712	 7.026279	 115.745812	 4.380486	 0.000279
 0.583474	 8.306692	 0.098936	 7.026268	 115.745653	 4.380484	 0.000279
 0.585436	 8.339013	 0.100159	 7.026257	 115.745494	 4.380482	 0.000279
 0.587398	 8.371334	 0.101382	 7.026245	 115.745337	 4.380481	 0.000279
 0.589360	 8.403654	 0.102605	 7.026235	 115.745181	 4.380479	 0.000279
 0.591322	 8.435975	 0.103828	 7.026224	 115.745026	 4.380477	 0.000279
 0.593284	 8.468296	 0.105052	 7.026213	 115.744872	 4.380475	 0.000279
 0.595246	 8.500616	 0.106275	 7.026202	 115.744719	 4.380473	 0.000279
 0.597208	 8.532937	 0.107498	 7.026192	 115.744568	 4.380471	 0.000279
 0.599170	 8.565257	 0.108721	 7.026181	 115.744418	 4.380469	 0.000279
 0.601132	 8.597578	 0.109944	 7.026171	 115.744269	 4.380467	 0.000279
 0.603094	 8.629898	 0.111168	 7.026160	 115.744121	 4.380465	 0.000279
 0.605056	 8.662219	 0.112391	 7.026150	 115.743974	 4.380464	 0.000279
 0.607018	 8.694539	 0.113614	 7.026140	 115.743828	 4.380462	 0.000279
 0.608980	 8.726859	 0.114837	 7.026130	 115.743683	 4.380460	 0.000279
 0.610942	 8.759180	 0.116060	 7.026120	 115.743539	 4.380458	 0.000279
 0.612904	 8.791500	 0.117284	 7.026110	 115.743397	 4.380456	 0.000279
 0.614866	 8.823820	 0.118507	 7.026100	 115.743255	 4.380454	 0.000279
 0.616828	 8.856140	 0.119730	 7.026090	 115.743115	 4.380452	 0.000279
 0.618790	 8.888460	 0.120953	 7.026080	 115.742975	 4.380450	 0.000279
 0.620752	 8.920780	 0.122176	 7.026071	 115.742837	 4.380448	 0.000279
 0.622714	 8.953100	 0.123400	 7.026061	 115.742699	 4.380447	 0.000279
 0.624676	 8.985420	 0.124623	 7.026052	 115.742563	 4.380445	 0.000279
 0.626638	 9.017740	 0.125846	 7.026042	 115.742427	 4.380443	 0.000279
 0.628600	 9.050060	 0.127069	 7.026033	 115.742293	 4.380441	 0.000279
 0.630562	 9.082380	 0.128292	 7.026024	 115.742159	 4.380439	 0.000279
 0.632524	 9.114700	 0.129516	 7.026014	 115.742026	 4.380437	 0.000279
 0.634485	 9.147020	 0.130739	 7.026005	 115.741895	 4.380435	 0.000279
 0.636447	 9.179339	 0.131962	 7.025996	 115.741764	 4.380433	 0.000279
 0.638409	 9.211659	 0.133185	 7.025987	 115.741634	 4.380432	 0.000279
 0.640371	 9.243979	 0.134408	 7.025978	 115.741505	 4.380430	 0.000279
 0.642333	 9.276299	 0.135631	 7.025969	 115.741377	 4.380428	 0.000279
 0.644295	 9.308618	 0.136855	 7.025961	 115.741250	 4.380426	 0.000279
 0.646257	 9.340938	 0.138078	 7.025952	 115.741124	 4.380424	 0.000279
 0.648219	 9.373257	 0.139301	 7.025943	 115.740998	 4.380422	 0.000279
 0.650181	 9.405577	 0.140524	 7.025935	 115.740874	 4.380420	 0.000279
 0.652143	 9.437896	 0.141747	 7.025926	 115.740750	 4.380419	 0.000279
 0.654105	 9.470216	 0.142971	 7.025918	 115.740627	 4.380417	 0.000279
 0.656067	 9.502535	 0.144194	 7.025909	 115.740505	 4.380415	 0.000279
 0.658029	 9.534854	 0.145417	 7.025901	 115.740384	 4.380413	 0.000279
 0.659991	 9.567174	 0.146640	 7.025892	 115.740264	 4.380411	 0.000279
 0.661952	 9.599493	 0.147863	 7.025884	 115.740144	 4.380409	 0.000279
 0.663914	 9.631812	 0.149087	 7.025876	 115.740025	 4.380408	 0.000279
 0.665876	 9.664132	 0.150310	 7.025868	 115.739907	 4.380406	 0.000279
 0.667838	 9.696451	 0.151533	 7.025860	 115.739790	 4.380404	 0.000279
 0.669800	 9.728770	 0.152756	 7.025852	 115.739674	 4.380402	 0.000279
 0.671762	 9.761089	 0.153979	 7.025844	 115.739558	 4.380400	 0.000279
 0.673724	 9.793408	 0.155202	 7.025836	 115.739444	 4.380398	 0.000279
 0.675686	 9.825727	 0.156426	 7.025828	 115.739329	 4.380397	 0.000279
 0.677648	 9.858046	 0.157649	 7.025820	 115.739216	 4.380395	 0.000279
 0.679610	 9.890365	 0.158872	 7.025813	 115.739103	 4.380393	 0.000279
 0.681571	 9.922684	 0.160095	 7.025805	 115.738992	 4.380391	 0.000279
 0.683533	 9.955003	 0.161318	 7.025797	 115.738880	 4.380389	 0.000279
 0.685495	 9.987322	 0.162542	 7.025790	 115.738770	 4.380388	 0.000279
 0.687457	 10.019641	 0.163765	 7.025782	 115.738660	 4.380386	 0.000279
 0.689419	 10.051960	 0.164988	 7.025775	 115.738551	 4.380384	 0.000279
 0.691381	 10.084279	 0.166211	 7.025767	 115.738443	 4.380382	 0.000279
 0.693343	 10.116598	 0.167434	 7.025760	 115.738335	 4.380381	 0.000279
 0.695305	 10.148916	 0.168657	 7.025753	 115.738229	 4.380379	 0.000279
 0.697266	 10.181235	 0.169881	 7.025745	 115.738122	 4.380377	 0.000279
 0.699228	 10.213554	 0.171104	 7.025738	 115.738017	 4.380375	 0.000279
 0.701190	 10.245873	 0.172327	 7.025731	 115.737912	 4.380373	 0.000279
 0.703152	 10.278191	 0.173550	 7.025724	 115.737808	 4.380372	 0.000279
 0.705114	 10.310510	 0.174773	 7.025717	 115.737704	 4.380370	 0.000279
 0.707076	 10.342828	 0.175997	 7.025710	 115.737601	 4.380368	 0.000279
 0.709038	 10.375147	 0.177220	 7.025703	 115.737499	 4.380366	 0.000279
 0.710999	 10.407466	 0.178443	 7.025696	 115.737397	 4.380365	 0.000279
 0.712961	 10.439784	 0.179666	 7.025689	 115.737296	 4.380363	 0.000279
 0.714923	 10.472103	 0.180889	 7.025682	 115.737196	 4.380361	 0.000279
 0.716885	 10.504421	 0.182112	 7.025675	 115.737096	 4.380360	 0.000279
 0.718847	 10.536739	 0.183336	 7.025668	 115.736997	 4.380358	 0.000279
 0.720809	 10.569058	 0.184559	 7.025662	 115.736898	 4.380356	 0.000279
 0.722771	 10.601376	 0.185782	 7.025655	 115.736800	 4.380354	 0.000279
 0.724732	 10.633695	 0.187005	 7.025648	 115.736703	 4.380353	 0.000279
 0.726694	 10.666013	 0.188228	 7.025642	 115.736606	 4.380351	 0.000279
 0.728656	 10.698331	 0.189451	 7.025635	 115.736510	 4.380349	 0.000279
 0.730618	 10.730649	 0.190675	 7.025629	 115.736414	 4.380348	 0.000279
 0.732580	 10.762968	 0.191898	 7.025622	 115.736319	 4.380346	 0.000279
 0.734542	 10.795286	 0.193121	 7.025616	 115.736225	 4.380344	 0.000279
 0.736503	 10.827604	 0.194344	 7.025609	 115.736131	 4.380343	 0.000279
 0.738465	 10.859922	 0.195567	 7.025603	 115.736038	 4.380341	 0.000279
 0.740427	 10.892240	 0.196790	 7.025597	 115.735945	 4.380339	 0.000279
 0.742389	 10.924558	 0.198014	 7.025590	 115.735853	 4.380338	 0.000279
 0.744351	 10.956877	 0.199237	 7.025584	 115.735761	 4.380336	 0.000279
 0.746313	 10.989195	 0.200460	 7.025578	 115.735670	 4.380334	 0.000279
 0.748274	 11.021513	 0.201683	 7.025572	 115.735579	 4.380333	 0.000279
 0.750236	 11.053831	 0.202906	 7.025566	 115.735489	 4.380331	 0.000279
 0.752198	 11.086149	 0.204129	 7.025560	 115.735400	 4.380329	 0.000279
 0.754160	 11.118467	 0.205353	 7.025554	 115.735311	 4.380328	 0.000279
 0.756122	 11.150784	 0.206576	 7.025548	 115.735222	 4.380326	 0.000279
 0.758083	 11.183102	 0.207799	 7.025542	 115.735134	 4.380324	 0.000279
 0.760045	 11.215420	 0.209022	 7.025536	 115.735046	 4.380323	 0.000279
 0.762007	 11.247738	 0.210245	 7.025530	 115.734959	 4.380321	 0.000279
 0.763969	 11.280056	 0.211468	 7.025524	 115.734873	 4.380319	 0.000279
 0.765931	 11.312374	 0.212692	 7.025518	 115.734787	 4.380318	 0.000279
 0.767893	 11.344692	 0.213915	 7.025512	 115.734701	 4.380316	 0.000279
 0.769854	 11.377009	 0.215138	 7.025507	 115.734616	 4.380315	 0.000279
 0.771816	 11.409327	 0.216361	 7.025501	 115.734532	 4.380313	 0.000279
 0.773778	 11.441645	 0.217584	 7.025495	 115.734448	 4.380311	 0.000279
 0.775740	 11.473962	 0.218807	 7.025489	 115.734364	 4.380310	 0.000279
 0.777702	 11.506280	 0.220030	 7.025484	 115.734281	 4.380308	 0.000279
 0.779663	 11.538598	 0.221254	 7.025478	 115.734198	 4.380307	 0.000279
 0.781625	 11.570915	 0.222477	 7.025473	 115.734116	 4.380305	 0.000279
 0.783587	 11.603233	 0.223700	 7.025467	 115.734035	 4.380304	 0.000279
 0.785549	 11.635550	 0.224923	 7.025462	 115.733953	 4.380302	 0.000279
 0.787510	 11.667868	 0.226146	 7.025456	 115.733872	 4.380300	 0.000279
 0.789472	 11.700186	 0.227369	 7.025451	 115.733792	 4.380299	 0.000279
 0.791434	 11.732503	 0.228593	 7.025445	 115.733712	 4.380297	 0.000279
 0.793396	 11.764821	 0.229816	 7.025440	 115.733633	 4.380296	 0.000279
 0.795358	 11.797138	 0.231039	 7.025435	 115.733554	 4.380294	 0.000279
 0.797319	 11.829455	 0.232262	 7.025429	 115.733475	 4.380293	 0.000279
 0.799281	 11.861773	 0.233485	 7.025424	 115.733397	 4.380291	 0.000279
 0.801243	 11.894090	 0.234708	 7.025419	 115.733319	 4.380290	 0.000279
 0.803205	 11.926408	 0.235931	 7.025414	 115.733242	 4.380288	 0.000279
 0.805167	 11.958725	 0.237155	 7.025409	 115.733165	 4.380287	 0.000279
 0.807128	 11.991042	 0.238378	 7.025403	 115.733088	 4.380285	 0.000279
 0.809090	 12.023360	 0.239601	 7.025398	 115.733012	 4.380284	 0.000279
 0.811052	 12.055677	 0.240824	 7.025393	 115.732936	 4.380282	 0.000279
 0.813014	 12.087994	 0.242047	 7.025388	 115.732861	 4.380281	 0.000279
 0.814975	 12.120311	 0.243270	 7.025383	 115.732786	 4.380279	 0.000279
 0.816937	 12.152629	 0.244494	 7.025378	 115.732712	 4.380278	 0.000279
 0.818899	 12.184946	 0.245717	 7.025373	 115.732638	 4.380276	 0.000279
 0.820861	 12.217263	 0.246940	 7.025368	 115.732564	 4.380275	 0.000279
 0.822822	 12.249580	 0.248163	 7.025363	 115.732491	 4.380273	 0.000279
 0.824784	 12.281897	 0.249386	 7.025358	 115.732418	 4.380272	 0.000279
 0.826746	 12.314214	 0.250609	 7.025353	 115.732345	 4.380270	 0.000279
 0.828708	 12.346532	 0.251832	 7.025349	 115.732273	 4.380269	 0.000279
 0.830669	 12.378849	 0.253056	 7.025344	 115.732201	 4.380267	 0.000279
 0.832631	 12.411166	 0.254279	 7.025339	 115.732130	 4.380266	 0.000279
 0.834593	 12.443483	 0.255502	 7.025334	 115.732059	 4.380264	 0.000279
 0.836555	 12.475800	 0.256725	 7.025329	 115.731988	 4.380263	 0.000279
 0.838517	 12.508117	 0.257948	 7.025325	 115.731918	 4.380261	 0.000279
 0.840478	 12.540434	 0.259171	 7.025320	 115.731848	 4.380260	 0.000279
 0.842440	 12.572751	 0.260394	 7.025315	 115.731778	 4.380259	 0.000279
 0.844402	 12.605068	 0.261618	 7.025311	 115.731709	 4.380257	 0.000279
 0.846364	 12.637385	 0.262841	 7.025306	 115.731640	 4.380256	 0.000279
 0.848325	 12.669701	 0.264064	 7.025302	 115.731572	 4.380254	 0.000279
 0.850287	 12.702018	 0.265287	 7.025297	 115.731503	 4.380253	 0.000279
 0.852249	 12.734335	 0.266510	 7.025292	 115.731436	 4.380251	 0.000279
 0.854210	 12.766652	 0.267733	 7.025288	 115.731368	 4.380250	 0.000279
 0.856172	 12.798969	 0.268956	 7.025283	 115.731301	 4.380249	 0.000279
 0.858134	 12.831286	 0.270180	 7.025279	 115.731234	 4.380247	 0.000279
 0.860096	 12.863602	 0.271403	 7.025275	 115.731168	 4.380246	 0.000279
 0.862057	 12.895919	 0.272626	 7.025270	 115.731102	 4.380244	 0.000279
 0.864019	 12.928236	 0.273849	 7.025266	 115.731036	 4.380243	 0.000279
 0.865981	 12.960553	 0.275072	 7.025261	 115.730970	 4.380242	 0.000279
 0.867943	 12.992869	 0.276295	 7.025257	 115.730905	 4.380240	 0.000279
 0.869904	 13.025186	 0.277518	 7.025253	 115.730840	 4.380239	 0.000279
 0.871866	 13.057503	 0.278742	 7.025248	 115.730776	 4.380237	 0.000279
 0.873828	 13.089819	 0.279965	 7.025244	 115.730712	 4.380236	 0.000279
 0.875790	 13.122136	 0.281188	 7.025240	 115.730648	 4.380235	 0.000279
 0.877751	 13.154453	 0.282411	 7.025236	 115.730584	 4.380233	 0.000279
 0.879713	 13.186769	 0.283634	 7.025231	 115.730521	 4.380232	 0.000279
 0.881675	 13.219086	 0.284857	 7.025227	 115.730458	 4.380231	 0.000279
 0.883636	 13.251402	 0.286080	 7.025223	 115.730395	 4.380229	 0.000279
 0.885598	 13.283719	 0.287303	 7.025219	 115.730333	 4.380228	 0.000279
 0.887560	 13.316036	 0.288527	 7.025215	 115.730271	 4.380227	 0.000279
 0.889522	 13.348352	 0.289750	 7.025211	 115.730209	 4.380225	 0.000279
 0.891483	 13.380669	 0.290973	 7.025206	 115.730148	 4.380224	 0.000279
 0.893445	 13.412985	 0.292196	 7.025202	 115.730087	 4.380223	 0.000279
 0.895407	 13.445302	 0.293419	 7.025198	 115.730026	 4.380221	 0.000279
 0.897369	 13.477618	 0.294642	 7.025194	 115.729965	 4.380220	 0.000279
 0.899330	 13.509934	 0.295865	 7.025190	 115.729905	 4.380219	 0.000279
 0.901292	 13.542251	 0.297089	 7.025186	 115.729845	 4.380217	 0.000279
 0.903254	 13.574567	 0.298312	 7.025182	 115.729786	 4.380216	 0.000279
 0.905215	 13.606884	 0.299535	 7.025178	 115.729726	 4.380215	 0.000279
 0.907177	 13.639200	 0.300758	 7.025174	 115.729667	 4.380213	 0.000279
 0.909139	 13.671516	 0.301981	 7.025171	 115.729608	 4.380212	 0.000279
 0.911101	 13.703833	 0.303204	 7.025167	 115.729550	 4.380211	 0.000279
 0.913062	 13.736149	 0.304427	 7.025163	 115.729491	 4.380210	 0.000279
 0.915024	 13.768465	 0.305650	 7.025159	 115.729433	 4.380208	 0.000279
 0.916986	 13.800782	 0.306874	 7.025155	 115.729376	 4.380207	 0.000279
 0.918947	 13.833098	 0.308097	 7.025151	 115.729318	 4.380206	 0.000279
 0.920909	 13.865414	 0.309320	 7.025147	 115.729261	 4.380204	 0.000279
 0.922871	 13.897730	 0.310543	 7.025144	 115.729204	 4.380203	 0.000279
 0.924832	 13.930047	 0.311766	 7.025140	 115.729147	 4.380202	 0.000279
 0.926794	 13.962363	 0.312989	 7.025136	 115.729091	 4.380201	 0.000279
 0.928756	 13.994679	 0.314212	 7.025132	 115.729035	 4.380199	 0.000279
 0.930718	 14.026995	 0.315436	 7.025129	 115.728979	 4.380198	 0.000279
 0.932679	 14.059311	 0.316659	 7.025125	 115.728923	 4.380197	 0.000279
 0.934641	 14.091627	 0.317882	 7.025121	 115.728868	 4.380196	 0.000279
 0.936603	 14.123944	 0.319105	 7.025118	 115.728813	 4.380194	 0.000279
 0.938564	 14.156260	 0.320328	 7.025114	 115.728758	 4.380193	 0.000279
 0.940526	 14.188576	 0.321551	 7.025110	 115.728704	 4.380192	 0.000279
 0.942488	 14.220892	 0.322774	 7.025107	 115.728649	 4.380191	 0.000279
 0.944449	 14.253208	 0.323997	 7.025103	 115.728595	 4.380189	 0.000279
 0.946411	 14.285524	 0.325221	 7.025100	 115.728541	 4.380188	 0.000279
 0.948373	 14.317840	 0.326444	 7.025096	 115.728488	 4.380187	 0.000279
 0.950334	 14.350156	 0.327667	 7.025093	 115.728434	 4.380186	 0.000279
 0.952296	 14.382472	 0.328890	 7.025089	 115.728381	 4.380185	 0.000279
 0.954258	 14.414788	 0.330113	 7.025086	 115.728328	 4.380183	 0.000279
 0.956220	 14.447104	 0.331336	 7.025082	 115.728275	 4.380182	 0.000279
 0.958181	 14.479420	 0.332559	 7.025079	 115.728223	 4.380181	 0.000279
 0.960143	 14.511736	 0.333782	 7.025075	 115.728171	 4.380180	 0.000279
 0.962105	 14.544052	 0.335005	 7.025072	 115.728119	 4.380179	 0.000279
 0.964066	 14.576368	 0.336229	 7.025068	 115.728067	 4.380177	 0.000279
 0.966028	 14.608684	 0.337452	 7.025065	 115.728016	 4.380176	 0.000279
 0.967990	 14.641000	 0.338675	 7.025062	 115.727964	 4.380175	 0.000279
 0.969951	 14.673315	 0.339898	 7.025058	 115.727913	 4.380174	 0.000279
 0.971913	 14.705631	 0.341121	 7.025055	 115.727862	 4.380173	 0.000279
 0.973875	 14.737947	 0.342344	 7.025051	 115.727812	 4.380171	 0.000279
 0.975836	 14.770263	 0.343567	 7.025048	 115.727761	 4.380170	 0.000279
 0.977798	 14.802579	 0.344790	 7.025045	 115.727711	 4.380169	 0.000279
 0.979760	 14.834895	 0.346014	 7.025041	 115.727661	 4.380168	 0.000279
 0.981721	 14.867210	 0.347237	 7.025038	 115.727612	 4.380167	 0.000279
 0.983683	 14.899526	 0.348460	 7.025035	 115.727562	 4.380166	 0.000279
 0.985645	 14.931842	 0.349683	 7.025032	 115.727513	 4.380164	 0.000279
 0.987606	 14.964158	 0.350906	 7.025028	 115.727464	 4.380163	 0.000279
 0.989568	 14.996473	 0.352129	 7.025025	 115.727415	 4.380162	 0.000279
 0.991530	 15.028789	 0.353352	 7.025022	 115.727366	 4.380161	 0.000279
 0.993491	 15.061105	 0.354575	 7.025019	 115.727318	 4.380160	 0.000279
 0.995453	 15.093421	 0.355799	 7.025016	 115.727270	 4.380159	 0.000279
 0.997415	 15.125736	 0.357022	 7.025012	 115.727222	 4.380158	 0.000279
 0.999376	 15.158052	 0.358245	 7.025009	 115.727174	 4.380157	 0.000279
 1.001338	 15.190368	 0.359468	 7.025006	 115.727126	 4.380155	 0.000279
 1.003300	 15.222683	 0.360691	 7.025003	 115.727079	 4.380154	 0.000279
 1.005261	 15.254999	 0.361914	 7.025000	 115.727031	 4.380153	 0.000279
 1.007223	 15.287314	 0.363137	 7.024997	 115.726984	 4.380152	 0.000279
 1.009185	 15.319630	 0.364360	 7.024994	 115.726938	 4.380151	 0.000279
 1.011146	 15.351946	 0.365583	 7.024991	 115.726891	 4.380150	 0.000279
 1.013108	 15.384261	 0.366807	 7.024988	 115.726844	 4.380149	 0.000279
 1.015070	 15.416577	 0.368030	 7.024985	 115.726798	 4.380148	 0.000279
 1.017031	 15.448892	 0.369253	 7.024982	 115.726752	 4.380146	 0.000279
 1.018993	 15.481208	 0.370476	 7.024979	 115.726706	 4.380145	 0.000279
 1.020955	 15.513523	 0.371699	 7.024976	 115.726661	 4.380144	 0.000279
 1.022916	 15.545839	 0.372922	 7.024973	 115.726615	 4.380143	 0.000279
 1.024878	 15.578154	 0.374145	 7.024970	 115.726570	 4.380142	 0.000279
 1.026840	 15.610470	 0.375368	 7.024967	 115.726525	 4.380141	 0.000279
 1.028801	 15.642785	 0.376591	 7.024964	 115.726480	 4.380140	 0.000279
 1.030763	 15.675101	 0.377815	 7.024961	 115.726435	 4.380139	 0.000279
 1.032724	 15.707416	 0.379038	 7.024958	 115.726391	 4.380138	 0.000279
 1.034686	 15.739732	 0.380261	 7.024955	 115.726346	 4.380137	 0.000279
 1.036648	 15.772047	 0.381484	 7.024952	 115.726302	 4.380136	 0.000279
 1.038609	 15.804363	 0.382707	 7.024949	 115.726258	 4.380135	 0.000279
 1.040571	 15.836678	 0.383930	 7.024946	 115.726214	 4.380134	 0.000279
 1.042533	 15.868993	 0.385153	 7.024943	 115.726171	 4.380133	 0.000279
 1.044494	 15.901309	 0.386376	 7.024940	 115.726127	 4.380131	 0.000279
 1.046456	 15.933624	 0.387599	 7.024938	 115.726084	 4.380130	 0.000279
 1.048418	 15.965939	 0.388823	 7.024935	 115.726041	 4.380129	 0.000279
 1.050379	 15.998255	 0.390046	 7.024932	 115.725998	 4.380128	 0.000279
 1.052341	 16.030570	 0.391269	 7.024929	 115.725955	 4.380127	 0.000279
 1.054303	 16.062885	 0.392492	 7.024926	 115.725913	 4.380126	 0.000279
 1.056264	 16.095201	 0.393715	 7.024924	 115.725870	 4.380125	 0.000279
 1.058226	 16.127516	 0.394938	 7.024921	 115.725828	 4.380124	 0.000279
 1.060188	 16.159831	 0.396161	 7.024918	 115.725786	 4.380123	 0.000279
 1.062149	 16.192147	 0.397384	 7.024915	 115.725744	 4.380122	 0.000279
 1.064111	 16.224462	 0.398607	 7.024913	 115.725702	 4.380121	 0.000279
 1.066072	 16.256777	 0.399830	 7.024910	 115.725661	 4.380120	 0.000279
 1.068034	 16.289092	 0.401054	 7.024907	 115.725619	 4.380119	 0.000279
 1.069996	 16.321407	 0.402277	 7.024904	 115.725578	 4.380118	 0.000279
 1.071957	 16.353723	 0.403500	 7.024902	 115.725537	 4.380117	 0.000279
 1.073919	 16.386038	 0.404723	 7.024899	 115.725496	 4.380116	 0.000279
 1.075881	 16.418353	 0.405946	 7.024896	 115.725455	 4.380115	 0.000279
 1.077842	 16.450668	 0.407169	 7.024894	 115.725415	 4.380114	 0.000279
 1.079804	 16.482983	 0.408392	 7.024891	 115.725374	 4.380113	 0.000279
 1.081765	 16.515299	 0.409615	 7.024888	 115.725334	 4.380112	 0.000279
 1.083727	 16.547614	 0.410838	 7.024886	 115.725294	 4.380111	 0.000279
 1.085689	 16.579929	 0.412062	 7.024883	 115.725254	 4.380110	 0.000279
 1.087650	 16.612244	 0.413285	 7.024881	 115.725214	 4.380109	 0.000279
 1.089612	 16.644559	 0.414508	 7.024878	 115.725174	 4.380108	 0.000279
 1.091574	 16.676874	 0.415731	 7.024875	 115.725135	 4.380107	 0.000279
 1.093535	 16.709189	 0.416954	 7.024873	 115.725096	 4.380106	 0.000279
 1.095497	 16.741504	 0.418177	 7.024870	 115.725056	 4.380105	 0.000279
 1.097459	 16.773819	 0.419400	 7.024868	 115.725017	 4.380104	 0.000279
 1.099420	 16.806134	 0.420623	 7.024865	 115.724978	 4.380103	 0.000279
 1.101382	 16.838449	 0.421846	 7.024863	 115.724940	 4.380102	 0.000279
 1.103343	 16.870765	 0.423069	 7.024860	 115.724901	 4.380101	 0.000279
 1.105305	 16.903080	 0.424293	 7.024858	 115.724863	 4.380100	 0.000279
 1.107267	 16.935395	 0.425516	 7.024855	 115.724824	 4.380099	 0.000279
 1.109228	 16.967710	 0.426739	 7.024853	 115.724786	 4.380098	 0.000279
 1.111190	 17.000025	 0.427962	 7.024850	 115.724748	 4.380097	 0.000279
 1.113151	 17.032340	 0.429185	 7.024848	 115.724710	 4.380096	 0.000279
 1.115113	 17.064654	 0.430408	 7.024845	 115.724673	 4.380095	 0.000279
 1.117075	 17.096969	 0.431631	 7.024843	 115.724635	 4.380094	 0.000279
 1.119036	 17.129284	 0.432854	 7.024840	 115.724598	 4.380094	 0.000279
 1.120998	 17.161599	 0.434077	 7.024838	 115.724560	 4.380093	 0.000279
 1.122960	 17.193914	 0.435300	 7.024835	 115.724523	 4.380092	 0.000279
 1.124921	 17.226229	 0.436523	 7.024833	 115.724486	 4.380091	 0.000279
 1.126883	 17.258544	 0.437747	 7.024831	 115.724449	 4.380090	 0.000279
 1.128844	 17.290859	 0.438970	 7.024828	 115.724412	 4.380089	 0.000279
 1.130806	 17.323174	 0.440193	 7.024826	 115.724376	 4.380088	 0.000279
 1.132768	 17.355489	 0.441416	 7.024823	 115.724339	 4.380087	 0.000279
 1.134729	 17.387804	 0.442639	 7.024821	 115.724303	 4.380086	 0.000279
 1.136691	 17.420118	 0.443862	 7.024819	 115.724267	 4.380085	 0.000279
 1.138652	 17.452433	 0.445085	 7.024816	 115.724231	 4.380084	 0.000279
 1.140614	 17.484748	 0.446308	 7.024814	 115.724195	 4.380083	 0.000279
 1.142576	 17.517063	 0.447531	 7.024812	 115.724159	 4.380082	 0.000279
 1.144537	 17.549378	 0.448754	 7.024809	 115.724123	 4.380082	 0.000279
 1.146499	 17.581693	 0.449978	 7.024807	 115.724088	 4.380081	 0.000279
 1.148461	 17.614007	 0.451201	 7.024805	 115.724052	 4.380080	 0.000279
 1.150422	 17.646322	 0.452424	 7.024802	 115.724017	 4.380079	 0.000279
 1.152384	 17.678637	 0.453647	 7.024800	 115.723982	 4.380078	 0.000279
 1.154345	 17.710952	 0.454870	 7.024798	 115.723947	 4.380077	 0.000279
 1.156307	 17.743266	 0.456093	 7.024795	 115.723912	 4.380076	 0.000279
 1.158269	 17.775581	 0.457316	 7.024793	 115.723877	 4.380075	 0.000279
 1.160230	 17.807896	 0.458539	 7.024791	 115.723843	 4.380074	 0.000279
 1.162192	 17.840211	 0.459762	 7.024789	 115.723808	 4.380073	 0.000279
 1.164153	 17.872525	 0.460985	 7.024786	 115.723774	 4.380073	 0.000279
 1.166115	 17.904840	 0.462208	 7.024784	 115.723740	 4.380072	 0.000279
 1.168077	 17.937155	 0.463432	 7.024782	 115.723705	 4.380071	 0.000279
 1.170038	 17.969469	 0.464655	 7.024780	 115.723671	 4.380070	 0.000279
 1.172000	 18.001784	 0.465878	 7.024778	 115.723638	 4.380069	 0.000279
 1.173961	 18.034099	 0.467101	 7.024775	 115.723604	 4.380068	 0.000279
 1.175923	 18.066413	 0.468324	 7.024773	 115.723570	 4.380067	 0.000279
 1.177885	 18.098728	 0.469547	 7.024771	 115.723537	 4.380066	 0.000279
 1.179846	 18.131043	 0.470770	 7.024769	 115.723503	 4.380066	 0.000279
 1.181808	 18.163357	 0.471993	 7.024767	 115.723470	 4.380065	 0.000279
 1.183769	 18.195672	 0.473216	 7.024765	 115.723437	 4.380064	 0.000279
 1.185731	 18.227987	 0.474439	 7.024762	 115.723404	 4.380063	 0.000279
 1.187693	 18.260301	 0.475662	 7.024760	 115.723371	 4.380062	 0.000279
 1.189654	 18.292616	 0.476886	 7.024758	 115.723338	 4.380061	 0.000279
 1.191616	 18.324930	 0.478109	 7.024756	 115.723305	 4.380060	 0.000279
 1.193577	 18.357245	 0.479332	 7.024754	 115.723273	 4.380060	 0.000279
 1.195539	 18.389559	 0.480555	 7.024752	 115.723240	 4.380059	 0.000279
 1.197500	 18.421874	 0.481778	 7.024750	 115.723208	 4.380058	 0.000279
 1.199462	 18.454189	 0.483001	 7.024748	 115.723176	 4.380057	 0.000279
 1.201424	 18.486503	 0.484224	 7.024745	 115.723143	 4.380056	 0.000279
 1.203385	 18.518818	 0.485447	 7.024743	 115.723111	 4.380055	 0.000279
 1.205347	 18.551132	 0.486670	 7.024741	 115.723080	 4.380054	 0.000279
 1.207308	 18.583447	 0.487893	 7.024739	 115.723048	 4.380054	 0.000279
 1.209270	 18.615761	 0.489116	 7.024737	 115.723016	 4.380053	 0.000279
 1.211232	 18.648076	 0.490339	 7.024735	 115.722984	 4.380052	 0.000279
 1.213193	 18.680390	 0.491563	 7.024733	 115.722953	 4.380051	 0.000279
 1.215155	 18.712705	 0.492786	 7.024731	 115.722922	 4.380050	 0.000279
 1.217116	 18.745019	 0.494009	 7.024729	 115.722890	 4.380050	 0.000279
 1.219078	 18.777334	 0.495232	 7.024727	 115.722859	 4.380049	 0.000279
 1.221040	 18.809648	 0.496455	 7.024725	 115.722828	 4.380048	 0.000279
 1.223001	 18.841962	 0.497678	 7.024723	 115.722797	 4.380047	 0.000279
 1.224963	 18.874277	 0.498901	 7.024721	 115.722766	 4.380046	 0.000279
 1.226924	 18.906591	 0.500124	 7.024719	 115.722736	 4.380045	 0.000279
 1.228886	 18.938906	 0.501347	 7.024717	 115.722705	 4.380045	 0.000279
 1.230847	 18.971220	 0.502570	 7.024715	 115.722675	 4.380044	 0.000279
 1.232809	 19.003535	 0.503793	 7.024713	 115.722644	 4.380043	 0.000279
 1.234771	 19.035849	 0.505017	 7.024711	 115.722614	 4.380042	 0.000279
 1.236732	 19.068163	 0.506240	 7.024709	 115.722584	 4.380041	 0.000279
 1.238694	 19.100478	 0.507463	 7.024707	 115.722554	 4.380041	 0.000279
 1.240655	 19.132792	 0.508686	 7.024705	 115.722524	 4.380040	 0.000279
 1.242617	 19.165106	 0.509909	 7.024703	 115.722494	 4.380039	 0.000279
 1.244579	 19.197421	 0.511132	 7.024701	 115.722464	 4.380038	 0.000279
 1.246540	 19.229735	 0.512355	 7.024699	 115.722434	 4.380037	 0.000279
 1.248502	 19.262049	 0.513578	 7.024698	 115.722405	 4.380037	 0.000279
 1.250463	 19.294364	 0.514801	 7.024696	 115.722375	 4.380036	 0.000279
 1.252425	 19.326678	 0.516024	 7.024694	 115.722346	 4.380035	 0.000279
 1.254386	 19.358992	 0.517247	 7.024692	 115.722316	 4.380034	 0.000279
 1.256348	 19.391307	 0.518470	 7.024690	 115.722287	 4.380034	 0.000279
 1.258310	 19.423621	 0.519693	 7.024688	 115.722258	 4.380033	 0.000279
 1.260271	 19.455935	 0.520917	 7.024686	 115.722229	 4.380032	 0.000279
 1.262233	 19.488250	 0.522140	 7.024684	 115.722200	 4.380031	 0.000279
 1.264194	 19.520564	 0.523363	 7.024682	 115.722171	 4.380030	 0.000279
 1.266156	 19.552878	 0.524586	 7.024681	 115.722143	 4.380030	 0.000279
 1.268117	 19.585192	 0.525809	 7.024679	 115.722114	 4.380029	 0.000279
 1.270079	 19.617507	 0.527032	 7.024677	 115.722086	 4.380028	 0.000279
 1.272041	 19.649821	 0.528255	 7.024675	 115.722057	 4.380027	 0.000279
 1.274002	 19.682135	 0.529478	 7.024673	 115.722029	 4.380027	 0.000279
 1.275964	 19.714449	 0.530701	 7.024671	 115.722001	 4.380026	 0.000279
 1.277925	 19.746763	 0.531924	 7.024670	 115.721972	 4.380025	 0.000279
 1.279887	 19.779078	 0.533147	 7.024668	 115.721944	 4.380024	 0.000279
 1.281848	 19.811392	 0.534370	 7.024666	 115.721916	 4.380024	 0.000279
 1.283810	 19.843706	 0.535594	 7.024664	 115.721888	 4.380023	 0.000279
 1.285772	 19.876020	 0.536817	 7.024662	 115.721861	 4.380022	 0.000279
 1.287733	 19.908334	 0.538040	 7.024660	 115.721833	 4.380021	 0.000279
 1.289695	 19.940649	 0.539263	 7.024659	 115.721805	 4.380021	 0.000279
 1.291656	 19.972963	 0.540486	 7.024657	 115.721778	 4.380020	 0.000279
 1.293618	 20.005277	 0.541709	 7.024655	 115.721750	 4.380019	 0.000279
 1.295579	 20.037591	 0.542932	 7.024653	 115.721723	 4.380018	 0.000279
 1.297541	 20.069905	 0.544155	 7.024652	 115.721696	 4.380018	 0.000279
 1.299502	 20.102219	 0.545378	 7.024650	 115.721669	 4.380017	 0.000279
 1.301464	 20.134533	 0.546601	 7.024648	 115.721642	 4.380016	 0.000279
 1.303426	 20.166847	 0.547824	 7.024646	 115.721615	 4.380015	 0.000279
 1.305387	 20.199162	 0.549047	 7.024645	 115.721588	 4.380015	 0.000279
 1.307349	 20.231476	 0.550270	 7.024643	 115.721561	 4.380014	 0.000279
 1.309310	 20.263790	 0.551494	 7.024641	 115.721534	 4.380013	 0.000279
 1.311272	 20.296104	 0.552717	 7.024639	 115.721507	 4.380012	 0.000279
 1.313233	 20.328418	 0.553940	 7.024638	 115.721481	 4.380012	 0.000279
 1.315195	 20.360732	 0.555163	 7.024636	 115.721454	 4.380011	 0.000279
 1.317157	 20.393046	 0.556386	 7.024634	 115.721428	 4.380010	 0.000279
 1.319118	 20.425360	 0.557609	 7.024633	 115.721402	 4.380010	 0.000279
 1.321080	 20.457674	 0.558832	 7.024631	 115.721375	 4.380009	 0.000279
 1.323041	 20.489988	 0.560055	 7.024629	 115.721349	 4.380008	 0.000279
 1.325003	 20.522302	 0.561278	 7.024628	 115.721323	 4.380007	 0.000279
 1.326964	 20.554616	 0.562501	 7.024626	 115.721297	 4.380007	 0.000279
 1.328926	 20.586930	 0.563724	 7.024624	 115.721271	 4.380006	 0.000279
 1.330887	 20.619244	 0.564947	 7.024623	 115.721246	 4.380005	 0.000279
 1.332849	 20.651558	 0.566170	 7.024621	 115.721220	 4.380005	 0.000279
 1.334811	 20.683872	 0.567393	 7.024619	 115.721194	 4.380004	 0.000279
 1.336772	 20.716186	 0.568617	 7.024618	 115.721169	 4.380003	 0.000279
 1.338734	 20.748500	 0.569840	 7.024616	 115.721143	 4.380003	 0.000279
 1.340695	 20.780814	 0.571063	 7.024614	 115.721118	 4.380002	 0.000279
 1.342657	 20.813128	 0.572286	 7.024613	 115.721092	 4.380001	 0.000279
 1.344618	 20.845442	 0.573509	 7.024611	 115.721067	 4.380000	 0.000279
 1.346580	 20.877756	 0.574732	 7.024609	 115.721042	 4.380000	 0.000279
 1.348541	 20.910070	 0.575955	 7.024608	 115.721017	 4.379999	 0.000279
 1.350503	 20.942384	 0.577178	 7.024606	 115.720992	 4.379998	 0.000279
 1.352465	 20.974698	 0.578401	 7.024605	 115.720967	 4.379998	 0.000279
 1.354426	 21.007012	 0.579624	 7.024603	 115.720942	 4.379997	 0.000279
 1.356388	 21.039326	 0.580847	 7.024601	 115.720917	 4.379996	 0.000279
 1.358349	 21.071640	 0.582070	 7.024600	 115.720892	 4.379996	 0.000279
 1.360311	 21.103953	 0.583293	 7.024598	 115.720868	 4.379995	 0.000279
 1.362272	 21.136267	 0.584516	 7.024597	 115.720843	 4.379994	 0.000279
 1.364234	 21.168581	 0.585740	 7.024595	 115.720819	 4.379994	 0.000279
 1.366195	 21.200895	 0.586963	 7.024593	 115.720794	 4.379993	 0.000279
 1.368157	 21.233209	 0.588186	 7.024592	 115.720770	 4.379992	 0.000279
 1.370118	 21.265523	 0.589409	 7.024590	 115.720746	 4.379992	 0.000279
 1.372080	 21.297837	 0.590632	 7.024589	 115.720721	 4.379991	 0.000279
 1.374042	 21.330151	 0.591855	 7.024587	 115.720697	 4.379990	 0.000279
 1.376003	 21.362464	 0.593078	 7.024586	 115.720673	 4.379990	 0.000279
 1.377965	 21.394778	 0.594301	 7.024584	 115.720649	 4.379989	 0.000279
 1.379926	 21.427092	 0.595524	 7.024583	 115.720625	 4.379988	 0.000279
 1.381888	 21.459406	 0.596747	 7.024581	 115.720602	 4.379988	 0.000279
 1.383849	 21.491720	 0.597970	 7.024579	 115.720578	 4.379987	 0.000279
 1.385811	 21.524034	 0.599193	 7.024578	 115.720554	 4.379986	 0.000279
 1.387772	 21.556347	 0.600416	 7.024576	 115.720530	 4.379986	 0.000279
 1.389734	 21.588661	 0.601639	 7.024575	 115.720507	 4.379985	 0.000279
 1.391695	 21.620975	 0.602862	 7.024573	 115.720483	 4.379984	 0.000279
 1.393657	 21.653289	 0.604086	 7.024572	 115.720460	 4.379984	 0.000279
 1.395619	 21.685603	 0.605309	 7.024570	 115.720437	 4.379983	 0.000279
 1.397580	 21.717916	 0.606532	 7.024569	 115.720413	 4.379982	 0.000279
 1.399542	 21.750230	 0.607755	 7.024567	 115.720390	 4.379982	 0.000279
 1.401503	 21.782544	 0.608978	 7.024566	 115.720367	 4.379981	 0.000279
 1.403465	 21.814858	 0.610201	 7.024564	 115.720344	 4.379980	 0.000279
 1.405426	 21.847171	 0.611424	 7.024563	 115.720321	 4.379980	 0.000279
 1.407388	 21.879485	 0.612647	 7.024561	 115.720298	 4.379979	 0.000279
 1.409349	 21.911799	 0.613870	 7.024560	 115.720275	 4.379978	 0.000279
 1.411311	 21.944113	 0.615093	 7.024559	 115.720252	 4.379978	 0.000279
 1.413272	 21.976426	 0.616316	 7.024557	 115.720230	 4.379977	 0.000279
 1.415234	 22.008740	 0.617539	 7.024556	 115.720207	 4.379977	 0.000279
 1.417195	 22.041054	 0.618762	 7.024554	 115.720184	 4.379976	 0.000279
 1.419157	 22.073367	 0.619985	 7.024553	 115.720162	 4.379975	 0.000279
 1.421119	 22.105681	 0.621208	 7.024551	 115.720139	 4.379975	 0.000279
 1.423080	 22.137995	 0.622432	 7.024550	 115.720117	 4.379974	 0.000279
 1.425042	 22.170308	 0.623655	 7.024548	 115.720095	 4.379973	 0.000279
 1.427003	 22.202622	 0.624878	 7.024547	 115.720072	 4.379973	 0.000279
 1.428965	 22.234936	 0.626101	 7.024546	 115.720050	 4.379972	 0.000279
 1.430926	 22.267249	 0.627324	 7.024544	 115.720028	 4.379971	 0.000279
 1.432888	 22.299563	 0.628547	 7.024543	 115.720006	 4.379971	 0.000279
 1.434849	 22.331877	 0.629770	 7.024541	 115.719984	 4.379970	 0.000279
 1.436811	 22.364190	 0.630993	 7.024540	 115.719962	 4.379970	 0.000279
 1.438772	 22.396504	 0.632216	 7.024538	 115.719940	 4.379969	 0.000279
 1.440734	 22.428818	 0.633439	 7.024537	 115.719918	 4.379968	 0.000279
 1.442695	 22.461131	 0.634662	 7.024536	 115.719897	 4.379968	 0.000279
 1.444657	 22.493445	 0.635885	 7.024534	 115.719875	 4.379967	 0.000279
 1.446618	 22.525759	 0.637108	 7.024533	 115.719853	 4.379967	 0.000279
 1.448580	 22.558072	 0.638331	 7.024532	 115.719832	 4.379966	 0.000279
 1.450542	 22.590386	 0.639554	 7.024530	 115.719810	 4.379965	 0.000279
 1.452503	 22.622699	 0.640777	 7.024529	 115.719789	 4.379965	 0.000279
 1.454465	 22.655013	 0.642001	 7.024527	 115.719767	 4.379964	 0.000279
 1.456426	 22.687327	 0.643224	 7.024526	 115.719746	 4.379964	 0.000279
 1.458388	 22.719640	 0.644447	 7.024525	 115.719725	 4.379963	 0.000279
 1.460349	 22.751954	 0.645670	 7.024523	 115.719704	 4.379962	 0.000279
 1.462311	 22.784267	 0.646893	 7.024522	 115.719683	 4.379962	 0.000279
 1.464272	 22.816581	 0.648116	 7.024521	 115.719661	 4.379961	 0.000279
 1.466234	 22.848894	 0.649339	 7.024519	 115.719640	 4.379961	 0.000279
 1.468195	 22.881208	 0.650562	 7.024518	 115.719619	 4.379960	 0.000279
 1.470157	 22.913522	 0.651785	 7.024517	 115.719599	 4.379959	 0.000279
 1.472118	 22.945835	 0.653008	 7.024515	 115.719578	 4.379959	 0.000279
 1.474080	 22.978149	 0.654231	 7.024514	 115.719557	 4.379958	 0.000279
 1.476041	 23.010462	 0.655454	 7.024513	 115.719536	 4.379958	 0.000279
 1.478003	 23.042776	 0.656677	 7.024511	 115.719516	 4.379957	 0.000279
 1.479964	 23.075089	 0.657900	 7.024510	 115.719495	 4.379956	 0.000279
 1.481926	 23.107403	 0.659123	 7.024509	 115.719474	 4.379956	 0.000279
 1.483887	 23.139716	 0.660346	 7.024507	 115.719454	 4.379955	 0.000279
 1.485849	 23.172030	 0.661569	 7.024506	 115.719433	 4.379955	 0.000279
 1.487811	 23.204343	 0.662793	 7.024505	 115.719413	 4.379954	 0.000279
 1.489772	 23.236657	 0.664016	 7.024503	 115.719393	 4.379953	 0.000279
 1.491734	 23.268970	 0.665239	 7.024502	 115.719372	 4.379953	 0.000279
 1.493695	 23.301284	 0.666462	 7.024501	 115.719352	 4.379952	 0.000279
 1.495657	 23.333597	 0.667685	 7.024499	 115.719332	 4.379952	 0.000279
 1.497618	 23.365911	 0.668908	 7.024498	 115.719312	 4.379951	 0.000279
 1.499580	 23.398224	 0.670131	 7.024497	 115.719292	 4.379951	 0.000279
 1.501541	 23.430537	 0.671354	 7.024496	 115.719272	 4.379950	 0.000279
 1.503503	 23.462851	 0.672577	 7.024494	 115.719252	 4.379949	 0.000279
 1.505464	 23.495164	 0.673800	 7.024493	 115.719232	 4.379949	 0.000279
 1.507426	 23.527478	 0.675023	 7.024492	 115.719212	 4.379948	 0.000279
 1.509387	 23.559791	 0.676246	 7.024491	 115.719193	 4.379948	 0.000279
 1.511349	 23.592105	 0.677469	 7.024489	 115.719173	 4.379947	 0.000279
 1.513310	 23.624418	 0.678692	 7.024488	 115.719153	 4.379947	 0.000279
 1.515272	 23.656731	 0.679915	 7.024487	 115.719134	 4.379946	 0.000279
 1.517233	 23.689045	 0.681138	 7.024485	 115.719114	 4.379945	 0.000279
 1.519195	 23.721358	 0.682361	 7.024484	 115.719095	 4.379945	 0.000279
 1.521156	 23.753672	 0.683585	 7.024483	 115.719075	 4.379944	 0.000279
 1.523118	 23.785985	 0.684808	 7.024482	 115.719056	 4.379944	 0.000279
 1.525079	 23.818298	 0.686031	 7.024481	 115.719036	 4.379943	 0.000279
 1.527041	 23.850612	 0.687254	 7.024479	 115.719017	 4.379943	 0.000279
 1.529002	 23.882925	 0.688477	 7.024478	 115.718998	 4.379942	 0.000279
 1.530964	 23.915239	 0.689700	 7.024477	 115.718979	 4.379942	 0.000279
 1.532925	 23.947552	 0.690923	 7.024476	 115.718960	 4.379941	 0.000279
 1.534887	 23.979865	 0.692146	 7.024474	 115.718940	 4.379940	 0.000279
 1.536848	 24.012179	 0.693369	 7.024473	 115.718921	 4.379940	 0.000279
 1.538810	 24.044492	 0.694592	 7.024472	 115.718902	 4.379939	 0.000279
 1.540772	 24.076805	 0.695815	 7.024471	 115.718884	 4.379939	 0.000279
 1.542733	 24.109119	 0.697038	 7.024470	 115.718865	 4.379938	 0.000279
 1.544695	 24.141432	 0.698261	 7.024468	 115.718846	 4.379938	 0.000279
 1.546656	 24.173745	 0.699484	 7.024467	 115.718827	 4.379937	 0.000279
 1.548618	 24.206059	 0.700707	 7.024466	 115.718808	 4.379937	 0.000279
 1.550579	 24.238372	 0.701930	 7.024465	 115.718790	 4.379936	 0.000279
 1.552541	 24.270685	 0.703153	 7.024464	 115.718771	 4.379936	 0.000279
 1.554502	 24.302999	 0.704376	 7.024462	 115.718752	 4.379935	 0.000279
 1.556464	 24.335312	 0.705599	 7.024461	 115.718734	 4.379935	 0.000279
 1.558425	 24.367625	 0.706823	 7.024460	 115.718715	 4.379934	 0.000279
 1.560387	 24.399939	 0.708046	 7.024459	 115.718697	 4.379933	 0.000279
 1.562348	 24.432252	 0.709269	 7.024458	 115.718679	 4.379933	 0.000279
 1.564310	 24.464565	 0.710492	 7.024456	 115.718660	 4.379932	 0.000279
 1.566271	 24.496878	 0.711715	 7.024455	 115.718642	 4.379932	 0.000279
 1.568233	 24.529192	 0.712938	 7.024454	 115.718624	 4.379931	 0.000279
 1.570194	 24.561505	 0.714161	 7.024453	 115.718606	 4.379931	 0.000279
 1.572156	 24.593818	 0.715384	 7.024452	 115.718587	 4.379930	 0.000279
 1.574117	 24.626131	 0.716607	 7.024451	 115.718569	 4.379930	 0.000279
 1.576079	 24.658445	 0.717830	 7.024449	 115.718551	 4.379929	 0.000279
 1.578040	 24.690758	 0.719053	 7.024448	 115.718533	 4.379929	 0.000279
 1.580002	 24.723071	 0.720276	 7.024447	 115.718515	 4.379928	 0.000279
 1.581963	 24.755384	 0.721499	 7.024446	 115.718497	 4.379928	 0.000279
 1.583925	 24.787698	 0.722722	 7.024445	 115.718480	 4.379927	 0.000279
 1.585886	 24.820011	 0.723945	 7.024444	 115.718462	 4.379927	 0.000279
 1.587848	 24.852324	 0.725168	 7.024443	 115.718444	 4.379926	 0.000279
 1.589809	 24.884637	 0.726391	 7.024441	 115.718426	 4.379926	 0.000279
 1.591771	 24.916951	 0.727614	 7.024440	 115.718409	 4.379925	 0.000279
 1.593732	 24.949264	 0.728837	 7.024439	 115.718391	 4.379925	 0.000279
 1.595694	 24.981577	 0.730061	 7.024438	 115.718373	 4.379924	 0.000279
 1.597655	 25.013890	 0.731284	 7.024437	 115.718356	 4.379924	 0.000279
 1.599617	 25.046203	 0.732507	 7.024436	 115.718338	 4.379923	 0.000279
 1.601578	 25.078517	 0.733730	 7.024435	 115.718321	 4.379922	 0.000279
 1.603540	 25.110830	 0.734953	 7.024434	 115.718304	 4.379922	 0.000279
 1.605501	 25.143143	 0.736176	 7.024433	 115.718286	 4.379921	 0.000279
 1.607463	 25.175456	 0.737399	 7.024431	 115.718269	 4.379921	 0.000279
 1.609424	 25.207769	 0.738622	 7.024430	 115.718252	 4.379920	 0.000279
 1.611386	 25.240082	 0.739845	 7.024429	 115.718234	 4.379920	 0.000279
 1.613347	 25.272396	 0.741068	 7.024428	 115.718217	 4.379919	 0.000279
 1.615309	 25.304709	 0.742291	 7.024427	 115.718200	 4.379919	 0.000279
 1.617270	 25.337022	 0.743514	 7.024426	 115.718183	 4.379918	 0.000279
 1.619232	 25.369335	 0.744737	 7.024425	 115.718166	 4.379918	 0.000279
 1.621193	 25.401648	 0.745960	 7.024424	 115.718149	 4.379917	 0.000279
 1.623155	 25.433961	 0.747183	 7.024423	 115.718132	 4.379917	 0.000279
 1.625116	 25.466274	 0.748406	 7.024422	 115.718115	 4.379916	 0.000279
 1.627078	 25.498588	 0.749629	 7.024421	 115.718098	 4.379916	 0.000279
 1.629039	 25.530901	 0.750852	 7.024419	 115.718081	 4.379915	 0.000279
 1.631001	 25.563214	 0.752075	 7.024418	 115.718065	 4.379915	 0.000279
 1.632962	 25.595527	 0.753298	 7.024417	 115.718048	 4.379914	 0.000279
 1.634924	 25.627840	 0.754521	 7.024416	 115.718031	 4.379914	 0.000279
 1.636885	 25.660153	 0.755745	 7.024415	 115.718014	 4.379913	 0.000279
 1.638847	 25.692466	 0.756968	 7.024414	 115.717998	 4.379913	 0.000279
 1.640808	 25.724779	 0.758191	 7.024413	 115.717981	 4.379913	 0.000279
 1.642770	 25.757092	 0.759414	 7.024412	 115.717965	 4.379912	 0.000279
 1.644731	 25.789405	 0.760637	 7.024411	 115.717948	 4.379912	 0.000279
 1.646693	 25.821719	 0.761860	 7.024410	 115.717932	 4.379911	 0.000279
 1.648654	 25.854032	 0.763083	 7.024409	 115.717915	 4.379911	 0.000279
 1.650616	 25.886345	 0.764306	 7.024408	 115.717899	 4.379910	 0.000279
 1.652577	 25.918658	 0.765529	 7.024407	 115.717883	 4.379910	 0.000279
 1.654539	 25.950971	 0.766752	 7.024406	 115.717866	 4.379909	 0.000279
 1.656500	 25.983284	 0.767975	 7.024405	 115.717850	 4.379909	 0.000279
 1.658462	 26.015597	 0.769198	 7.024404	 115.717834	 4.379908	 0.000279
 1.660423	 26.047910	 0.770421	 7.024403	 115.717818	 4.379908	 0.000279
 1.662385	 26.080223	 0.771644	 7.024402	 115.717802	 4.379907	 0.000279
 1.664346	 26.112536	 0.772867	 7.024401	 115.717786	 4.379907	 0.000279
 1.666308	 26.144849	 0.774090	 7.024400	 115.717770	 4.379906	 0.000279
 1.668269	 26.177162	 0.775313	 7.024399	 115.717753	 4.379906	 0.000279
 1.670231	 26.209475	 0.776536	 7.024398	 115.717738	 4.379905	 0.000279
 1.672192	 26.241788	 0.777759	 7.024397	 115.717722	 4.379905	 0.000279
 1.674154	 26.274101	 0.778982	 7.024396	 115.717706	 4.379904	 0.000279
 1.676115	 26.306414	 0.780205	 7.024394	 115.717690	 4.379904	 0.000279
 1.678077	 26.338727	 0.781429	 7.024393	 115.717674	 4.379903	 0.000279
 1.680038	 26.371040	 0.782652	 7.024392	 115.717658	 4.379903	 0.000279
 1.682000	 26.403353	 0.783875	 7.024391	 115.717643	 4.379902	 0.000279
 1.683961	 26.435666	 0.785098	 7.024390	 115.717627	 4.379902	 0.000279
 1.685923	 26.467979	 0.786321	 7.024389	 115.717611	 4.379902	 0.000279
 1.687884	 26.500292	 0.787544	 7.024388	 115.717596	 4.379901	 0.000279
 1.689846	 26.532605	 0.788767	 7.024387	 115.717580	 4.379901	 0.000279
 1.691807	 26.564918	 0.789990	 7.024387	 115.717564	 4.379900	 0.000279
 1.693769	 26.597231	 0.791213	 7.024386	 115.717549	 4.379900	 0.000279
 1.695730	 26.629544	 0.792436	 7.024385	 115.717533	 4.379899	 0.000279
 1.697692	 26.661857	 0.793659	 7.024384	 115.717518	 4.379899	 0.000279
 1.699653	 26.694170	 0.794882	 7.024383	 115.717503	 4.379898	 0.000279
 1.701615	 26.726483	 0.796105	 7.024382	 115.717487	 4.379898	 0.000279
 1.703576	 26.758796	 0.797328	 7.024381	 115.717472	 4.379897	 0.000279
 1.705538	 26.791109	 0.798551	 7.024380	 115.717457	 4.379897	 0.000279
 1.707499	 26.823422	 0.799774	 7.024379	 115.717441	 4.379897	 0.000279
 1.709460	 26.855735	 0.800997	 7.024378	 115.717426	 4.379896	 0.000279
 1.711422	 26.888048	 0.802220	 7.024377	 115.717411	 4.379896	 0.000279
 1.713383	 26.920361	 0.803443	 7.024376	 115.717396	 4.379895	 0.000279
 1.715345	 26.952673	 0.804666	 7.024375	 115.717381	 4.379895	 0.000279
 1.717306	 26.984986	 0.805889	 7.024374	 115.717366	 4.379894	 0.000279
 1.719268	 27.017299	 0.807112	 7.024373	 115.717351	 4.379894	 0.000279
 1.721229	 27.049612	 0.808335	 7.024372	 115.717336	 4.379893	 0.000279
 1.723191	 27.081925	 0.809558	 7.024371	 115.717321	 4.379893	 0.000279
 1.725152	 27.114238	 0.810782	 7.024370	 115.717306	 4.379892	 0.000279
 1.727114	 27.146551	 0.812005	 7.024369	 115.717291	 4.379892	 0.000279
 1.729075	 27.178864	 0.813228	 7.024368	 115.717276	 4.379892	 0.000279
 1.731037	 27.211177	 0.814451	 7.024367	 115.717261	 4.379891	 0.000279
 1.732998	 27.243490	 0.815674	 7.024366	 115.717247	 4.379891	 0.000279
 1.734960	 27.275802	 0.816897	 7.024365	 115.717232	 4.379890	 0.000279
 1.736921	 27.308115	 0.818120	 7.024364	 115.717217	 4.379890	 0.000279
 1.738883	 27.340428	 0.819343	 7.024363	 115.717202	 4.379889	 0.000279
 1.740844	 27.372741	 0.820566	 7.024363	 115.717188	 4.379889	 0.000279
 1.742806	 27.405054	 0.821789	 7.024362	 115.717173	 4.379888	 0.000279
 1.744767	 27.437367	 0.823012	 7.024361	 115.717159	 4.379888	 0.000279
 1.746729	 27.469680	 0.824235	 7.024360	 115.717144	 4.379888	 0.000279
 1.748690	 27.501993	 0.825458	 7.024359	 115.717130	 4.379887	 0.000279
 1.750652	 27.534305	 0.826681	 7.024358	 115.717115	 4.379887	 0.000279
 1.752613	 27.566618	 0.827904	 7.024357	 115.717101	 4.379886	 0.000279
 1.754575	 27.598931	 0.829127	 7.024356	 115.717086	 4.379886	 0.000279
 1.756536	 27.631244	 0.830350	 7.024355	 115.717072	 4.379885	 0.000279
 1.758498	 27.663557	 0.831573	 7.024354	 115.717058	 4.379885	 0.000279
 1.760459	 27.695870	 0.832796	 7.024353	 115.717043	 4.379885	 0.000279
 1.762421	 27.728182	 0.834019	 7.024352	 115.717029	 4.379884	 0.000279
 1.764382	 27.760495	 0.835242	 7.024352	 115.717015	 4.379884	 0.000279
 1.766344	 27.792808	 0.836465	 7.024351	 115.717001	 4.379883	 0.000279
 1.768305	 27.825121	 0.837688	 7.024350	 115.716986	 4.379883	 0.000279
 1.770266	 27.857434	 0.838911	 7.024349	 115.716972	 4.379882	 0.000279
 1.772228	 27.889746	 0.840134	 7.024348	 115.716958	 4.379882	 0.000279
 1.774189	 27.922059	 0.841358	 7.024347	 115.716944	 4.379882	 0.000279
 1.776151	 27.954372	 0.842581	 7.024346	 115.716930	 4.379881	 0.000279
 1.778112	 27.986685	 0.843804	 7.024345	 115.716916	 4.379881	 0.000279
 1.780074	 28.018998	 0.845027	 7.024344	 115.716902	 4.379880	 0.000279
 1.782035	 28.051310	 0.846250	 7.024343	 115.716888	 4.379880	 0.000279
 1.783997	 28.083623	 0.847473	 7.024343	 115.716874	 4.379880	 0.000279
 1.785958	 28.115936	 0.848696	 7.024342	 115.716860	 4.379879	 0.000279
 1.787920	 28.148249	 0.849919	 7.024341	 115.716847	 4.379879	 0.000279
 1.789881	 28.180562	 0.851142	 7.024340	 115.716833	 4.379878	 0.000279
 1.791843	 28.212874	 0.852365	 7.024339	 115.716819	 4.379878	 0.000279
 1.793804	 28.245187	 0.853588	 7.024338	 115.716805	 4.379877	 0.000279
 1.795766	 28.277500	 0.854811	 7.024337	 115.716791	 4.379877	 0.000279
 1.797727	 28.309813	 0.856034	 7.024336	 115.716778	 4.379877	 0.000279
 1.799689	 28.342125	 0.857257	 7.024336	 115.716764	 4.379876	 0.000279
 1.801650	 28.374438	 0.858480	 7.024335	 115.716750	 4.379876	 0.000279
 1.803612	 28.406751	 0.859703	 7.024334	 115.716737	 4.379875	 0.000279
 1.805573	 28.439064	 0.860926	 7.024333	 115.716723	 4.379875	 0.000279
 1.807535	 28.471376	 0.862149	 7.024332	 115.716710	 4.379875	 0.000279
 1.809496	 28.503689	 0.863372	 7.024331	 115.716696	 4.379874	 0.000279
 1.811457	 28.536002	 0.864595	 7.024330	 115.716683	 4.379874	 0.000279
 1.813419	 28.568315	 0.865818	 7.024330	 115.716669	 4.379873	 0.000279
 1.815380	 28.600627	 0.867041	 7.024329	 115.716656	 4.379873	 0.000279
 1.817342	 28.632940	 0.868264	 7.024328	 115.716643	 4.379872	 0.000279
 1.819303	 28.665253	 0.869487	 7.024327	 115.716629	 4.379872	 0.000279
 1.821265	 28.697565	 0.870710	 7.024326	 115.716616	 4.379872	 0.000279
 1.823226	 28.729878	 0.871933	 7.024325	 115.716603	 4.379871	 0.000279
 1.825188	 28.762191	 0.873156	 7.024325	 115.716589	 4.379871	 0.000279
 1.827149	 28.794503	 0.874380	 7.024324	 115.716576	 4.379870	 0.000279
 1.829111	 28.826816	 0.875603	 7.024323	 115.716563	 4.379870	 0.000279
 1.831072	 28.859129	 0.876826	 7.024322	 115.716550	 4.379870	 0.000279
 1.833034	 28.891442	 0.878049	 7.024321	 115.716537	 4.379869	 0.000279
 1.834995	 28.923754	 0.879272	 7.024320	 115.716524	 4.379869	 0.000279
 1.836957	 28.956067	 0.880495	 7.024320	 115.716510	 4.379868	 0.000279
 1.838918	 28.988380	 0.881718	 7.024319	 115.716497	 4.379868	 0.000279
 1.840880	 29.020692	 0.882941	 7.024318	 115.716484	 4.379868	 0.000279
 1.842841	 29.053005	 0.884164	 7.024317	 115.716471	 4.379867	 0.000279
 1.844803	 29.085318	 0.885387	 7.024316	 115.716458	 4.379867	 0.000279
 1.846764	 29.117630	 0.886610	 7.024315	 115.716446	 4.379867	 0.000279
 1.848725	 29.149943	 0.887833	 7.024315	 115.716433	 4.379866	 0.000279
 1.850687	 29.182256	 0.889056	 7.024314	 115.716420	 4.379866	 0.000279
 1.852648	 29.214568	 0.890279	 7.024313	 115.716407	 4.379865	 0.000279
 1.854610	 29.246881	 0.891502	 7.024312	 115.716394	 4.379865	 0.000279
 1.856571	 29.279194	 0.892725	 7.024311	 115.716381	 4.379865	 0.000279
 1.858533	 29.311506	 0.893948	 7.024311	 115.716369	 4.379864	 0.000279
 1.860494	 29.343819	 0.895171	 7.024310	 115.716356	 4.379864	 0.000279
 1.862456	 29.376131	 0.896394	 7.024309	 115.716343	 4.379863	 0.000279
 1.864417	 29.408444	 0.897617	 7.024308	 115.716330	 4.379863	 0.000279
 1.866379	 29.440757	 0.898840	 7.024307	 115.716318	 4.379863	 0.000279
 1.868340	 29.473069	 0.900063	 7.024306	 115.716305	 4.379862	 0.000279
 1.870302	 29.505382	 0.901286	 7.024306	 115.716293	 4.379862	 0.000279
 1.872263	 29.537695	 0.902509	 7.024305	 115.716280	 4.379861	 0.000279
 1.874225	 29.570007	 0.903732	 7.024304	 115.716267	 4.379861	 0.000279
 1.876186	 29.602320	 0.904955	 7.024303	 115.716255	 4.379861	 0.000279
 1.878147	 29.634632	 0.906178	 7.024303	 115.716242	 4.379860	 0.000279
 1.880109	 29.666945	 0.907401	 7.024302	 115.716230	 4.379860	 0.000279
 1.882070	 29.699258	 0.908624	 7.024301	 115.716218	 4.379860	 0.000279
 1.884032	 29.731570	 0.909847	 7.024300	 115.716205	 4.379859	 0.000279
 1.885993	 29.763883	 0.911071	 7.024299	 115.716193	 4.379859	 0.000279
 1.887955	 29.796195	 0.912294	 7.024299	 115.716180	 4.379858	 0.000279
 1.889916	 29.828508	 0.913517	 7.024298	 115.716168	 4.379858	 0.000279
 1.891878	 29.860821	 0.914740	 7.024297	 115.716156	 4.379858	 0.000279
 1.893839	 29.893133	 0.915963	 7.024296	 115.716143	 4.379857	 0.000279
 1.895801	 29.925446	 0.917186	 7.024295	 115.716131	 4.379857	 0.000279
 1.897762	 29.957758	 0.918409	 7.024295	 115.716119	 4.379857	 0.000279
 1.899724	 29.990071	 0.919632	 7.024294	 115.716107	 4.379856	 0.000279
 1.901685	 30.022383	 0.920855	 7.024293	 115.716095	 4.379856	 0.000279
 1.903647	 30.054696	 0.922078	 7.024292	 115.716083	 4.379855	 0.000279
 1.905608	 30.087009	 0.923301	 7.024292	 115.716070	 4.379855	 0.000279
 1.907569	 30.119321	 0.924524	 7.024291	 115.716058	 4.379855	 0.000279
 1.909531	 30.151634	 0.925747	 7.024290	 115.716046	 4.379854	 0.000279
 1.911492	 30.183946	 0.926970	 7.024289	 115.716034	 4.379854	 0.000279
 1.913454	 30.216259	 0.928193	 7.024289	 115.716022	 4.379854	 0.000279
 1.915415	 30.248571	 0.929416	 7.024288	 115.716010	 4.379853	 0.000279
 1.917377	 30.280884	 0.930639	 7.024287	 115.715998	 4.379853	 0.000279
 1.919338	 30.313196	 0.931862	 7.024286	 115.715986	 4.379852	 0.000279
 1.921300	 30.345509	 0.933085	 7.024286	 115.715974	 4.379852	 0.000279
 1.923261	 30.377821	 0.934308	 7.024285	 115.715963	 4.379852	 0.000279
 1.925223	 30.410134	 0.935531	 7.024284	 115.715951	 4.379851	 0.000279
 1.927184	 30.442446	 0.936754	 7.024283	 115.715939	 4.379851	 0.000279
 1.929146	 30.474759	 0.937977	 7.024283	 115.715927	 4.379851	 0.000279
 1.931107	 30.507071	 0.939200	 7.024282	 115.715915	 4.379850	 0.000279
 1.933068	 30.539384	 0.940423	 7.024281	 115.715903	 4.379850	 0.000279
 1.935030	 30.571696	 0.941646	 7.024280	 115.715892	 4.379850	 0.000279
 1.936991	 30.604009	 0.942869	 7.024280	 115.715880	 4.379849	 0.000279
 1.938953	 30.636321	 0.944092	 7.024279	 115.715868	 4.379849	 0.000279
 1.940914	 30.668634	 0.945315	 7.024278	 115.715857	 4.379848	 0.000279
 1.942876	 30.700946	 0.946538	 7.024277	 115.715845	 4.379848	 0.000279
 1.944837	 30.733259	 0.947761	 7.024277	 115.715833	 4.379848	 0.000279
 1.946799	 30.765571	 0.948984	 7.024276	 115.715822	 4.379847	 0.000279
 1.948760	 30.797884	 0.950207	 7.024275	 115.715810	 4.379847	 0.000279
 1.950722	 30.830196	 0.951430	 7.024274	 115.715799	 4.379847	 0.000279
 1.952683	 30.862509	 0.952654	 7.024274	 115.715787	 4.379846	 0.000279
 1.954644	 30.894821	 0.953877	 7.024273	 115.715776	 4.379846	 0.000279
 1.956606	 30.927134	 0.955100	 7.024272	 115.715764	 4.379846	 0.000279
 1.958567	 30.959446	 0.956323	 7.024272	 115.715753	 4.379845	 0.000279
 1.960529	 30.991759	 0.957546	 7.024271	 115.715741	 4.379845	 0.000279
 1.962490	 31.024071	 0.958769	 7.024270	 115.715730	 4.379845	 0.000279
 1.964452	 31.056384	 0.959992	 7.024269	 115.715719	 4.379844	 0.000279
 1.966413	 31.088696	 0.961215	 7.024269	 115.715707	 4.379844	 0.000279
 1.968375	 31.121009	 0.962438	 7.024268	 115.715696	 4.379844	 0.000279
 1.970336	 31.153321	 0.963661	 7.024267	 115.715685	 4.379843	 0.000279
 1.972298	 31.185634	 0.964884	 7.024266	 115.715673	 4.379843	 0.000279
 1.974259	 31.217946	 0.966107	 7.024266	 115.715662	 4.379842	 0.000279
 1.976221	 31.250258	 0.967330	 7.024265	 115.715651	 4.379842	 0.000279
 1.978182	 31.282571	 0.968553	 7.024264	 115.715640	 4.379842	 0.000279
 1.980143	 31.314883	 0.969776	 7.024264	 115.715629	 4.379841	 0.000279
 1.982105	 31.347196	 0.970999	 7.024263	 115.715617	 4.379841	 0.000279
 1.984066	 31.379508	 0.972222	 7.024262	 115.715606	 4.379841	 0.000279
 1.986028	 31.411821	 0.973445	 7.024262	 115.715595	 4.379840	 0.000279
 1.987989	 31.444133	 0.974668	 7.024261	 115.715584	 4.379840	 0.000279
 1.989951	 31.476445	 0.975891	 7.024260	 115.715573	 4.379840	 0.000279
 1.991912	 31.508758	 0.977114	 7.024259	 115.715562	 4.379839	 0.000279
 1.993874	 31.541070	 0.978337	 7.024259	 115.715551	 4.379839	 0.000279
 1.995835	 31.573383	 0.979560	 7.024258	 115.715540	 4.379839	 0.000279
 1.997797	 31.605695	 0.980783	 7.024257	 115.715529	 4.379838	 0.000279
 1.999758	 31.638007	 0.982006	 7.024257	 115.715518	 4.379838	 0.000279
 2.001719	 31.670320	 0.983229	 7.024256	 115.715507	 4.379838	 0.000279
 2.003681	 31.702632	 0.984452	 7.024255	 115.715496	 4.379837	 0.000279
 2.005642	 31.734945	 0.985675	 7.024255	 115.715485	 4.379837	 0.000279
 2.007604	 31.767257	 0.986898	 7.024254	 115.715474	 4.379837	 0.000279
 2.009565	 31.799569	 0.988121	 7.024253	 115.715464	 4.379836	 0.000279
 2.011527	 31.831882	 0.989344	 7.024253	 115.715453	 4.379836	 0.000279
 2.013488	 31.864194	 0.990567	 7.024252	 115.715442	 4.379836	 0.000279
 2.015450	 31.896507	 0.991790	 7.024251	 115.715431	 4.379835	 0.000279
