 -0.639812	 0.687318	 0.297980	 -4.880598	 -3.765779	 -1.632612
 -0.644693	 0.683552	 0.296347	 -4.854182	 -3.794157	 -1.644915
 -0.649547	 0.679758	 0.294702	 -4.827569	 -3.822374	 -1.657148
 -0.654374	 0.675935	 0.293045	 -4.800761	 -3.850428	 -1.669311
 -0.659175	 0.672085	 0.291376	 -4.773761	 -3.878319	 -1.681402
 -0.663949	 0.668207	 0.289694	 -4.746567	 -3.906044	 -1.693422
 -0.668695	 0.664300	 0.288001	 -4.719183	 -3.933604	 -1.705371
 -0.673415	 0.660367	 0.286295	 -4.691610	 -3.960996	 -1.717246
 -0.678106	 0.656406	 0.284578	 -4.663848	 -3.988221	 -1.729049
 -0.682770	 0.652418	 0.282849	 -4.635898	 -4.015275	 -1.740778
 -0.687406	 0.648402	 0.281108	 -4.607763	 -4.042160	 -1.752434
 -0.692014	 0.644360	 0.279356	 -4.579443	 -4.068873	 -1.764015
 -0.696593	 0.640291	 0.277592	 -4.550940	 -4.095413	 -1.775521
 -0.701144	 0.636196	 0.275816	 -4.522255	 -4.121780	 -1.786952
 -0.705666	 0.632074	 0.274029	 -4.493389	 -4.147972	 -1.798308
 -0.710160	 0.627926	 0.272231	 -4.464344	 -4.173988	 -1.809587
 -0.714624	 0.623752	 0.270421	 -4.435120	 -4.199827	 -1.820789
 -0.719059	 0.619552	 0.268601	 -4.405721	 -4.225489	 -1.831914
 -0.723465	 0.615327	 0.266769	 -4.376145	 -4.250971	 -1.842962
 -0.727841	 0.611076	 0.264926	 -4.346396	 -4.276274	 -1.853932
 -0.732188	 0.606800	 0.263072	 -4.316474	 -4.301396	 -1.864823
 -0.736504	 0.602498	 0.261207	 -4.286380	 -4.326336	 -1.875636
 -0.740790	 0.598172	 0.259331	 -4.256117	 -4.351093	 -1.886369
 -0.745046	 0.593821	 0.257445	 -4.225685	 -4.375666	 -1.897022
 -0.749272	 0.589445	 0.255548	 -4.195086	 -4.400054	 -1.907595
 -0.753467	 0.585045	 0.253640	 -4.164321	 -4.424256	 -1.918088
 -0.757632	 0.580621	 0.251722	 -4.133392	 -4.448272	 -1.928500
 -0.761765	 0.576173	 0.249794	 -4.102300	 -4.472100	 -1.938830
 -0.765867	 0.571700	 0.247855	 -4.071046	 -4.495739	 -1.949079
 -0.769938	 0.567205	 0.245906	 -4.039632	 -4.519189	 -1.959245
 -0.773978	 0.562686	 0.243947	 -4.008059	 -4.542448	 -1.969329
 -0.777986	 0.558143	 0.241977	 -3.976330	 -4.565516	 -1.979330
 -0.781962	 0.553578	 0.239998	 -3.944444	 -4.588391	 -1.989247
 -0.785907	 0.548989	 0.238009	 -3.912403	 -4.611074	 -1.999081
 -0.789819	 0.544378	 0.236010	 -3.880210	 -4.633562	 -2.008831
 -0.793699	 0.539745	 0.234001	 -3.847865	 -4.655856	 -2.018496
 -0.797547	 0.535089	 0.231982	 -3.815370	 -4.677953	 -2.028076
 -0.801363	 0.530411	 0.229954	 -3.782727	 -4.699854	 -2.037571
 -0.805145	 0.525711	 0.227917	 -3.749936	 -4.721558	 -2.046980
 -0.808895	 0.520989	 0.225870	 -3.717000	 -4.743064	 -2.056304
 -0.812612	 0.516246	 0.223813	 -3.683920	 -4.764370	 -2.065541
 -0.816296	 0.511482	 0.221748	 -3.650697	 -4.785476	 -2.074691
 -0.819947	 0.506696	 0.219673	 -3.617332	 -4.806382	 -2.083755
 -0.823564	 0.501890	 0.217589	 -3.583828	 -4.827086	 -2.092731
 -0.827148	 0.497063	 0.215497	 -3.550186	 -4.847588	 -2.101619
 -0.830698	 0.492215	 0.213395	 -3.516407	 -4.867887	 -2.110420
 -0.834215	 0.487347	 0.211285	 -3.482493	 -4.887982	 -2.119132
 -0.837697	 0.482459	 0.209166	 -3.448445	 -4.907873	 -2.127755
 -0.841146	 0.477552	 0.207038	 -3.414266	 -4.927558	 -2.136290
 -0.844560	 0.472624	 0.204902	 -3.379955	 -4.947037	 -2.144735
 -0.847940	 0.467677	 0.202757	 -3.345516	 -4.966310	 -2.153090
 -0.851285	 0.462711	 0.200604	 -3.310949	 -4.985375	 -2.161356
 -0.854596	 0.457725	 0.198442	 -3.276256	 -5.004232	 -2.169531
 -0.857873	 0.452721	 0.196273	 -3.241439	 -5.022881	 -2.177616
 -0.861114	 0.447698	 0.194095	 -3.206498	 -5.041320	 -2.185610
 -0.864320	 0.442657	 0.191910	 -3.171437	 -5.059548	 -2.193513
 -0.867492	 0.437597	 0.189716	 -3.136255	 -5.077566	 -2.201324
 -0.870628	 0.432520	 0.187515	 -3.100956	 -5.095373	 -2.209044
 -0.873729	 0.427424	 0.185306	 -3.065540	 -5.112967	 -2.216672
 -0.876795	 0.422311	 0.183089	 -3.030009	 -5.130349	 -2.224207
 -0.879825	 0.417181	 0.180865	 -2.994364	 -5.147517	 -2.231651
 -0.882819	 0.412034	 0.178633	 -2.958607	 -5.164472	 -2.239001
 -0.885778	 0.406869	 0.176394	 -2.922740	 -5.181212	 -2.246259
 -0.888700	 0.401688	 0.174148	 -2.886765	 -5.197737	 -2.253423
 -0.891587	 0.396490	 0.171894	 -2.850682	 -5.214046	 -2.260494
 -0.894438	 0.391276	 0.169634	 -2.814494	 -5.230139	 -2.267470
 -0.897252	 0.386046	 0.167367	 -2.778201	 -5.246015	 -2.274353
 -0.900031	 0.380800	 0.165092	 -2.741807	 -5.261674	 -2.281142
 -0.902772	 0.375538	 0.162811	 -2.705311	 -5.277115	 -2.287837
 -0.905478	 0.370261	 0.160523	 -2.668717	 -5.292338	 -2.294436
 -0.908146	 0.364969	 0.158229	 -2.632025	 -5.307342	 -2.300941
 -0.910778	 0.359661	 0.155928	 -2.595237	 -5.322126	 -2.307351
 -0.913374	 0.354339	 0.153620	 -2.558354	 -5.336691	 -2.313665
 -0.915932	 0.349003	 0.151307	 -2.521379	 -5.351035	 -2.319884
 -0.918453	 0.343652	 0.148987	 -2.484313	 -5.365159	 -2.326007
 -0.920938	 0.338286	 0.146661	 -2.447158	 -5.379061	 -2.332034
 -0.923385	 0.332907	 0.144329	 -2.409914	 -5.392741	 -2.337965
 -0.925795	 0.327515	 0.141991	 -2.372585	 -5.406200	 -2.343800
 -0.928167	 0.322108	 0.139647	 -2.335171	 -5.419436	 -2.349538
 -0.930503	 0.316689	 0.137298	 -2.297673	 -5.432448	 -2.355180
 -0.932800	 0.311257	 0.134942	 -2.260095	 -5.445238	 -2.360725
 -0.935060	 0.305811	 0.132582	 -2.222437	 -5.457804	 -2.366172
 -0.937283	 0.300354	 0.130215	 -2.184701	 -5.470145	 -2.371523
 -0.939467	 0.294883	 0.127844	 -2.146889	 -5.482262	 -2.376776
 -0.941614	 0.289401	 0.125467	 -2.109001	 -5.494154	 -2.381932
 -0.943723	 0.283907	 0.123085	 -2.071041	 -5.505821	 -2.386990
 -0.945794	 0.278401	 0.120698	 -2.033009	 -5.517263	 -2.391950
 -0.947827	 0.272884	 0.118306	 -1.994908	 -5.528478	 -2.396813
 -0.949822	 0.267355	 0.115910	 -1.956738	 -5.539468	 -2.401577
 -0.951779	 0.261816	 0.113508	 -1.918502	 -5.550230	 -2.406243
 -0.953698	 0.256266	 0.111102	 -1.880200	 -5.560766	 -2.410811
 -0.955578	 0.250705	 0.108691	 -1.841836	 -5.571075	 -2.415280
 -0.957420	 0.245134	 0.106276	 -1.803410	 -5.581156	 -2.419651
 -0.959223	 0.239553	 0.103856	 -1.764924	 -5.591010	 -2.423923
 -0.960988	 0.233962	 0.101432	 -1.726380	 -5.600636	 -2.428096
 -0.962714	 0.228361	 0.099004	 -1.687779	 -5.610034	 -2.432170
 -0.964402	 0.222751	 0.096572	 -1.649123	 -5.619203	 -2.436146
 -0.966051	 0.217132	 0.094136	 -1.610414	 -5.628144	 -2.440022
 -0.967662	 0.211504	 0.091696	 -1.571653	 -5.636856	 -2.443799
 -0.969233	 0.205867	 0.089252	 -1.532842	 -5.645339	 -2.447477
 -0.970766	 0.200221	 0.086804	 -1.493983	 -5.653593	 -2.451055
 -0.972260	 0.194568	 0.084353	 -1.455077	 -5.661617	 -2.454534
 -0.973715	 0.188906	 0.081899	 -1.416127	 -5.669412	 -2.457913
 -0.975131	 0.183237	 0.079441	 -1.377132	 -5.676977	 -2.461193
 -0.976508	 0.177560	 0.076980	 -1.338096	 -5.684312	 -2.464373
 -0.977846	 0.171876	 0.074515	 -1.299020	 -5.691417	 -2.467454
 -0.979146	 0.166184	 0.072048	 -1.259906	 -5.698293	 -2.470434
 -0.980405	 0.160486	 0.069577	 -1.220755	 -5.704937	 -2.473315
 -0.981626	 0.154781	 0.067104	 -1.181568	 -5.711352	 -2.476096
 -0.982808	 0.149070	 0.064628	 -1.142348	 -5.717536	 -2.478777
 -0.983950	 0.143352	 0.062149	 -1.103097	 -5.723490	 -2.481358
 -0.985053	 0.137629	 0.059668	 -1.063815	 -5.729213	 -2.483839
 -0.986117	 0.131899	 0.057184	 -1.024505	 -5.734705	 -2.486221
 -0.987141	 0.126165	 0.054698	 -0.985168	 -5.739967	 -2.488502
 -0.988127	 0.120425	 0.052209	 -0.945805	 -5.744997	 -2.490683
 -0.989072	 0.114680	 0.049719	 -0.906419	 -5.749797	 -2.492764
 -0.989979	 0.108930	 0.047226	 -0.867012	 -5.754367	 -2.494745
 -0.990846	 0.103175	 0.044731	 -0.827584	 -5.758705	 -2.496626
 -0.991673	 0.097417	 0.042234	 -0.788137	 -5.762812	 -2.498406
 -0.992462	 0.091654	 0.039736	 -0.748673	 -5.766689	 -2.500087
 -0.993210	 0.085887	 0.037236	 -0.709194	 -5.770335	 -2.501668
 -0.993919	 0.080117	 0.034734	 -0.669702	 -5.773750	 -2.503148
 -0.994589	 0.074343	 0.032231	 -0.630197	 -5.776935	 -2.504529
 -0.995219	 0.068566	 0.029727	 -0.590682	 -5.779888	 -2.505809
 -0.995810	 0.062786	 0.027221	 -0.551158	 -5.782611	 -2.506990
 -0.996361	 0.057004	 0.024714	 -0.511627	 -5.785104	 -2.508071
 -0.996873	 0.051219	 0.022206	 -0.472091	 -5.787366	 -2.509051
 -0.997345	 0.045431	 0.019697	 -0.432551	 -5.789397	 -2.509932
 -0.997777	 0.039642	 0.017187	 -0.393008	 -5.791198	 -2.510713
 -0.998171	 0.033851	 0.014676	 -0.353465	 -5.792769	 -2.511394
 -0.998524	 0.028058	 0.012165	 -0.313923	 -5.794110	 -2.511975
 -0.998838	 0.022264	 0.009653	 -0.274383	 -5.795221	 -2.512457
 -0.999112	 0.016469	 0.007140	 -0.234848	 -5.796103	 -2.512839
 -0.999347	 0.010672	 0.004627	 -0.195318	 -5.796754	 -2.513122
 -0.999542	 0.004876	 0.002114	 -0.155796	 -5.797176	 -2.513305
 -0.999698	 -0.000921	 -0.000399	 -0.116283	 -5.797369	 -2.513388
 -0.999815	 -0.006719	 -0.002912	 -0.076781	 -5.797333	 -2.513373
 -0.999891	 -0.012516	 -0.005426	 -0.037291	 -5.797067	 -2.513257
 -0.999929	 -0.018313	 -0.007939	 0.002185	 -5.796573	 -2.513043
 -0.999926	 -0.024110	 -0.010452	 0.041645	 -5.795850	 -2.512730
 -0.999885	 -0.029906	 -0.012965	 0.081089	 -5.794899	 -2.512318
 -0.999804	 -0.035701	 -0.015477	 0.120513	 -5.793720	 -2.511806
 -0.999683	 -0.041494	 -0.017989	 0.159918	 -5.792313	 -2.511197
 -0.999523	 -0.047287	 -0.020500	 0.199300	 -5.790679	 -2.510488
 -0.999324	 -0.053077	 -0.023011	 0.238659	 -5.788817	 -2.509681
 -0.999085	 -0.058866	 -0.025520	 0.277993	 -5.786727	 -2.508775
 -0.998807	 -0.064653	 -0.028029	 0.317300	 -5.784411	 -2.507771
 -0.998490	 -0.070437	 -0.030537	 0.356580	 -5.781869	 -2.506669
 -0.998133	 -0.076219	 -0.033044	 0.395829	 -5.779100	 -2.505468
 -0.997738	 -0.081998	 -0.035549	 0.435047	 -5.776105	 -2.504170
 -0.997303	 -0.087774	 -0.038053	 0.474232	 -5.772885	 -2.502774
 -0.996828	 -0.093547	 -0.040556	 0.513383	 -5.769439	 -2.501280
 -0.996315	 -0.099317	 -0.043057	 0.552497	 -5.765769	 -2.499688
 -0.995762	 -0.105082	 -0.045557	 0.591574	 -5.761873	 -2.498000
 -0.995171	 -0.110844	 -0.048055	 0.630612	 -5.757753	 -2.496214
 -0.994540	 -0.116602	 -0.050551	 0.669609	 -5.753410	 -2.494331
 -0.993871	 -0.122355	 -0.053045	 0.708564	 -5.748843	 -2.492351
 -0.993162	 -0.128104	 -0.055538	 0.747476	 -5.744052	 -2.490274
 -0.992415	 -0.133848	 -0.058028	 0.786342	 -5.739039	 -2.488100
 -0.991628	 -0.139587	 -0.060516	 0.825161	 -5.733804	 -2.485831
 -0.990803	 -0.145321	 -0.063002	 0.863932	 -5.728346	 -2.483464
 -0.989939	 -0.151050	 -0.065486	 0.902653	 -5.722667	 -2.481002
 -0.989037	 -0.156772	 -0.067967	 0.941322	 -5.716766	 -2.478444
 -0.988095	 -0.162489	 -0.070445	 0.979939	 -5.710645	 -2.475791
 -0.987115	 -0.168200	 -0.072921	 1.018501	 -5.704304	 -2.473041
 -0.986097	 -0.173904	 -0.075394	 1.057008	 -5.697742	 -2.470197
 -0.985040	 -0.179602	 -0.077864	 1.095457	 -5.690962	 -2.467257
 -0.983944	 -0.185293	 -0.080331	 1.133847	 -5.683962	 -2.464222
 -0.982810	 -0.190977	 -0.082795	 1.172177	 -5.676744	 -2.461093
 -0.981638	 -0.196653	 -0.085257	 1.210445	 -5.669308	 -2.457869
 -0.980428	 -0.202323	 -0.087714	 1.248650	 -5.661654	 -2.454551
 -0.979179	 -0.207984	 -0.090169	 1.286789	 -5.653784	 -2.451139
 -0.977892	 -0.213638	 -0.092620	 1.324863	 -5.645697	 -2.447633
 -0.976568	 -0.219284	 -0.095068	 1.362869	 -5.637394	 -2.444033
 -0.975205	 -0.224921	 -0.097512	 1.400806	 -5.628875	 -2.440340
 -0.973804	 -0.230550	 -0.099952	 1.438672	 -5.620142	 -2.436554
 -0.972365	 -0.236170	 -0.102389	 1.476466	 -5.611194	 -2.432675
 -0.970889	 -0.241781	 -0.104821	 1.514186	 -5.602032	 -2.428703
 -0.969375	 -0.247383	 -0.107250	 1.551832	 -5.592657	 -2.424638
 -0.967823	 -0.252976	 -0.109675	 1.589401	 -5.583070	 -2.420482
 -0.966233	 -0.258559	 -0.112095	 1.626892	 -5.573270	 -2.416233
 -0.964606	 -0.264132	 -0.114511	 1.664304	 -5.563259	 -2.411893
 -0.962942	 -0.269696	 -0.116923	 1.701635	 -5.553036	 -2.407461
 -0.961240	 -0.275249	 -0.119331	 1.738885	 -5.542604	 -2.402938
 -0.959502	 -0.280791	 -0.121734	 1.776051	 -5.531961	 -2.398324
 -0.957726	 -0.286323	 -0.124132	 1.813132	 -5.521110	 -2.393620
 -0.955912	 -0.291844	 -0.126526	 1.850126	 -5.510050	 -2.388825
 -0.954062	 -0.297354	 -0.128914	 1.887034	 -5.498782	 -2.383940
 -0.952175	 -0.302853	 -0.131298	 1.923852	 -5.487307	 -2.378965
 -0.950251	 -0.308340	 -0.133677	 1.960580	 -5.475625	 -2.373900
 -0.948291	 -0.313816	 -0.136051	 1.997216	 -5.463737	 -2.368747
 -0.946294	 -0.319280	 -0.138420	 2.033758	 -5.451644	 -2.363504
 -0.944260	 -0.324731	 -0.140784	 2.070207	 -5.439346	 -2.358172
 -0.942190	 -0.330171	 -0.143142	 2.106560	 -5.426845	 -2.352752
 -0.940083	 -0.335598	 -0.145494	 2.142815	 -5.414140	 -2.347244
 -0.937940	 -0.341012	 -0.147842	 2.178972	 -5.401232	 -2.341648
 -0.935761	 -0.346413	 -0.150183	 2.215029	 -5.388123	 -2.335965
 -0.933546	 -0.351801	 -0.152519	 2.250985	 -5.374812	 -2.330194
 -0.931295	 -0.357176	 -0.154850	 2.286839	 -5.361301	 -2.324337
 -0.929008	 -0.362537	 -0.157174	 2.322588	 -5.347590	 -2.318392
 -0.926686	 -0.367885	 -0.159492	 2.358233	 -5.333680	 -2.312362
 -0.924328	 -0.373219	 -0.161805	 2.393771	 -5.319572	 -2.306245
 -0.921934	 -0.378538	 -0.164111	 2.429202	 -5.305266	 -2.300043
 -0.919505	 -0.383843	 -0.166411	 2.464524	 -5.290763	 -2.293756
 -0.917040	 -0.389134	 -0.168705	 2.499735	 -5.276064	 -2.287383
 -0.914540	 -0.394410	 -0.170992	 2.534835	 -5.261170	 -2.280926
 -0.912006	 -0.399671	 -0.173273	 2.569822	 -5.246081	 -2.274384
 -0.909436	 -0.404917	 -0.175547	 2.604695	 -5.230799	 -2.267759
 -0.906831	 -0.410148	 -0.177815	 2.639453	 -5.215323	 -2.261049
 -0.904192	 -0.415364	 -0.180076	 2.674094	 -5.199655	 -2.254257
 -0.901517	 -0.420563	 -0.182330	 2.708618	 -5.183796	 -2.247381
 -0.898809	 -0.425747	 -0.184578	 2.743022	 -5.167746	 -2.240423
 -0.896066	 -0.430915	 -0.186818	 2.777306	 -5.151506	 -2.233383
 -0.893288	 -0.436066	 -0.189052	 2.811469	 -5.135078	 -2.226260
 -0.890477	 -0.441201	 -0.191278	 2.845509	 -5.118461	 -2.219056
 -0.887632	 -0.446320	 -0.193497	 2.879425	 -5.101656	 -2.211771
 -0.884752	 -0.451422	 -0.195709	 2.913217	 -5.084665	 -2.204404
 -0.881839	 -0.456506	 -0.197913	 2.946882	 -5.067489	 -2.196958
 -0.878892	 -0.461574	 -0.200110	 2.980419	 -5.050127	 -2.189431
 -0.875912	 -0.466624	 -0.202299	 3.013828	 -5.032581	 -2.181824
 -0.872898	 -0.471656	 -0.204481	 3.047107	 -5.014853	 -2.174138
 -0.869851	 -0.476671	 -0.206655	 3.080256	 -4.996941	 -2.166373
 -0.866770	 -0.481668	 -0.208822	 3.113272	 -4.978849	 -2.158529
 -0.863657	 -0.486647	 -0.210980	 3.146155	 -4.960576	 -2.150607
 -0.860511	 -0.491608	 -0.213131	 3.178903	 -4.942123	 -2.142607
 -0.857332	 -0.496550	 -0.215274	 3.211516	 -4.923491	 -2.134529
 -0.854121	 -0.501473	 -0.217408	 3.243993	 -4.904681	 -2.126374
 -0.850877	 -0.506378	 -0.219534	 3.276331	 -4.885695	 -2.118143
 -0.847600	 -0.511264	 -0.221653	 3.308531	 -4.866532	 -2.109835
 -0.844292	 -0.516130	 -0.223762	 3.340591	 -4.847193	 -2.101451
 -0.840951	 -0.520977	 -0.225864	 3.372510	 -4.827681	 -2.092992
 -0.837579	 -0.525805	 -0.227957	 3.404287	 -4.807995	 -2.084457
 -0.834174	 -0.530613	 -0.230041	 3.435920	 -4.788137	 -2.075848
 -0.830738	 -0.535401	 -0.232117	 3.467409	 -4.768106	 -2.067164
 -0.827271	 -0.540169	 -0.234184	 3.498753	 -4.747906	 -2.058406
 -0.823772	 -0.544917	 -0.236243	 3.529950	 -4.727535	 -2.049575
 -0.820242	 -0.549645	 -0.238292	 3.561000	 -4.706996	 -2.040670
 -0.816681	 -0.554352	 -0.240333	 3.591902	 -4.686289	 -2.031693
 -0.813089	 -0.559038	 -0.242365	 3.622654	 -4.665415	 -2.022643
 -0.809467	 -0.563703	 -0.244387	 3.653255	 -4.644375	 -2.013522
 -0.805813	 -0.568348	 -0.246401	 3.683705	 -4.623171	 -2.004328
 -0.802130	 -0.572971	 -0.248405	 3.714002	 -4.601802	 -1.995064
 -0.798416	 -0.577573	 -0.250400	 3.744145	 -4.580270	 -1.985729
 -0.794672	 -0.582153	 -0.252386	 3.774134	 -4.558576	 -1.976324
 -0.790897	 -0.586712	 -0.254362	 3.803967	 -4.536721	 -1.966849
 -0.787093	 -0.591248	 -0.256329	 3.833644	 -4.514706	 -1.957305
 -0.783260	 -0.595763	 -0.258286	 3.863163	 -4.492532	 -1.947691
 -0.779397	 -0.600256	 -0.260234	 3.892524	 -4.470199	 -1.938009
 -0.775504	 -0.604726	 -0.262172	 3.921725	 -4.447710	 -1.928259
 -0.771582	 -0.609173	 -0.264100	 3.950766	 -4.425064	 -1.918442
 -0.767632	 -0.613598	 -0.266019	 3.979645	 -4.402264	 -1.908557
 -0.763652	 -0.618001	 -0.267927	 4.008363	 -4.379309	 -1.898605
 -0.759644	 -0.622380	 -0.269826	 4.036916	 -4.356201	 -1.888587
 -0.755607	 -0.626736	 -0.271715	 4.065306	 -4.332941	 -1.878503
 -0.751541	 -0.631069	 -0.273593	 4.093531	 -4.309530	 -1.868353
 -0.747448	 -0.635379	 -0.275461	 4.121590	 -4.285969	 -1.858139
 -0.743326	 -0.639665	 -0.277320	 4.149482	 -4.262259	 -1.847859
 -0.739177	 -0.643927	 -0.279167	 4.177206	 -4.238401	 -1.837516
 -0.735000	 -0.648165	 -0.281005	 4.204762	 -4.214396	 -1.827109
 -0.730795	 -0.652380	 -0.282832	 4.232148	 -4.190246	 -1.816639
 -0.726563	 -0.656570	 -0.284649	 4.259364	 -4.165950	 -1.806106
 -0.722303	 -0.660736	 -0.286455	 4.286408	 -4.141511	 -1.795510
 -0.718017	 -0.664877	 -0.288250	 4.313281	 -4.116929	 -1.784853
 -0.713704	 -0.668994	 -0.290035	 4.339981	 -4.092205	 -1.774134
 -0.709364	 -0.673087	 -0.291809	 4.366507	 -4.067341	 -1.763355
 -0.704997	 -0.677154	 -0.293573	 4.392858	 -4.042337	 -1.752514
 -0.700604	 -0.681196	 -0.295325	 4.419034	 -4.017195	 -1.741614
 -0.696185	 -0.685213	 -0.297067	 4.445034	 -3.991915	 -1.730654
 -0.691740	 -0.689205	 -0.298797	 4.470857	 -3.966499	 -1.719636
 -0.687269	 -0.693172	 -0.300517	 4.496503	 -3.940947	 -1.708558
 -0.682773	 -0.697113	 -0.302226	 4.521970	 -3.915262	 -1.697422
 -0.678251	 -0.701028	 -0.303923	 4.547257	 -3.889443	 -1.686229
 -0.673704	 -0.704918	 -0.305609	 4.572365	 -3.863493	 -1.674978
 -0.669131	 -0.708781	 -0.307284	 4.597291	 -3.837411	 -1.663671
 -0.664534	 -0.712618	 -0.308948	 4.622036	 -3.811200	 -1.652307
 -0.659912	 -0.716430	 -0.310600	 4.646599	 -3.784859	 -1.640888
 -0.655265	 -0.720215	 -0.312241	 4.670979	 -3.758392	 -1.629413
 -0.650594	 -0.723973	 -0.313871	 4.695175	 -3.731797	 -1.617883
 -0.645899	 -0.727705	 -0.315488	 4.719186	 -3.705078	 -1.606299
 -0.641180	 -0.731410	 -0.317095	 4.743013	 -3.678234	 -1.594661
 -0.636437	 -0.735088	 -0.318689	 4.766653	 -3.651267	 -1.582970
 -0.631670	 -0.738739	 -0.320272	 4.790107	 -3.624177	 -1.571226
 -0.626880	 -0.742363	 -0.321844	 4.813374	 -3.596967	 -1.559429
 -0.622067	 -0.745960	 -0.323403	 4.836452	 -3.569637	 -1.547580
 -0.617230	 -0.749530	 -0.324951	 4.859342	 -3.542188	 -1.535680
 -0.612371	 -0.753072	 -0.326486	 4.882043	 -3.514621	 -1.523729
 -0.607489	 -0.756587	 -0.328010	 4.904554	 -3.486938	 -1.511727
 -0.602584	 -0.760074	 -0.329522	 4.926874	 -3.459140	 -1.499676
 -0.597658	 -0.763533	 -0.331021	 4.949003	 -3.431227	 -1.487575
 -0.592709	 -0.766964	 -0.332509	 4.970940	 -3.403201	 -1.475424
 -0.587738	 -0.770367	 -0.333984	 4.992685	 -3.375064	 -1.463225
 -0.582745	 -0.773742	 -0.335448	 5.014237	 -3.346815	 -1.450979
 -0.577731	 -0.777089	 -0.336899	 5.035595	 -3.318457	 -1.438684
 -0.572695	 -0.780408	 -0.338337	 5.056759	 -3.289990	 -1.426343
 -0.567638	 -0.783698	 -0.339764	 5.077728	 -3.261416	 -1.413955
 -0.562561	 -0.786959	 -0.341178	 5.098501	 -3.232735	 -1.401520
 -0.557462	 -0.790192	 -0.342579	 5.119079	 -3.203950	 -1.389041
 -0.552343	 -0.793396	 -0.343968	 5.139460	 -3.175060	 -1.376516
 -0.547204	 -0.796571	 -0.345345	 5.159644	 -3.146068	 -1.363947
 -0.542044	 -0.799717	 -0.346709	 5.179630	 -3.116973	 -1.351333
 -0.536864	 -0.802834	 -0.348060	 5.199418	 -3.087779	 -1.338676
 -0.531665	 -0.805922	 -0.349399	 5.219007	 -3.058485	 -1.325976
 -0.526446	 -0.808980	 -0.350725	 5.238397	 -3.029092	 -1.313233
 -0.521208	 -0.812009	 -0.352038	 5.257587	 -2.999603	 -1.300449
 -0.515950	 -0.815009	 -0.353338	 5.276577	 -2.970018	 -1.287622
 -0.510673	 -0.817979	 -0.354626	 5.295367	 -2.940338	 -1.274755
 -0.505378	 -0.820919	 -0.355901	 5.313955	 -2.910564	 -1.261847
 -0.500064	 -0.823830	 -0.357163	 5.332341	 -2.880698	 -1.248899
 -0.494732	 -0.826710	 -0.358411	 5.350525	 -2.850741	 -1.235911
 -0.489381	 -0.829561	 -0.359647	 5.368506	 -2.820694	 -1.222884
 -0.484013	 -0.832382	 -0.360870	 5.386284	 -2.790558	 -1.209819
 -0.478626	 -0.835172	 -0.362080	 5.403859	 -2.760334	 -1.196716
 -0.473223	 -0.837933	 -0.363277	 5.421229	 -2.730023	 -1.183575
 -0.467801	 -0.840663	 -0.364460	 5.438395	 -2.699627	 -1.170397
 -0.462363	 -0.843362	 -0.365631	 5.455357	 -2.669147	 -1.157183
 -0.456908	 -0.846032	 -0.366788	 5.472113	 -2.638584	 -1.143933
 -0.451435	 -0.848670	 -0.367932	 5.488663	 -2.607939	 -1.130647
 -0.445947	 -0.851278	 -0.369062	 5.505007	 -2.577213	 -1.117326
 -0.440442	 -0.853855	 -0.370180	 5.521144	 -2.546408	 -1.103971
 -0.434921	 -0.856402	 -0.371284	 5.537075	 -2.515524	 -1.090581
 -0.429384	 -0.858917	 -0.372374	 5.552798	 -2.484563	 -1.077159
 -0.423831	 -0.861402	 -0.373452	 5.568314	 -2.453526	 -1.063703
 -0.418262	 -0.863855	 -0.374515	 5.583622	 -2.422415	 -1.050215
 -0.412679	 -0.866278	 -0.375565	 5.598721	 -2.391229	 -1.036695
 -0.407080	 -0.868669	 -0.376602	 5.613612	 -2.359972	 -1.023143
 -0.401466	 -0.871029	 -0.377625	 5.628293	 -2.328642	 -1.009561
 -0.395838	 -0.873358	 -0.378635	 5.642766	 -2.297243	 -0.995948
 -0.390195	 -0.875655	 -0.379631	 5.657028	 -2.265775	 -0.982305
 -0.384538	 -0.877921	 -0.380613	 5.671081	 -2.234239	 -0.968633
 -0.378867	 -0.880155	 -0.381582	 5.684923	 -2.202637	 -0.954932
 -0.373182	 -0.882358	 -0.382537	 5.698555	 -2.170969	 -0.941203
 -0.367484	 -0.884528	 -0.383478	 5.711975	 -2.139237	 -0.927446
 -0.361772	 -0.886668	 -0.384405	 5.725185	 -2.107442	 -0.913662
 -0.356047	 -0.888775	 -0.385319	 5.738183	 -2.075585	 -0.899850
 -0.350308	 -0.890851	 -0.386219	 5.750969	 -2.043668	 -0.886013
 -0.344558	 -0.892894	 -0.387105	 5.763543	 -2.011691	 -0.872150
 -0.338794	 -0.894906	 -0.387977	 5.775905	 -1.979655	 -0.858261
 -0.333018	 -0.896886	 -0.388835	 5.788055	 -1.947563	 -0.844348
 -0.327230	 -0.898833	 -0.389680	 5.799991	 -1.915415	 -0.830410
 -0.321430	 -0.900749	 -0.390510	 5.811715	 -1.883212	 -0.816449
 -0.315618	 -0.902632	 -0.391326	 5.823226	 -1.850956	 -0.802465
 -0.309795	 -0.904483	 -0.392129	 5.834523	 -1.818647	 -0.788458
 -0.303961	 -0.906302	 -0.392917	 5.845607	 -1.786287	 -0.774428
 -0.298115	 -0.908088	 -0.393692	 5.856477	 -1.753877	 -0.760377
 -0.292258	 -0.909842	 -0.394452	 5.867133	 -1.721418	 -0.746305
 -0.286391	 -0.911563	 -0.395198	 5.877574	 -1.688911	 -0.732212
 -0.280514	 -0.913252	 -0.395931	 5.887802	 -1.656359	 -0.718099
 -0.274626	 -0.914908	 -0.396649	 5.897814	 -1.623761	 -0.703967
 -0.268728	 -0.916532	 -0.397353	 5.907612	 -1.591118	 -0.689815
 -0.262821	 -0.918123	 -0.398043	 5.917196	 -1.558433	 -0.675645
 -0.256903	 -0.919682	 -0.398718	 5.926564	 -1.525706	 -0.661456
 -0.250977	 -0.921207	 -0.399380	 5.935717	 -1.492939	 -0.647251
 -0.245041	 -0.922700	 -0.400027	 5.944655	 -1.460133	 -0.633028
 -0.239096	 -0.924161	 -0.400660	 5.953378	 -1.427288	 -0.618788
 -0.233143	 -0.925588	 -0.401279	 5.961885	 -1.394406	 -0.604532
 -0.227181	 -0.926982	 -0.401883	 5.970176	 -1.361488	 -0.590261
 -0.221211	 -0.928344	 -0.402474	 5.978252	 -1.328536	 -0.575975
 -0.215233	 -0.929672	 -0.403050	 5.986112	 -1.295550	 -0.561675
 -0.209247	 -0.930968	 -0.403611	 5.993756	 -1.262532	 -0.547360
 -0.203253	 -0.932230	 -0.404159	 6.001185	 -1.229483	 -0.533032
 -0.197252	 -0.933460	 -0.404692	 6.008397	 -1.196404	 -0.518691
 -0.191243	 -0.934656	 -0.405210	 6.015393	 -1.163296	 -0.504337
 -0.185228	 -0.935819	 -0.405715	 6.022173	 -1.130161	 -0.489972
 -0.179206	 -0.936950	 -0.406205	 6.028737	 -1.096999	 -0.475595
 -0.173177	 -0.938047	 -0.406680	 6.035084	 -1.063812	 -0.461207
 -0.167142	 -0.939110	 -0.407141	 6.041215	 -1.030601	 -0.446809
 -0.161101	 -0.940141	 -0.407588	 6.047130	 -0.997367	 -0.432400
 -0.155054	 -0.941138	 -0.408021	 6.052829	 -0.964111	 -0.417983
 -0.149001	 -0.942103	 -0.408439	 6.058311	 -0.930835	 -0.403556
 -0.142942	 -0.943033	 -0.408842	 6.063577	 -0.897539	 -0.389121
 -0.136879	 -0.943931	 -0.409231	 6.068627	 -0.864225	 -0.374678
 -0.130810	 -0.944795	 -0.409606	 6.073460	 -0.830894	 -0.360228
 -0.124737	 -0.945626	 -0.409966	 6.078077	 -0.797547	 -0.345771
 -0.118659	 -0.946424	 -0.410312	 6.082478	 -0.764186	 -0.331307
 -0.112576	 -0.947188	 -0.410643	 6.086662	 -0.730810	 -0.316838
 -0.106489	 -0.947919	 -0.410960	 6.090631	 -0.697423	 -0.302363
 -0.100399	 -0.948616	 -0.411262	 6.094383	 -0.664024	 -0.287883
 -0.094304	 -0.949280	 -0.411550	 6.097919	 -0.630615	 -0.273399
 -0.088207	 -0.949911	 -0.411824	 6.101238	 -0.597197	 -0.258911
 -0.082105	 -0.950508	 -0.412083	 6.104342	 -0.563771	 -0.244419
 -0.076001	 -0.951072	 -0.412327	 6.107230	 -0.530338	 -0.229925
 -0.069894	 -0.951602	 -0.412557	 6.109902	 -0.496900	 -0.215429
 -0.063784	 -0.952099	 -0.412772	 6.112359	 -0.463458	 -0.200930
 -0.057671	 -0.952562	 -0.412973	 6.114599	 -0.430013	 -0.186430
 -0.051557	 -0.952992	 -0.413160	 6.116624	 -0.396565	 -0.171929
 -0.045440	 -0.953389	 -0.413332	 6.118434	 -0.363116	 -0.157428
 -0.039322	 -0.953752	 -0.413489	 6.120028	 -0.329668	 -0.142927
 -0.033202	 -0.954082	 -0.413632	 6.121407	 -0.296221	 -0.128426
 -0.027080	 -0.954378	 -0.413760	 6.122571	 -0.262777	 -0.113927
 -0.020958	 -0.954641	 -0.413874	 6.123520	 -0.229336	 -0.099429
 -0.014834	 -0.954870	 -0.413974	 6.124254	 -0.195900	 -0.084933
 -0.008710	 -0.955066	 -0.414059	 6.124773	 -0.162470	 -0.070440
 -0.002585	 -0.955228	 -0.414129	 6.125078	 -0.129047	 -0.055949
 0.003540	 -0.955357	 -0.414185	 6.125168	 -0.095632	 -0.041463
 0.009665	 -0.955453	 -0.414227	 6.125045	 -0.062226	 -0.026980
 0.015790	 -0.955515	 -0.414254	 6.124707	 -0.028831	 -0.012502
 0.021915	 -0.955544	 -0.414266	 6.124155	 0.004553	 0.001971
 0.028039	 -0.955540	 -0.414264	 6.123390	 0.037924	 0.016439
 0.034162	 -0.955502	 -0.414248	 6.122411	 0.071281	 0.030901
 0.040285	 -0.955430	 -0.414217	 6.121219	 0.104623	 0.045356
 0.046406	 -0.955326	 -0.414171	 6.119814	 0.137950	 0.059804
 0.052526	 -0.955188	 -0.414112	 6.118196	 0.171259	 0.074245
 0.058644	 -0.955017	 -0.414037	 6.116365	 0.204550	 0.088678
 0.064760	 -0.954812	 -0.413949	 6.114322	 0.237821	 0.103102
 0.070875	 -0.954574	 -0.413846	 6.112067	 0.271072	 0.117518
 0.076987	 -0.954303	 -0.413728	 6.109599	 0.304302	 0.131924
 0.083096	 -0.953999	 -0.413596	 6.106920	 0.337509	 0.146321
 0.089203	 -0.953661	 -0.413450	 6.104030	 0.370692	 0.160707
 0.095307	 -0.953291	 -0.413289	 6.100929	 0.403850	 0.175082
 0.101408	 -0.952887	 -0.413114	 6.097616	 0.436982	 0.189446
 0.107506	 -0.952450	 -0.412925	 6.094093	 0.470087	 0.203799
 0.113600	 -0.951980	 -0.412721	 6.090360	 0.503164	 0.218139
 0.119690	 -0.951476	 -0.412503	 6.086416	 0.536212	 0.232466
 0.125777	 -0.950940	 -0.412270	 6.082263	 0.569229	 0.246781
 0.131859	 -0.950371	 -0.412023	 6.077900	 0.602215	 0.261081
 0.137937	 -0.949769	 -0.411762	 6.073328	 0.635168	 0.275368
 0.144010	 -0.949134	 -0.411487	 6.068547	 0.668088	 0.289640
 0.150079	 -0.948466	 -0.411197	 6.063557	 0.700974	 0.303897
 0.156142	 -0.947765	 -0.410893	 6.058359	 0.733823	 0.318139
 0.162201	 -0.947031	 -0.410575	 6.052953	 0.766636	 0.332364
 0.168254	 -0.946264	 -0.410243	 6.047340	 0.799411	 0.346573
 0.174301	 -0.945465	 -0.409896	 6.041519	 0.832146	 0.360766
 0.180342	 -0.944633	 -0.409536	 6.035491	 0.864842	 0.374941
 0.186378	 -0.943768	 -0.409161	 6.029257	 0.897497	 0.389098
 0.192407	 -0.942870	 -0.408772	 6.022817	 0.930110	 0.403237
 0.198430	 -0.941940	 -0.408368	 6.016171	 0.962679	 0.417357
 0.204446	 -0.940977	 -0.407951	 6.009319	 0.995204	 0.431458
 0.210455	 -0.939982	 -0.407519	 6.002262	 1.027684	 0.445539
 0.216458	 -0.938955	 -0.407074	 5.995000	 1.060118	 0.459600
 0.222453	 -0.937894	 -0.406614	 5.987534	 1.092504	 0.473641
 0.228440	 -0.936802	 -0.406141	 5.979864	 1.124842	 0.487661
 0.234420	 -0.935677	 -0.405653	 5.971991	 1.157130	 0.501659
 0.240392	 -0.934520	 -0.405151	 5.963914	 1.189368	 0.515635
 0.246356	 -0.933331	 -0.404636	 5.955634	 1.221554	 0.529589
 0.252312	 -0.932109	 -0.404106	 5.947153	 1.253688	 0.543521
 0.258259	 -0.930855	 -0.403563	 5.938469	 1.285768	 0.557429
 0.264197	 -0.929570	 -0.403005	 5.929584	 1.317793	 0.571313
 0.270127	 -0.928252	 -0.402434	 5.920497	 1.349763	 0.585173
 0.276047	 -0.926902	 -0.401849	 5.911211	 1.381676	 0.599009
 0.281959	 -0.925520	 -0.401250	 5.901723	 1.413532	 0.612819
 0.287860	 -0.924107	 -0.400637	 5.892037	 1.445328	 0.626604
 0.293752	 -0.922662	 -0.400010	 5.882151	 1.477065	 0.640364
 0.299634	 -0.921184	 -0.399370	 5.872066	 1.508742	 0.654097
 0.305507	 -0.919676	 -0.398716	 5.861782	 1.540356	 0.667803
 0.311368	 -0.918135	 -0.398048	 5.851301	 1.571908	 0.681482
 0.317220	 -0.916563	 -0.397367	 5.840622	 1.603396	 0.695133
 0.323060	 -0.914960	 -0.396671	 5.829747	 1.634819	 0.708756
 0.328890	 -0.913325	 -0.395963	 5.818675	 1.666177	 0.722351
 0.334709	 -0.911659	 -0.395240	 5.807407	 1.697468	 0.735917
 0.340516	 -0.909962	 -0.394504	 5.795944	 1.728691	 0.749454
 0.346312	 -0.908233	 -0.393755	 5.784285	 1.759846	 0.762960
 0.352096	 -0.906473	 -0.392992	 5.772433	 1.790931	 0.776437
 0.357869	 -0.904682	 -0.392216	 5.760386	 1.821945	 0.789883
 0.363629	 -0.902860	 -0.391426	 5.748146	 1.852888	 0.803298
 0.369377	 -0.901007	 -0.390622	 5.735713	 1.883758	 0.816681
 0.375113	 -0.899124	 -0.389806	 5.723087	 1.914554	 0.830033
 0.380836	 -0.897209	 -0.388976	 5.710270	 1.945276	 0.843352
 0.386546	 -0.895264	 -0.388132	 5.697262	 1.975923	 0.856638
 0.392244	 -0.893288	 -0.387276	 5.684063	 2.006493	 0.869892
 0.397928	 -0.891281	 -0.386406	 5.670673	 2.036986	 0.883111
 0.403598	 -0.889244	 -0.385523	 5.657094	 2.067400	 0.896297
 0.409255	 -0.887177	 -0.384626	 5.643326	 2.097736	 0.909449
 0.414899	 -0.885079	 -0.383717	 5.629369	 2.127990	 0.922565
 0.420528	 -0.882951	 -0.382794	 5.615225	 2.158164	 0.935647
 0.426143	 -0.880793	 -0.381859	 5.600893	 2.188256	 0.948693
 0.431744	 -0.878605	 -0.380910	 5.586374	 2.218264	 0.961703
 0.437331	 -0.876386	 -0.379948	 5.571669	 2.248189	 0.974676
 0.442902	 -0.874138	 -0.378974	 5.556779	 2.278029	 0.987613
 0.448459	 -0.871860	 -0.377986	 5.541703	 2.307783	 1.000513
 0.454001	 -0.869552	 -0.376986	 5.526443	 2.337450	 1.013375
 0.459527	 -0.867215	 -0.375972	 5.511000	 2.367030	 1.026198
 0.465038	 -0.864848	 -0.374946	 5.495373	 2.396521	 1.038984
 0.470534	 -0.862451	 -0.373907	 5.479563	 2.425922	 1.051731
 0.476013	 -0.860026	 -0.372855	 5.463572	 2.455233	 1.064438
 0.481477	 -0.857570	 -0.371791	 5.447399	 2.484453	 1.077106
 0.486924	 -0.855086	 -0.370714	 5.431045	 2.513581	 1.089734
 0.492355	 -0.852572	 -0.369624	 5.414512	 2.542615	 1.102322
 0.497770	 -0.850030	 -0.368522	 5.397799	 2.571556	 1.114869
 0.503167	 -0.847458	 -0.367407	 5.380907	 2.600402	 1.127375
 0.508548	 -0.844858	 -0.366279	 5.363837	 2.629152	 1.139839
 0.513912	 -0.842229	 -0.365140	 5.346589	 2.657805	 1.152261
 0.519259	 -0.839571	 -0.363987	 5.329165	 2.686361	 1.164641
 0.524588	 -0.836884	 -0.362823	 5.311564	 2.714819	 1.176979
 0.529900	 -0.834170	 -0.361646	 5.293788	 2.743177	 1.189273
 0.535193	 -0.831426	 -0.360456	 5.275838	 2.771436	 1.201525
 0.540469	 -0.828655	 -0.359255	 5.257713	 2.799593	 1.213732
 0.545727	 -0.825855	 -0.358041	 5.239414	 2.827648	 1.225895
 0.550966	 -0.823028	 -0.356815	 5.220943	 2.855601	 1.238014
 0.556187	 -0.820172	 -0.355577	 5.202299	 2.883451	 1.250087
 0.561390	 -0.817289	 -0.354327	 5.183485	 2.911195	 1.262116
 0.566573	 -0.814377	 -0.353065	 5.164499	 2.938835	 1.274099
 0.571738	 -0.811439	 -0.351791	 5.145344	 2.966369	 1.286036
 0.576883	 -0.808472	 -0.350505	 5.126019	 2.993796	 1.297926
 0.582009	 -0.805478	 -0.349207	 5.106525	 3.021115	 1.309770
 0.587115	 -0.802457	 -0.347897	 5.086864	 3.048325	 1.321567
 0.592202	 -0.799409	 -0.346576	 5.067035	 3.075426	 1.333317
 0.597269	 -0.796334	 -0.345242	 5.047041	 3.102417	 1.345018
 0.602316	 -0.793231	 -0.343897	 5.026880	 3.129297	 1.356672
 0.607343	 -0.790102	 -0.342541	 5.006554	 3.156066	 1.368277
 0.612350	 -0.786946	 -0.341172	 4.986064	 3.182721	 1.379833
 0.617336	 -0.783763	 -0.339792	 4.965411	 3.209263	 1.391340
 0.622301	 -0.780554	 -0.338401	 4.944595	 3.235691	 1.402798
 0.627246	 -0.777318	 -0.336998	 4.923617	 3.262004	 1.414206
 0.632169	 -0.774056	 -0.335584	 4.902477	 3.288201	 1.425563
 0.637072	 -0.770768	 -0.334159	 4.881178	 3.314282	 1.436870
 0.641953	 -0.767454	 -0.332722	 4.859718	 3.340245	 1.448126
 0.646813	 -0.764113	 -0.331274	 4.838099	 3.366090	 1.459331
 0.651651	 -0.760747	 -0.329814	 4.816323	 3.391816	 1.470484
 0.656467	 -0.757355	 -0.328344	 4.794388	 3.417422	 1.481585
 0.661262	 -0.753938	 -0.326862	 4.772297	 3.442908	 1.492635
 0.666034	 -0.750495	 -0.325370	 4.750051	 3.468273	 1.503631
 0.670784	 -0.747027	 -0.323866	 4.727649	 3.493516	 1.514575
 0.675512	 -0.743533	 -0.322351	 4.705093	 3.518635	 1.525465
 0.680217	 -0.740015	 -0.320826	 4.682383	 3.543632	 1.536302
 0.684899	 -0.736471	 -0.319290	 4.659521	 3.568504	 1.547085
 0.689559	 -0.732903	 -0.317742	 4.636507	 3.593251	 1.557814
 0.694195	 -0.729309	 -0.316185	 4.613341	 3.617873	 1.568489
 0.698809	 -0.725691	 -0.314616	 4.590026	 3.642368	 1.579108
 0.703399	 -0.722049	 -0.313037	 4.566561	 3.666735	 1.589673
 0.707965	 -0.718382	 -0.311447	 4.542947	 3.690975	 1.600182
 0.712508	 -0.714691	 -0.309847	 4.519185	 3.715086	 1.610635
 0.717027	 -0.710976	 -0.308237	 4.495277	 3.739068	 1.621032
 0.721523	 -0.707237	 -0.306616	 4.471222	 3.762920	 1.631373
 0.725994	 -0.703474	 -0.304984	 4.447022	 3.786641	 1.641657
 0.730441	 -0.699688	 -0.303343	 4.422677	 3.810231	 1.651884
 0.734863	 -0.695877	 -0.301691	 4.398188	 3.833688	 1.662053
 0.739262	 -0.692044	 -0.300029	 4.373557	 3.857013	 1.672165
 0.743635	 -0.688187	 -0.298356	 4.348784	 3.880204	 1.682220
 0.747984	 -0.684307	 -0.296674	 4.323870	 3.903260	 1.692216
 0.752308	 -0.680403	 -0.294982	 4.298815	 3.926182	 1.702153
 0.756607	 -0.676477	 -0.293280	 4.273621	 3.948968	 1.712032
 0.760880	 -0.672528	 -0.291568	 4.248288	 3.971618	 1.721851
 0.765129	 -0.668557	 -0.289846	 4.222817	 3.994131	 1.731612
 0.769351	 -0.664562	 -0.288114	 4.197210	 4.016506	 1.741312
 0.773549	 -0.660546	 -0.286373	 4.171467	 4.038743	 1.750953
 0.777720	 -0.656507	 -0.284622	 4.145588	 4.060841	 1.760533
 0.781866	 -0.652446	 -0.282862	 4.119576	 4.082800	 1.770053
 0.785985	 -0.648363	 -0.281091	 4.093430	 4.104618	 1.779512
 0.790079	 -0.644259	 -0.279312	 4.067151	 4.126295	 1.788910
 0.794146	 -0.640133	 -0.277523	 4.040741	 4.147831	 1.798247
 0.798187	 -0.635985	 -0.275725	 4.014200	 4.169224	 1.807522
 0.802201	 -0.631816	 -0.273917	 3.987530	 4.190475	 1.816735
 0.806188	 -0.627625	 -0.272101	 3.960730	 4.211583	 1.825886
 0.810149	 -0.623413	 -0.270275	 3.933803	 4.232546	 1.834974
 0.814083	 -0.619181	 -0.268440	 3.906748	 4.253365	 1.844000
 0.817990	 -0.614928	 -0.266596	 3.879567	 4.274038	 1.852963
 0.821869	 -0.610654	 -0.264743	 3.852261	 4.294566	 1.861862
 0.825721	 -0.606359	 -0.262881	 3.824830	 4.314947	 1.870698
 0.829546	 -0.602044	 -0.261010	 3.797276	 4.335181	 1.879470
 0.833343	 -0.597709	 -0.259131	 3.769600	 4.355267	 1.888179
 0.837113	 -0.593354	 -0.257243	 3.741801	 4.375205	 1.896823
 0.840855	 -0.588978	 -0.255346	 3.713883	 4.394994	 1.905402
 0.844569	 -0.584583	 -0.253440	 3.685844	 4.414634	 1.913917
 0.848255	 -0.580169	 -0.251526	 3.657686	 4.434124	 1.922366
 0.851912	 -0.575735	 -0.249604	 3.629411	 4.453463	 1.930750
 0.855542	 -0.571281	 -0.247673	 3.601018	 4.472651	 1.939069
 0.859143	 -0.566808	 -0.245734	 3.572510	 4.491687	 1.947322
 0.862715	 -0.562317	 -0.243787	 3.543886	 4.510571	 1.955509
 0.866259	 -0.557806	 -0.241831	 3.515149	 4.529302	 1.963630
 0.869774	 -0.553277	 -0.239868	 3.486298	 4.547880	 1.971684
 0.873261	 -0.548729	 -0.237896	 3.457334	 4.566304	 1.979672
 0.876718	 -0.544163	 -0.235916	 3.428260	 4.584574	 1.987592
 0.880146	 -0.539578	 -0.233929	 3.399075	 4.602688	 1.995446
 0.883545	 -0.534975	 -0.231933	 3.369781	 4.620647	 2.003232
 0.886915	 -0.530355	 -0.229930	 3.340378	 4.638450	 2.010950
 0.890255	 -0.525716	 -0.227919	 3.310868	 4.656097	 2.018600
 0.893566	 -0.521060	 -0.225901	 3.281251	 4.673586	 2.026183
 0.896848	 -0.516387	 -0.223874	 3.251529	 4.690918	 2.033697
 0.900099	 -0.511696	 -0.221841	 3.221702	 4.708091	 2.041142
 0.903321	 -0.506988	 -0.219800	 3.191772	 4.725106	 2.048519
 0.906513	 -0.502263	 -0.217751	 3.161739	 4.741962	 2.055827
 0.909674	 -0.497521	 -0.215695	 3.131605	 4.758659	 2.063065
 0.912806	 -0.492762	 -0.213632	 3.101369	 4.775195	 2.070234
 0.915907	 -0.487987	 -0.211562	 3.071035	 4.791571	 2.077334
 0.918978	 -0.483195	 -0.209485	 3.040601	 4.807785	 2.084363
 0.922019	 -0.478387	 -0.207400	 3.010070	 4.823839	 2.091323
 0.925029	 -0.473564	 -0.205309	 2.979442	 4.839730	 2.098213
 0.928008	 -0.468724	 -0.203211	 2.948718	 4.855459	 2.105032
 0.930957	 -0.463868	 -0.201106	 2.917900	 4.871024	 2.111780
 0.933875	 -0.458997	 -0.198994	 2.886988	 4.886427	 2.118458
 0.936762	 -0.454111	 -0.196875	 2.855983	 4.901666	 2.125064
 0.939618	 -0.449209	 -0.194750	 2.824887	 4.916740	 2.131600
 0.942443	 -0.444293	 -0.192619	 2.793700	 4.931650	 2.138064
 0.945237	 -0.439361	 -0.190481	 2.762423	 4.946395	 2.144456
 0.947999	 -0.434414	 -0.188336	 2.731058	 4.960974	 2.150777
 0.950730	 -0.429454	 -0.186185	 2.699605	 4.975387	 2.157026
 0.953430	 -0.424478	 -0.184028	 2.668065	 4.989634	 2.163202
 0.956098	 -0.419488	 -0.181865	 2.636440	 5.003714	 2.169306
 0.958734	 -0.414485	 -0.179696	 2.604730	 5.017626	 2.175338
 0.961339	 -0.409467	 -0.177521	 2.572937	 5.031371	 2.181297
 0.963912	 -0.404436	 -0.175339	 2.541060	 5.044949	 2.187183
 0.966453	 -0.399391	 -0.173152	 2.509103	 5.058357	 2.192996
 0.968962	 -0.394332	 -0.170959	 2.477065	 5.071597	 2.198736
 0.971439	 -0.389261	 -0.168760	 2.444947	 5.084668	 2.204403
 0.973884	 -0.384176	 -0.166556	 2.412752	 5.097569	 2.209996
 0.976297	 -0.379079	 -0.164346	 2.380478	 5.110300	 2.215516
 0.978677	 -0.373968	 -0.162130	 2.348128	 5.122861	 2.220961
 0.981025	 -0.368845	 -0.159909	 2.315703	 5.135251	 2.226333
 0.983341	 -0.363710	 -0.157683	 2.283204	 5.147470	 2.231630
 0.985624	 -0.358563	 -0.155452	 2.250632	 5.159518	 2.236854
 0.987875	 -0.353403	 -0.153215	 2.217987	 5.171394	 2.242002
 0.990093	 -0.348232	 -0.150973	 2.185271	 5.183097	 2.247076
 0.992278	 -0.343049	 -0.148726	 2.152485	 5.194629	 2.252076
 0.994431	 -0.337854	 -0.146474	 2.119630	 5.205987	 2.257000
 0.996550	 -0.332648	 -0.144217	 2.086707	 5.217173	 2.261849
 0.998637	 -0.327431	 -0.141955	 2.053717	 5.228185	 2.266624
 1.000691	 -0.322203	 -0.139688	 2.020661	 5.239023	 2.271322
 1.002711	 -0.316964	 -0.137417	 1.987541	 5.249687	 2.275946
 1.004699	 -0.311714	 -0.135141	 1.954356	 5.260177	 2.280494
 1.006653	 -0.306454	 -0.132860	 1.921109	 5.270492	 2.284966
 1.008574	 -0.301183	 -0.130575	 1.887800	 5.280632	 2.289362
 1.010462	 -0.295903	 -0.128286	 1.854431	 5.290597	 2.293682
 1.012317	 -0.290612	 -0.125992	 1.821002	 5.300387	 2.297926
 1.014138	 -0.285312	 -0.123694	 1.787514	 5.310000	 2.302094
 1.015925	 -0.280002	 -0.121392	 1.753970	 5.319437	 2.306185
 1.017679	 -0.274682	 -0.119086	 1.720369	 5.328698	 2.310200
 1.019399	 -0.269354	 -0.116776	 1.686712	 5.337782	 2.314139
 1.021086	 -0.264016	 -0.114462	 1.653002	 5.346690	 2.318000
 1.022739	 -0.258669	 -0.112144	 1.619238	 5.355420	 2.321785
 1.024358	 -0.253314	 -0.109822	 1.585423	 5.363972	 2.325493
 1.025944	 -0.247950	 -0.107496	 1.551556	 5.372347	 2.329124
 1.027495	 -0.242577	 -0.105167	 1.517640	 5.380544	 2.332678
 1.029013	 -0.237197	 -0.102835	 1.483674	 5.388563	 2.336154
 1.030497	 -0.231808	 -0.100498	 1.449662	 5.396403	 2.339553
 1.031946	 -0.226412	 -0.098159	 1.415602	 5.404065	 2.342875
 1.033362	 -0.221008	 -0.095816	 1.381497	 5.411547	 2.346119
 1.034743	 -0.215596	 -0.093470	 1.347347	 5.418851	 2.349285
 1.036091	 -0.210177	 -0.091121	 1.313155	 5.425975	 2.352374
 1.037404	 -0.204751	 -0.088768	 1.278919	 5.432920	 2.355385
 1.038683	 -0.199319	 -0.086413	 1.244643	 5.439685	 2.358318
 1.039928	 -0.193879	 -0.084055	 1.210327	 5.446270	 2.361173
 1.041138	 -0.188433	 -0.081693	 1.175971	 5.452675	 2.363950
 1.042314	 -0.182980	 -0.079329	 1.141578	 5.458900	 2.366648
 1.043455	 -0.177521	 -0.076963	 1.107148	 5.464944	 2.369269
 1.044563	 -0.172056	 -0.074594	 1.072682	 5.470808	 2.371811
 1.045635	 -0.166585	 -0.072222	 1.038181	 5.476491	 2.374275
 1.046673	 -0.161109	 -0.069847	 1.003647	 5.481993	 2.376660
 1.047677	 -0.155627	 -0.067471	 0.969081	 5.487313	 2.378967
 1.048646	 -0.150139	 -0.065092	 0.934483	 5.492453	 2.381195
 1.049581	 -0.144647	 -0.062711	 0.899855	 5.497410	 2.383344
 1.050480	 -0.139150	 -0.060327	 0.865198	 5.502187	 2.385415
 1.051346	 -0.133647	 -0.057942	 0.830513	 5.506781	 2.387407
 1.052176	 -0.128141	 -0.055554	 0.795800	 5.511194	 2.389320
 1.052972	 -0.122629	 -0.053165	 0.761062	 5.515424	 2.391154
 1.053733	 -0.117114	 -0.050774	 0.726300	 5.519473	 2.392909
 1.054459	 -0.111595	 -0.048381	 0.691513	 5.523339	 2.394585
 1.055151	 -0.106071	 -0.045986	 0.656705	 5.527023	 2.396182
 1.055808	 -0.100544	 -0.043590	 0.621874	 5.530524	 2.397700
 1.056429	 -0.095014	 -0.041193	 0.587024	 5.533843	 2.399139
 1.057016	 -0.089480	 -0.038793	 0.552154	 5.536979	 2.400499
 1.057569	 -0.083943	 -0.036393	 0.517266	 5.539933	 2.401779
 1.058086	 -0.078403	 -0.033991	 0.482361	 5.542703	 2.402980
 1.058568	 -0.072860	 -0.031588	 0.447441	 5.545291	 2.404102
 1.059016	 -0.067315	 -0.029184	 0.412505	 5.547695	 2.405145
 1.059428	 -0.061767	 -0.026779	 0.377556	 5.549917	 2.406108
 1.059806	 -0.056217	 -0.024373	 0.342595	 5.551955	 2.406992
 1.060148	 -0.050665	 -0.021966	 0.307622	 5.553810	 2.407796
 1.060456	 -0.045112	 -0.019558	 0.272638	 5.555482	 2.408521
 1.060729	 -0.039556	 -0.017150	 0.237646	 5.556971	 2.409166
 1.060966	 -0.033999	 -0.014740	 0.202645	 5.558276	 2.409732
 1.061169	 -0.028441	 -0.012331	 0.167637	 5.559398	 2.410218
 1.061337	 -0.022881	 -0.009920	 0.132624	 5.560336	 2.410625
 1.061469	 -0.017321	 -0.007510	 0.097606	 5.561091	 2.410953
 1.061567	 -0.011760	 -0.005099	 0.062584	 5.561663	 2.411200
 1.061629	 -0.006198	 -0.002688	 0.027560	 5.562051	 2.411369
 1.061657	 -0.000636	 -0.000276	 -0.007466	 5.562255	 2.411457
 1.061649	 0.004926	 0.002135	 -0.042492	 5.562276	 2.411466
 1.061607	 0.010488	 0.004547	 -0.077517	 5.562114	 2.411396
 1.061529	 0.016050	 0.006958	 -0.112541	 5.561768	 2.411246
 1.061417	 0.021612	 0.009369	 -0.147561	 5.561238	 2.411016
 1.061269	 0.027173	 0.011780	 -0.182577	 5.560525	 2.410707
 1.061087	 0.032734	 0.014191	 -0.217588	 5.559629	 2.410319
 1.060869	 0.038294	 0.016601	 -0.252592	 5.558549	 2.409850
 1.060617	 0.043852	 0.019011	 -0.287589	 5.557286	 2.409303
 1.060329	 0.049409	 0.021420	 -0.322577	 5.555839	 2.408676
 1.060006	 0.054965	 0.023829	 -0.357555	 5.554209	 2.407969
 1.059649	 0.060519	 0.026237	 -0.392523	 5.552396	 2.407183
 1.059256	 0.066072	 0.028644	 -0.427479	 5.550399	 2.406317
 1.058829	 0.071622	 0.031051	 -0.462421	 5.548220	 2.405373
 1.058366	 0.077170	 0.033456	 -0.497349	 5.545857	 2.404348
 1.057869	 0.082716	 0.035860	 -0.532262	 5.543312	 2.403245
 1.057337	 0.088260	 0.038264	 -0.567159	 5.540583	 2.402062
 1.056770	 0.093800	 0.040666	 -0.602038	 5.537671	 2.400799
 1.056168	 0.099338	 0.043066	 -0.636898	 5.534577	 2.399458
 1.055531	 0.104872	 0.045466	 -0.671738	 5.531300	 2.398037
 1.054859	 0.110404	 0.047864	 -0.706558	 5.527841	 2.396537
 1.054152	 0.115932	 0.050260	 -0.741355	 5.524199	 2.394959
 1.053411	 0.121456	 0.052655	 -0.776130	 5.520374	 2.393301
 1.052635	 0.126976	 0.055049	 -0.810880	 5.516368	 2.391564
 1.051824	 0.132493	 0.057440	 -0.845605	 5.512179	 2.389748
 1.050978	 0.138005	 0.059830	 -0.880303	 5.507808	 2.387853
 1.050098	 0.143513	 0.062218	 -0.914974	 5.503256	 2.385879
 1.049183	 0.149016	 0.064604	 -0.949616	 5.498521	 2.383826
 1.048234	 0.154514	 0.066988	 -0.984228	 5.493605	 2.381695
 1.047249	 0.160008	 0.069369	 -1.018809	 5.488508	 2.379485
 1.046231	 0.165496	 0.071749	 -1.053359	 5.483229	 2.377197
 1.045177	 0.170980	 0.074126	 -1.087875	 5.477769	 2.374830
 1.044089	 0.176457	 0.076501	 -1.122357	 5.472128	 2.372384
 1.042967	 0.181930	 0.078873	 -1.156804	 5.466307	 2.369860
 1.041810	 0.187396	 0.081243	 -1.191214	 5.460304	 2.367258
 1.040619	 0.192856	 0.083610	 -1.225586	 5.454122	 2.364578
 1.039393	 0.198310	 0.085975	 -1.259920	 5.447759	 2.361819
 1.038133	 0.203758	 0.088337	 -1.294215	 5.441215	 2.358982
 1.036839	 0.209199	 0.090696	 -1.328468	 5.434492	 2.356068
 1.035511	 0.214634	 0.093052	 -1.362679	 5.427590	 2.353075
 1.034148	 0.220061	 0.095405	 -1.396848	 5.420507	 2.350005
 1.032751	 0.225482	 0.097755	 -1.430972	 5.413246	 2.346856
 1.031320	 0.230895	 0.100102	 -1.465051	 5.405806	 2.343631
 1.029855	 0.236301	 0.102445	 -1.499083	 5.398186	 2.340327
 1.028356	 0.241699	 0.104786	 -1.533068	 5.390388	 2.336947
 1.026823	 0.247089	 0.107123	 -1.567005	 5.382412	 2.333489
 1.025256	 0.252472	 0.109456	 -1.600891	 5.374258	 2.329954
 1.023655	 0.257846	 0.111786	 -1.634728	 5.365926	 2.326341
 1.022020	 0.263212	 0.114112	 -1.668512	 5.357416	 2.322652
 1.020352	 0.268569	 0.116435	 -1.702243	 5.348729	 2.318886
 1.018650	 0.273918	 0.118754	 -1.735920	 5.339864	 2.315043
 1.016914	 0.279258	 0.121069	 -1.769542	 5.330823	 2.311123
 1.015144	 0.284589	 0.123380	 -1.803108	 5.321606	 2.307127
 1.013341	 0.289911	 0.125687	 -1.836617	 5.312212	 2.303054
 1.011504	 0.295223	 0.127990	 -1.870067	 5.302642	 2.298905
 1.009634	 0.300525	 0.130289	 -1.903458	 5.292896	 2.294680
 1.007731	 0.305818	 0.132584	 -1.936788	 5.282975	 2.290379
 1.005794	 0.311101	 0.134874	 -1.970057	 5.272879	 2.286002
 1.003824	 0.316374	 0.137160	 -2.003263	 5.262608	 2.281549
 1.001821	 0.321637	 0.139442	 -2.036405	 5.252163	 2.277021
 0.999784	 0.326889	 0.141719	 -2.069483	 5.241543	 2.272417
 0.997715	 0.332130	 0.143991	 -2.102494	 5.230750	 2.267737
 0.995612	 0.337361	 0.146259	 -2.135438	 5.219783	 2.262983
 0.993477	 0.342581	 0.148522	 -2.168315	 5.208643	 2.258153
 0.991309	 0.347790	 0.150780	 -2.201122	 5.197330	 2.253249
 0.989108	 0.352987	 0.153033	 -2.233859	 5.185844	 2.248269
 0.986874	 0.358173	 0.155282	 -2.266524	 5.174187	 2.243215
 0.984607	 0.363347	 0.157525	 -2.299118	 5.162358	 2.238087
 0.982308	 0.368509	 0.159763	 -2.331638	 5.150357	 2.232884
 0.979976	 0.373660	 0.161996	 -2.364083	 5.138185	 2.227607
 0.977612	 0.378798	 0.164223	 -2.396453	 5.125843	 2.222256
 0.975216	 0.383924	 0.166446	 -2.428746	 5.113330	 2.216831
 0.972787	 0.389037	 0.168663	 -2.460962	 5.100647	 2.211333
 0.970326	 0.394138	 0.170874	 -2.493099	 5.087795	 2.205761
 0.967833	 0.399225	 0.173080	 -2.525156	 5.074774	 2.200116
 0.965308	 0.404300	 0.175280	 -2.557133	 5.061583	 2.194397
 0.962751	 0.409362	 0.177474	 -2.589027	 5.048225	 2.188606
 0.960162	 0.414410	 0.179663	 -2.620839	 5.034699	 2.182742
 0.957541	 0.419445	 0.181845	 -2.652567	 5.021005	 2.176805
 0.954888	 0.424466	 0.184022	 -2.684210	 5.007144	 2.170796
 0.952204	 0.429473	 0.186193	 -2.715767	 4.993116	 2.164714
 0.949488	 0.434466	 0.188358	 -2.747236	 4.978922	 2.158561
 0.946741	 0.439445	 0.190516	 -2.778618	 4.964563	 2.152335
 0.943963	 0.444410	 0.192669	 -2.809911	 4.950038	 2.146038
 0.941153	 0.449360	 0.194815	 -2.841113	 4.935348	 2.139669
 0.938311	 0.454295	 0.196954	 -2.872224	 4.920494	 2.133229
 0.935439	 0.459215	 0.199088	 -2.903243	 4.905475	 2.126718
 0.932536	 0.464121	 0.201214	 -2.934169	 4.890294	 2.120137
 0.929602	 0.469011	 0.203334	 -2.965001	 4.874949	 2.113484
 0.926637	 0.473886	 0.205448	 -2.995737	 4.859442	 2.106761
 0.923641	 0.478746	 0.207555	 -3.026377	 4.843772	 2.099968
 0.920615	 0.483589	 0.209655	 -3.056920	 4.827941	 2.093104
 0.917558	 0.488417	 0.211748	 -3.087365	 4.811949	 2.086171
 0.914470	 0.493229	 0.213834	 -3.117710	 4.795796	 2.079168
 0.911353	 0.498025	 0.215913	 -3.147955	 4.779483	 2.072096
 0.908205	 0.502804	 0.217985	 -3.178098	 4.763011	 2.064954
 0.905027	 0.507568	 0.220050	 -3.208140	 4.746379	 2.057744
 0.901819	 0.512314	 0.222108	 -3.238078	 4.729589	 2.050465
 0.898580	 0.517043	 0.224158	 -3.267911	 4.712641	 2.043117
 0.895313	 0.521756	 0.226201	 -3.297640	 4.695535	 2.035701
 0.892015	 0.526452	 0.228237	 -3.327262	 4.678272	 2.028217
 0.888688	 0.531130	 0.230265	 -3.356777	 4.660853	 2.020665
 0.885331	 0.535791	 0.232286	 -3.386183	 4.643278	 2.013046
 0.881945	 0.540434	 0.234299	 -3.415481	 4.625547	 2.005359
 0.878529	 0.545060	 0.236304	 -3.444668	 4.607662	 1.997605
 0.875085	 0.549667	 0.238302	 -3.473744	 4.589623	 1.989784
 0.871611	 0.554257	 0.240292	 -3.502708	 4.571430	 1.981897
 0.868108	 0.558828	 0.242274	 -3.531559	 4.553083	 1.973943
 0.864577	 0.563381	 0.244248	 -3.560296	 4.534585	 1.965923
 0.861016	 0.567916	 0.246214	 -3.588918	 4.515934	 1.957837
 0.857427	 0.572432	 0.248171	 -3.617423	 4.497132	 1.949686
 0.853810	 0.576929	 0.250121	 -3.645812	 4.478179	 1.941469
 0.850164	 0.581407	 0.252063	 -3.674083	 4.459076	 1.933187
 0.846490	 0.585866	 0.253996	 -3.702235	 4.439823	 1.924840
 0.842788	 0.590306	 0.255921	 -3.730267	 4.420422	 1.916429
 0.839058	 0.594727	 0.257837	 -3.758179	 4.400872	 1.907953
 0.835299	 0.599127	 0.259745	 -3.785969	 4.381174	 1.899414
 0.831513	 0.603509	 0.261644	 -3.813636	 4.361330	 1.890810
 0.827700	 0.607870	 0.263535	 -3.841180	 4.341339	 1.882143
 0.823859	 0.612211	 0.265417	 -3.868600	 4.321202	 1.873413
 0.819990	 0.616532	 0.267291	 -3.895894	 4.300919	 1.864620
 0.816094	 0.620833	 0.269155	 -3.923061	 4.280492	 1.855764
 0.812171	 0.625114	 0.271011	 -3.950102	 4.259922	 1.846846
 0.808221	 0.629374	 0.272858	 -3.977014	 4.239208	 1.837866
 0.804244	 0.633613	 0.274696	 -4.003798	 4.218351	 1.828823
 0.800240	 0.637831	 0.276525	 -4.030451	 4.197352	 1.819720
 0.796210	 0.642029	 0.278344	 -4.056974	 4.176213	 1.810555
 0.792153	 0.646205	 0.280155	 -4.083365	 4.154932	 1.801329
 0.788069	 0.650360	 0.281956	 -4.109623	 4.133512	 1.792042
 0.783960	 0.654493	 0.283748	 -4.135748	 4.111952	 1.782695
 0.779824	 0.658605	 0.285531	 -4.161738	 4.090254	 1.773288
 0.775662	 0.662696	 0.287304	 -4.187593	 4.068418	 1.763821
 0.771475	 0.666764	 0.289068	 -4.213312	 4.046444	 1.754295
 0.767261	 0.670810	 0.290822	 -4.238894	 4.024335	 1.744710
 0.763022	 0.674835	 0.292567	 -4.264338	 4.002089	 1.735065
 0.758758	 0.678837	 0.294302	 -4.289644	 3.979709	 1.725363
 0.754468	 0.682817	 0.296028	 -4.314809	 3.957194	 1.715601
 0.750154	 0.686774	 0.297743	 -4.339834	 3.934545	 1.705782
 0.745814	 0.690708	 0.299449	 -4.364718	 3.911764	 1.695906
 0.741449	 0.694620	 0.301145	 -4.389460	 3.888850	 1.685972
 0.737060	 0.698509	 0.302831	 -4.414058	 3.865805	 1.675981
 0.732646	 0.702375	 0.304507	 -4.438513	 3.842629	 1.665933
 0.728207	 0.706217	 0.306173	 -4.462823	 3.819324	 1.655829
 0.723744	 0.710037	 0.307829	 -4.486988	 3.795889	 1.645670
 0.719257	 0.713833	 0.309474	 -4.511006	 3.772326	 1.635454
 0.714746	 0.717605	 0.311110	 -4.534877	 3.748635	 1.625183
 0.710211	 0.721354	 0.312735	 -4.558600	 3.724817	 1.614857
 0.705653	 0.725078	 0.314350	 -4.582174	 3.700873	 1.604476
 0.701071	 0.728779	 0.315954	 -4.605599	 3.676803	 1.594041
 0.696465	 0.732456	 0.317548	 -4.628873	 3.652609	 1.583552
 0.691836	 0.736109	 0.319132	 -4.651996	 3.628292	 1.573010
 0.687184	 0.739737	 0.320705	 -4.674966	 3.603851	 1.562414
 0.682509	 0.743341	 0.322267	 -4.697785	 3.579288	 1.551765
 0.677811	 0.746920	 0.323819	 -4.720449	 3.554603	 1.541063
 0.673091	 0.750475	 0.325360	 -4.742959	 3.529798	 1.530309
 0.668348	 0.754004	 0.326890	 -4.765314	 3.504873	 1.519503
 0.663583	 0.757509	 0.328410	 -4.787513	 3.479829	 1.508645
 0.658795	 0.760989	 0.329919	 -4.809555	 3.454667	 1.497736
 0.653986	 0.764444	 0.331416	 -4.831440	 3.429387	 1.486777
 0.649154	 0.767873	 0.332903	 -4.853167	 3.403991	 1.475766
 0.644301	 0.771277	 0.334379	 -4.874734	 3.378479	 1.464706
 0.639426	 0.774656	 0.335844	 -4.896142	 3.352852	 1.453596
 0.634530	 0.778009	 0.337297	 -4.917390	 3.327111	 1.442436
 0.629613	 0.781336	 0.338740	 -4.938476	 3.301257	 1.431227
 0.624674	 0.784637	 0.340171	 -4.959400	 3.275290	 1.419970
 0.619715	 0.787912	 0.341591	 -4.980162	 3.249212	 1.408664
 0.614735	 0.791161	 0.342999	 -5.000760	 3.223023	 1.397310
 0.609734	 0.794384	 0.344397	 -5.021195	 3.196724	 1.385908
 0.604713	 0.797581	 0.345783	 -5.041464	 3.170316	 1.374459
 0.599671	 0.800751	 0.347157	 -5.061568	 3.143801	 1.362964
 0.594610	 0.803895	 0.348520	 -5.081506	 3.117177	 1.351422
 0.589528	 0.807012	 0.349872	 -5.101276	 3.090448	 1.339833
 0.584427	 0.810103	 0.351211	 -5.120879	 3.063613	 1.328199
 0.579306	 0.813167	 0.352540	 -5.140314	 3.036673	 1.316520
 0.574166	 0.816203	 0.353856	 -5.159580	 3.009630	 1.304795
 0.569006	 0.819213	 0.355161	 -5.178677	 2.982483	 1.293026
 0.563827	 0.822195	 0.356454	 -5.197603	 2.955235	 1.281213
 0.558630	 0.825151	 0.357735	 -5.216358	 2.927886	 1.269356
 0.553413	 0.828078	 0.359004	 -5.234941	 2.900436	 1.257456
 0.548178	 0.830979	 0.360262	 -5.253352	 2.872888	 1.245512
 0.542925	 0.833852	 0.361507	 -5.271590	 2.845241	 1.233526
 0.537654	 0.836697	 0.362741	 -5.289655	 2.817496	 1.221498
 0.532364	 0.839514	 0.363962	 -5.307545	 2.789655	 1.209428
 0.527056	 0.842304	 0.365172	 -5.325261	 2.761718	 1.197316
 0.521731	 0.845066	 0.366369	 -5.342801	 2.733687	 1.185163
 0.516388	 0.847800	 0.367554	 -5.360165	 2.705562	 1.172970
 0.511028	 0.850505	 0.368727	 -5.377352	 2.677344	 1.160737
 0.505651	 0.853182	 0.369888	 -5.394362	 2.649034	 1.148463
 0.500256	 0.855831	 0.371037	 -5.411194	 2.620633	 1.136150
 0.494845	 0.858452	 0.372173	 -5.427848	 2.592143	 1.123798
 0.489417	 0.861044	 0.373296	 -5.444323	 2.563563	 1.111408
 0.483973	 0.863608	 0.374408	 -5.460617	 2.534895	 1.098979
 0.478512	 0.866143	 0.375507	 -5.476732	 2.506140	 1.086513
 0.473036	 0.868649	 0.376593	 -5.492666	 2.477298	 1.074009
 0.467543	 0.871126	 0.377667	 -5.508418	 2.448372	 1.061468
 0.462035	 0.873575	 0.378729	 -5.523989	 2.419361	 1.048891
 0.456511	 0.875994	 0.379778	 -5.539377	 2.390266	 1.036277
 0.450971	 0.878384	 0.380814	 -5.554582	 2.361090	 1.023628
 0.445417	 0.880745	 0.381838	 -5.569603	 2.331832	 1.010944
 0.439847	 0.883077	 0.382849	 -5.584440	 2.302493	 0.998224
 0.434263	 0.885380	 0.383847	 -5.599093	 2.273076	 0.985470
 0.428664	 0.887653	 0.384832	 -5.613560	 2.243579	 0.972683
 0.423050	 0.889896	 0.385805	 -5.627842	 2.214006	 0.959861
 0.417422	 0.892110	 0.386765	 -5.641937	 2.184355	 0.947007
 0.411780	 0.894295	 0.387712	 -5.655846	 2.154630	 0.934119
 0.406124	 0.896449	 0.388646	 -5.669568	 2.124830	 0.921200
 0.400455	 0.898574	 0.389567	 -5.683102	 2.094956	 0.908248
 0.394772	 0.900669	 0.390475	 -5.696447	 2.065010	 0.895266
 0.389075	 0.902734	 0.391371	 -5.709604	 2.034992	 0.882252
 0.383366	 0.904769	 0.392253	 -5.722572	 2.004904	 0.869207
 0.377643	 0.906774	 0.393122	 -5.735351	 1.974746	 0.856133
 0.371908	 0.908749	 0.393978	 -5.747939	 1.944520	 0.843029
 0.366160	 0.910693	 0.394821	 -5.760336	 1.914227	 0.829895
 0.360399	 0.912607	 0.395651	 -5.772543	 1.883867	 0.816733
 0.354627	 0.914491	 0.396468	 -5.784559	 1.853441	 0.803542
 0.348842	 0.916345	 0.397271	 -5.796382	 1.822952	 0.790324
 0.343046	 0.918168	 0.398062	 -5.808013	 1.792398	 0.777078
 0.337238	 0.919960	 0.398839	 -5.819452	 1.761783	 0.763805
 0.331418	 0.921722	 0.399603	 -5.830697	 1.731106	 0.750505
 0.325588	 0.923453	 0.400353	 -5.841749	 1.700369	 0.737180
 0.319746	 0.925153	 0.401090	 -5.852607	 1.669573	 0.723828
 0.313893	 0.926823	 0.401814	 -5.863271	 1.638719	 0.710452
 0.308030	 0.928462	 0.402525	 -5.873740	 1.607807	 0.697050
 0.302156	 0.930069	 0.403222	 -5.884014	 1.576840	 0.683625
 0.296272	 0.931646	 0.403905	 -5.894092	 1.545817	 0.670175
 0.290378	 0.933192	 0.404575	 -5.903975	 1.514740	 0.656702
 0.284474	 0.934707	 0.405232	 -5.913661	 1.483611	 0.643206
 0.278561	 0.936190	 0.405875	 -5.923151	 1.452429	 0.629688
 0.272637	 0.937643	 0.406505	 -5.932445	 1.421197	 0.616147
 0.266705	 0.939064	 0.407121	 -5.941540	 1.389915	 0.602585
 0.260763	 0.940454	 0.407724	 -5.950439	 1.358584	 0.589002
 0.254813	 0.941813	 0.408313	 -5.959139	 1.327205	 0.575398
 0.248854	 0.943140	 0.408888	 -5.967641	 1.295780	 0.561774
 0.242886	 0.944436	 0.409450	 -5.975945	 1.264309	 0.548131
 0.236910	 0.945700	 0.409998	 -5.984050	 1.232794	 0.534467
 0.230926	 0.946933	 0.410533	 -5.991956	 1.201236	 0.520786
 0.224934	 0.948134	 0.411053	 -5.999662	 1.169635	 0.507085
 0.218935	 0.949304	 0.411560	 -6.007169	 1.137993	 0.493367
 0.212927	 0.950442	 0.412054	 -6.014476	 1.106311	 0.479632
 0.206913	 0.951548	 0.412533	 -6.021582	 1.074589	 0.465879
 0.200891	 0.952622	 0.412999	 -6.028488	 1.042830	 0.452110
 0.194863	 0.953665	 0.413451	 -6.035194	 1.011034	 0.438326
 0.188828	 0.954676	 0.413890	 -6.041698	 0.979202	 0.424525
 0.182786	 0.955655	 0.414314	 -6.048001	 0.947335	 0.410710
 0.176738	 0.956603	 0.414725	 -6.054103	 0.915434	 0.396879
 0.170684	 0.957518	 0.415122	 -6.060002	 0.883501	 0.383035
 0.164624	 0.958402	 0.415505	 -6.065700	 0.851537	 0.369177
 0.158558	 0.959253	 0.415874	 -6.071196	 0.819542	 0.355306
 0.152487	 0.960073	 0.416229	 -6.076489	 0.787517	 0.341422
 0.146411	 0.960860	 0.416571	 -6.081580	 0.755465	 0.327526
 0.140329	 0.961616	 0.416898	 -6.086468	 0.723385	 0.313619
 0.134243	 0.962339	 0.417212	 -6.091154	 0.691280	 0.299700
 0.128151	 0.963030	 0.417512	 -6.095636	 0.659149	 0.285770
 0.122056	 0.963690	 0.417797	 -6.099915	 0.626995	 0.271829
 0.115956	 0.964317	 0.418069	 -6.103990	 0.594818	 0.257879
 0.109852	 0.964911	 0.418327	 -6.107862	 0.562619	 0.243920
 0.103744	 0.965474	 0.418571	 -6.111530	 0.530400	 0.229952
 0.097632	 0.966004	 0.418801	 -6.114994	 0.498161	 0.215975
 0.091517	 0.966503	 0.419017	 -6.118254	 0.465904	 0.201990
 0.085399	 0.966969	 0.419219	 -6.121310	 0.433630	 0.187998
 0.079278	 0.967402	 0.419407	 -6.124162	 0.401340	 0.173999
 0.073154	 0.967803	 0.419581	 -6.126809	 0.369034	 0.159994
 0.067027	 0.968173	 0.419741	 -6.129252	 0.336715	 0.145982
 0.060898	 0.968509	 0.419887	 -6.131490	 0.304384	 0.131965
 0.054766	 0.968814	 0.420019	 -6.133524	 0.272040	 0.117943
 0.048633	 0.969086	 0.420137	 -6.135353	 0.239686	 0.103916
 0.042497	 0.969325	 0.420241	 -6.136977	 0.207323	 0.089885
 0.036360	 0.969533	 0.420331	 -6.138396	 0.174951	 0.075851
 0.030222	 0.969708	 0.420407	 -6.139611	 0.142572	 0.061813
 0.024082	 0.969850	 0.420468	 -6.140620	 0.110187	 0.047773
 0.017942	 0.969960	 0.420516	 -6.141424	 0.077797	 0.033730
 0.011800	 0.970038	 0.420550	 -6.142024	 0.045403	 0.019686
 0.005658	 0.970084	 0.420570	 -6.142418	 0.013006	 0.005641
 -0.000484	 0.970097	 0.420575	 -6.142607	 -0.019392	 -0.008405
 -0.006627	 0.970077	 0.420567	 -6.142590	 -0.051791	 -0.022451
 -0.012769	 0.970025	 0.420544	 -6.142369	 -0.084189	 -0.036497
 -0.018912	 0.969941	 0.420508	 -6.141943	 -0.116586	 -0.050542
 -0.025054	 0.969825	 0.420457	 -6.141311	 -0.148979	 -0.064586
 -0.031195	 0.969676	 0.420393	 -6.140474	 -0.181369	 -0.078628
 -0.037335	 0.969494	 0.420314	 -6.139433	 -0.213754	 -0.092668
 -0.043475	 0.969281	 0.420221	 -6.138186	 -0.246132	 -0.106705
 -0.049613	 0.969034	 0.420115	 -6.136734	 -0.278503	 -0.120740
 -0.055750	 0.968756	 0.419994	 -6.135077	 -0.310866	 -0.134770
 -0.061885	 0.968445	 0.419859	 -6.133215	 -0.343219	 -0.148796
 -0.068018	 0.968102	 0.419710	 -6.131148	 -0.375562	 -0.162818
 -0.074149	 0.967726	 0.419548	 -6.128877	 -0.407892	 -0.176835
 -0.080278	 0.967318	 0.419371	 -6.126400	 -0.440210	 -0.190846
 -0.086405	 0.966878	 0.419180	 -6.123719	 -0.472514	 -0.204851
 -0.092528	 0.966406	 0.418975	 -6.120834	 -0.504803	 -0.218849
 -0.098649	 0.965901	 0.418756	 -6.117744	 -0.537075	 -0.232841
 -0.104767	 0.965364	 0.418523	 -6.114450	 -0.569330	 -0.246825
 -0.110881	 0.964794	 0.418277	 -6.110951	 -0.601567	 -0.260800
 -0.116992	 0.964193	 0.418016	 -6.107249	 -0.633784	 -0.274768
 -0.123100	 0.963559	 0.417741	 -6.103342	 -0.665980	 -0.288726
 -0.129203	 0.962893	 0.417452	 -6.099232	 -0.698155	 -0.302675
 -0.135302	 0.962195	 0.417150	 -6.094917	 -0.730307	 -0.316614
 -0.141397	 0.961465	 0.416833	 -6.090400	 -0.762434	 -0.330543
 -0.147487	 0.960702	 0.416502	 -6.085679	 -0.794537	 -0.344461
 -0.153573	 0.959908	 0.416158	 -6.080754	 -0.826613	 -0.358367
 -0.159654	 0.959081	 0.415800	 -6.075627	 -0.858662	 -0.372261
 -0.165729	 0.958222	 0.415427	 -6.070296	 -0.890682	 -0.386143
 -0.171800	 0.957332	 0.415041	 -6.064764	 -0.922673	 -0.400013
 -0.177865	 0.956409	 0.414641	 -6.059028	 -0.954633	 -0.413869
 -0.183924	 0.955454	 0.414227	 -6.053090	 -0.986562	 -0.427711
 -0.189977	 0.954468	 0.413800	 -6.046950	 -1.018457	 -0.441539
 -0.196024	 0.953449	 0.413358	 -6.040609	 -1.050319	 -0.455352
 -0.202064	 0.952399	 0.412903	 -6.034065	 -1.082145	 -0.469150
 -0.208098	 0.951317	 0.412434	 -6.027321	 -1.113935	 -0.482932
 -0.214126	 0.950203	 0.411951	 -6.020375	 -1.145688	 -0.496699
 -0.220146	 0.949057	 0.411454	 -6.013228	 -1.177403	 -0.510448
 -0.226159	 0.947880	 0.410943	 -6.005881	 -1.209078	 -0.524180
 -0.232165	 0.946671	 0.410419	 -5.998333	 -1.240712	 -0.537895
 -0.238163	 0.945430	 0.409881	 -5.990585	 -1.272305	 -0.551592
 -0.244154	 0.944158	 0.409330	 -5.982637	 -1.303855	 -0.565270
 -0.250137	 0.942854	 0.408765	 -5.974490	 -1.335361	 -0.578929
 -0.256111	 0.941519	 0.408186	 -5.966143	 -1.366822	 -0.592569
 -0.262077	 0.940152	 0.407593	 -5.957598	 -1.398237	 -0.606188
 -0.268035	 0.938754	 0.406987	 -5.948854	 -1.429605	 -0.619788
 -0.273984	 0.937324	 0.406367	 -5.939911	 -1.460925	 -0.633366
 -0.279924	 0.935863	 0.405734	 -5.930771	 -1.492195	 -0.646923
 -0.285854	 0.934371	 0.405087	 -5.921433	 -1.523415	 -0.660458
 -0.291776	 0.932847	 0.404426	 -5.911897	 -1.554584	 -0.673971
 -0.297688	 0.931293	 0.403752	 -5.902165	 -1.585700	 -0.687461
 -0.303590	 0.929707	 0.403065	 -5.892235	 -1.616762	 -0.700928
 -0.309482	 0.928090	 0.402364	 -5.882110	 -1.647770	 -0.714371
 -0.315364	 0.926443	 0.401650	 -5.871789	 -1.678722	 -0.727790
 -0.321236	 0.924764	 0.400922	 -5.861272	 -1.709617	 -0.741184
 -0.327097	 0.923054	 0.400181	 -5.850560	 -1.740455	 -0.754553
 -0.332948	 0.921314	 0.399426	 -5.839653	 -1.771233	 -0.767897
 -0.338788	 0.919543	 0.398658	 -5.828552	 -1.801951	 -0.781215
 -0.344616	 0.917741	 0.397877	 -5.817257	 -1.832609	 -0.794506
 -0.350433	 0.915908	 0.397082	 -5.805769	 -1.863204	 -0.807770
 -0.356239	 0.914045	 0.396275	 -5.794087	 -1.893735	 -0.821007
 -0.362033	 0.912151	 0.395454	 -5.782212	 -1.924203	 -0.834216
