 -5.384800	 -0.842552	 -0.230045	 0.403055	 -2.380505	 -1.030170	 0.001000
 -5.384397	 -0.844932	 -0.231075	 0.404365	 -2.380300	 -1.030114	 0.001000
 -5.383993	 -0.847313	 -0.232106	 0.405674	 -2.380094	 -1.030058	 0.001000
 -5.383587	 -0.849693	 -0.233136	 0.406984	 -2.379888	 -1.030002	 0.001000
 -5.383180	 -0.852072	 -0.234166	 0.408293	 -2.379682	 -1.029945	 0.001000
 -5.382772	 -0.854452	 -0.235196	 0.409602	 -2.379475	 -1.029888	 0.001000
 -5.382362	 -0.856832	 -0.236225	 0.410911	 -2.379267	 -1.029831	 0.001000
 -5.381951	 -0.859211	 -0.237255	 0.412220	 -2.379058	 -1.029774	 0.001000
 -5.381539	 -0.861590	 -0.238285	 0.413528	 -2.378849	 -1.029716	 0.001000
 -5.381126	 -0.863969	 -0.239315	 0.414837	 -2.378640	 -1.029658	 0.001000
 -5.380711	 -0.866347	 -0.240344	 0.416145	 -2.378430	 -1.029600	 0.001000
 -5.380295	 -0.868726	 -0.241374	 0.417454	 -2.378219	 -1.029541	 0.001000
 -5.379877	 -0.871104	 -0.242404	 0.418762	 -2.378008	 -1.029483	 0.001000
 -5.379458	 -0.873482	 -0.243433	 0.420070	 -2.377796	 -1.029424	 0.001000
 -5.379038	 -0.875860	 -0.244462	 0.421378	 -2.377584	 -1.029364	 0.001000
 -5.378617	 -0.878238	 -0.245492	 0.422686	 -2.377371	 -1.029305	 0.001000
 -5.378194	 -0.880615	 -0.246521	 0.423994	 -2.377157	 -1.029245	 0.001000
 -5.377770	 -0.882992	 -0.247550	 0.425302	 -2.376943	 -1.029185	 0.001000
 -5.377345	 -0.885369	 -0.248580	 0.426610	 -2.376728	 -1.029125	 0.001000
 -5.376918	 -0.887746	 -0.249609	 0.427917	 -2.376513	 -1.029065	 0.001000
 -5.376490	 -0.890122	 -0.250638	 0.429224	 -2.376297	 -1.029004	 0.001000
 -5.376061	 -0.892499	 -0.251667	 0.430532	 -2.376081	 -1.028943	 0.001000
 -5.375631	 -0.894875	 -0.252696	 0.431839	 -2.375864	 -1.028882	 0.001000
 -5.375199	 -0.897250	 -0.253725	 0.433146	 -2.375646	 -1.028820	 0.001000
 -5.374766	 -0.899626	 -0.254753	 0.434453	 -2.375428	 -1.028759	 0.001000
 -5.374331	 -0.902002	 -0.255782	 0.435760	 -2.375209	 -1.028697	 0.001000
 -5.373896	 -0.904377	 -0.256811	 0.437066	 -2.374990	 -1.028635	 0.001000
 -5.373458	 -0.906752	 -0.257839	 0.438373	 -2.374770	 -1.028572	 0.001000
 -5.373020	 -0.909127	 -0.258868	 0.439680	 -2.374550	 -1.028509	 0.001000
 -5.372580	 -0.911501	 -0.259897	 0.440986	 -2.374329	 -1.028447	 0.001000
 -5.372139	 -0.913875	 -0.260925	 0.442292	 -2.374107	 -1.028383	 0.001000
 -5.371697	 -0.916249	 -0.261953	 0.443598	 -2.373885	 -1.028320	 0.001000
 -5.371254	 -0.918623	 -0.262982	 0.444904	 -2.373662	 -1.028256	 0.001000
 -5.370809	 -0.920997	 -0.264010	 0.446210	 -2.373439	 -1.028192	 0.001000
 -5.370362	 -0.923370	 -0.265038	 0.447516	 -2.373215	 -1.028128	 0.001000
 -5.369915	 -0.925744	 -0.266066	 0.448822	 -2.372990	 -1.028064	 0.001000
 -5.369466	 -0.928117	 -0.267094	 0.450127	 -2.372765	 -1.027999	 0.001000
 -5.369016	 -0.930489	 -0.268122	 0.451433	 -2.372540	 -1.027934	 0.001000
 -5.368565	 -0.932862	 -0.269150	 0.452738	 -2.372313	 -1.027869	 0.001000
 -5.368112	 -0.935234	 -0.270178	 0.454043	 -2.372087	 -1.027803	 0.001000
 -5.367658	 -0.937606	 -0.271206	 0.455348	 -2.371859	 -1.027738	 0.001000
 -5.367202	 -0.939978	 -0.272234	 0.456653	 -2.371631	 -1.027672	 0.001000
 -5.366746	 -0.942350	 -0.273261	 0.457958	 -2.371403	 -1.027606	 0.001000
 -5.366288	 -0.944721	 -0.274289	 0.459263	 -2.371174	 -1.027539	 0.001000
 -5.365829	 -0.947092	 -0.275316	 0.460567	 -2.370944	 -1.027472	 0.001000
 -5.365368	 -0.949463	 -0.276344	 0.461872	 -2.370714	 -1.027406	 0.001000
 -5.364906	 -0.951834	 -0.277371	 0.463176	 -2.370483	 -1.027338	 0.001000
 -5.364443	 -0.954205	 -0.278399	 0.464481	 -2.370251	 -1.027271	 0.001000
 -5.363978	 -0.956575	 -0.279426	 0.465785	 -2.370019	 -1.027203	 0.001000
 -5.363513	 -0.958945	 -0.280453	 0.467089	 -2.369787	 -1.027135	 0.001000
 -5.363046	 -0.961315	 -0.281480	 0.468393	 -2.369554	 -1.027067	 0.001000
 -5.362577	 -0.963684	 -0.282507	 0.469696	 -2.369320	 -1.026999	 0.001000
 -5.362107	 -0.966054	 -0.283534	 0.471000	 -2.369086	 -1.026930	 0.001000
 -5.361636	 -0.968423	 -0.284561	 0.472303	 -2.368851	 -1.026861	 0.001000
 -5.361164	 -0.970791	 -0.285588	 0.473607	 -2.368616	 -1.026792	 0.001000
 -5.360691	 -0.973160	 -0.286615	 0.474910	 -2.368380	 -1.026723	 0.001000
 -5.360216	 -0.975528	 -0.287642	 0.476213	 -2.368143	 -1.026653	 0.001000
 -5.359739	 -0.977897	 -0.288668	 0.477516	 -2.367906	 -1.026583	 0.001000
 -5.359262	 -0.980265	 -0.289695	 0.478819	 -2.367668	 -1.026513	 0.001000
 -5.358783	 -0.982632	 -0.290721	 0.480122	 -2.367430	 -1.026442	 0.001000
 -5.358303	 -0.985000	 -0.291748	 0.481425	 -2.367191	 -1.026372	 0.001000
 -5.357822	 -0.987367	 -0.292774	 0.482727	 -2.366952	 -1.026301	 0.001000
 -5.357339	 -0.989734	 -0.293801	 0.484030	 -2.366712	 -1.026230	 0.001000
 -5.356855	 -0.992100	 -0.294827	 0.485332	 -2.366471	 -1.026158	 0.001000
 -5.356369	 -0.994467	 -0.295853	 0.486634	 -2.366230	 -1.026086	 0.001000
 -5.355883	 -0.996833	 -0.296879	 0.487936	 -2.365988	 -1.026015	 0.001000
 -5.355395	 -0.999199	 -0.297905	 0.489238	 -2.365746	 -1.025942	 0.001000
 -5.354906	 -1.001565	 -0.298931	 0.490540	 -2.365503	 -1.025870	 0.001000
 -5.354415	 -1.003930	 -0.299957	 0.491841	 -2.365259	 -1.025797	 0.001000
 -5.353923	 -1.006296	 -0.300983	 0.493143	 -2.365015	 -1.025724	 0.001000
 -5.353430	 -1.008661	 -0.302008	 0.494444	 -2.364771	 -1.025651	 0.001000
 -5.352936	 -1.011025	 -0.303034	 0.495746	 -2.364526	 -1.025578	 0.001000
 -5.352440	 -1.013390	 -0.304060	 0.497047	 -2.364280	 -1.025504	 0.001000
 -5.351943	 -1.015754	 -0.305085	 0.498348	 -2.364033	 -1.025430	 0.001000
 -5.351445	 -1.018118	 -0.306111	 0.499649	 -2.363787	 -1.025356	 0.001000
 -5.350945	 -1.020482	 -0.307136	 0.500950	 -2.363539	 -1.025282	 0.001000
 -5.350444	 -1.022846	 -0.308161	 0.502250	 -2.363291	 -1.025207	 0.001000
 -5.349942	 -1.025209	 -0.309186	 0.503551	 -2.363042	 -1.025132	 0.001000
 -5.349438	 -1.027572	 -0.310212	 0.504851	 -2.362793	 -1.025057	 0.001000
 -5.348933	 -1.029935	 -0.311237	 0.506151	 -2.362543	 -1.024982	 0.001000
 -5.348427	 -1.032297	 -0.312262	 0.507451	 -2.362293	 -1.024906	 0.001000
 -5.347920	 -1.034660	 -0.313286	 0.508751	 -2.362042	 -1.024830	 0.001000
 -5.347411	 -1.037022	 -0.314311	 0.510051	 -2.361791	 -1.024754	 0.001000
 -5.346901	 -1.039383	 -0.315336	 0.511351	 -2.361539	 -1.024677	 0.001000
 -5.346390	 -1.041745	 -0.316361	 0.512651	 -2.361286	 -1.024601	 0.001000
 -5.345877	 -1.044106	 -0.317385	 0.513950	 -2.361033	 -1.024524	 0.001000
 -5.345363	 -1.046467	 -0.318410	 0.515250	 -2.360779	 -1.024447	 0.001000
 -5.344848	 -1.048828	 -0.319434	 0.516549	 -2.360525	 -1.024369	 0.001000
 -5.344331	 -1.051189	 -0.320459	 0.517848	 -2.360270	 -1.024292	 0.001000
 -5.343813	 -1.053549	 -0.321483	 0.519147	 -2.360014	 -1.024214	 0.001000
 -5.343294	 -1.055909	 -0.322507	 0.520446	 -2.359758	 -1.024136	 0.001000
 -5.342774	 -1.058269	 -0.323531	 0.521744	 -2.359502	 -1.024057	 0.001000
 -5.342252	 -1.060628	 -0.324555	 0.523043	 -2.359244	 -1.023979	 0.001000
 -5.341729	 -1.062987	 -0.325579	 0.524341	 -2.358987	 -1.023900	 0.001000
 -5.341205	 -1.065346	 -0.326603	 0.525640	 -2.358728	 -1.023821	 0.001000
 -5.340679	 -1.067705	 -0.327627	 0.526938	 -2.358469	 -1.023741	 0.001000
 -5.340152	 -1.070064	 -0.328651	 0.528236	 -2.358210	 -1.023662	 0.001000
 -5.339624	 -1.072422	 -0.329674	 0.529534	 -2.357950	 -1.023582	 0.001000
 -5.339094	 -1.074780	 -0.330698	 0.530831	 -2.357689	 -1.023502	 0.001000
 -5.338563	 -1.077137	 -0.331722	 0.532129	 -2.357428	 -1.023421	 0.001000
 -5.338031	 -1.079495	 -0.332745	 0.533427	 -2.357166	 -1.023341	 0.001000
 -5.337498	 -1.081852	 -0.333768	 0.534724	 -2.356904	 -1.023260	 0.001000
 -5.336963	 -1.084209	 -0.334792	 0.536021	 -2.356641	 -1.023179	 0.001000
 -5.336427	 -1.086566	 -0.335815	 0.537318	 -2.356377	 -1.023097	 0.001000
 -5.335890	 -1.088922	 -0.336838	 0.538615	 -2.356113	 -1.023016	 0.001000
 -5.335351	 -1.091278	 -0.337861	 0.539912	 -2.355849	 -1.022934	 0.001000
 -5.334811	 -1.093634	 -0.338884	 0.541209	 -2.355583	 -1.022852	 0.001000
 -5.334270	 -1.095989	 -0.339907	 0.542505	 -2.355318	 -1.022769	 0.001000
 -5.333728	 -1.098345	 -0.340929	 0.543802	 -2.355051	 -1.022687	 0.001000
 -5.333184	 -1.100700	 -0.341952	 0.545098	 -2.354784	 -1.022604	 0.001000
 -5.332639	 -1.103055	 -0.342975	 0.546394	 -2.354517	 -1.022521	 0.001000
 -5.332092	 -1.105409	 -0.343997	 0.547690	 -2.354249	 -1.022437	 0.001000
 -5.331545	 -1.107763	 -0.345020	 0.548986	 -2.353980	 -1.022354	 0.001000
 -5.330996	 -1.110117	 -0.346042	 0.550282	 -2.353711	 -1.022270	 0.001000
 -5.330445	 -1.112471	 -0.347064	 0.551577	 -2.353441	 -1.022186	 0.001000
 -5.329894	 -1.114825	 -0.348086	 0.552873	 -2.353171	 -1.022102	 0.001000
 -5.329341	 -1.117178	 -0.349109	 0.554168	 -2.352900	 -1.022017	 0.001000
 -5.328787	 -1.119531	 -0.350131	 0.555463	 -2.352628	 -1.021932	 0.001000
 -5.328231	 -1.121883	 -0.351153	 0.556758	 -2.352356	 -1.021847	 0.001000
 -5.327674	 -1.124236	 -0.352174	 0.558053	 -2.352084	 -1.021762	 0.001000
 -5.327116	 -1.126588	 -0.353196	 0.559348	 -2.351810	 -1.021676	 0.001000
 -5.326557	 -1.128939	 -0.354218	 0.560642	 -2.351537	 -1.021590	 0.001000
 -5.325996	 -1.131291	 -0.355239	 0.561937	 -2.351262	 -1.021504	 0.001000
 -5.325434	 -1.133642	 -0.356261	 0.563231	 -2.350987	 -1.021418	 0.001000
 -5.324871	 -1.135993	 -0.357282	 0.564525	 -2.350712	 -1.021331	 0.001000
 -5.324307	 -1.138344	 -0.358304	 0.565819	 -2.350436	 -1.021244	 0.001000
 -5.323741	 -1.140694	 -0.359325	 0.567113	 -2.350159	 -1.021157	 0.001000
 -5.323174	 -1.143045	 -0.360346	 0.568407	 -2.349882	 -1.021070	 0.001000
 -5.322605	 -1.145394	 -0.361367	 0.569701	 -2.349604	 -1.020983	 0.001000
 -5.322036	 -1.147744	 -0.362388	 0.570994	 -2.349326	 -1.020895	 0.001000
 -5.321465	 -1.150093	 -0.363409	 0.572287	 -2.349047	 -1.020807	 0.001000
 -5.320892	 -1.152442	 -0.364430	 0.573581	 -2.348767	 -1.020718	 0.001000
 -5.320319	 -1.154791	 -0.365451	 0.574874	 -2.348487	 -1.020630	 0.001000
 -5.319744	 -1.157140	 -0.366471	 0.576167	 -2.348207	 -1.020541	 0.001000
 -5.319168	 -1.159488	 -0.367492	 0.577459	 -2.347925	 -1.020452	 0.001000
 -5.318590	 -1.161836	 -0.368512	 0.578752	 -2.347644	 -1.020363	 0.001000
 -5.318012	 -1.164183	 -0.369533	 0.580044	 -2.347361	 -1.020273	 0.001000
 -5.317431	 -1.166531	 -0.370553	 0.581337	 -2.347078	 -1.020183	 0.001000
 -5.316850	 -1.168878	 -0.371573	 0.582629	 -2.346795	 -1.020093	 0.001000
 -5.316268	 -1.171225	 -0.372593	 0.583921	 -2.346511	 -1.020003	 0.001000
 -5.315684	 -1.173571	 -0.373613	 0.585213	 -2.346226	 -1.019912	 0.001000
 -5.315098	 -1.175917	 -0.374633	 0.586505	 -2.345941	 -1.019822	 0.001000
 -5.314512	 -1.178263	 -0.375653	 0.587796	 -2.345655	 -1.019731	 0.001000
 -5.313924	 -1.180609	 -0.376673	 0.589088	 -2.345369	 -1.019639	 0.001000
 -5.313335	 -1.182954	 -0.377692	 0.590379	 -2.345082	 -1.019548	 0.001000
 -5.312745	 -1.185299	 -0.378712	 0.591670	 -2.344795	 -1.019456	 0.001000
 -5.312153	 -1.187644	 -0.379731	 0.592961	 -2.344507	 -1.019364	 0.001000
 -5.311560	 -1.189989	 -0.380751	 0.594252	 -2.344218	 -1.019272	 0.001000
 -5.310966	 -1.192333	 -0.381770	 0.595543	 -2.343929	 -1.019179	 0.001000
 -5.310370	 -1.194677	 -0.382789	 0.596833	 -2.343639	 -1.019086	 0.001000
 -5.309773	 -1.197021	 -0.383808	 0.598124	 -2.343349	 -1.018993	 0.001000
 -5.309175	 -1.199364	 -0.384827	 0.599414	 -2.343058	 -1.018900	 0.001000
 -5.308576	 -1.201707	 -0.385846	 0.600704	 -2.342766	 -1.018807	 0.001000
 -5.307975	 -1.204050	 -0.386865	 0.601994	 -2.342474	 -1.018713	 0.001000
 -5.307373	 -1.206392	 -0.387883	 0.603284	 -2.342182	 -1.018619	 0.001000
 -5.306770	 -1.208734	 -0.388902	 0.604574	 -2.341889	 -1.018525	 0.001000
 -5.306165	 -1.211076	 -0.389921	 0.605863	 -2.341595	 -1.018430	 0.001000
 -5.305559	 -1.213418	 -0.390939	 0.607153	 -2.341301	 -1.018335	 0.001000
 -5.304952	 -1.215759	 -0.391957	 0.608442	 -2.341006	 -1.018240	 0.001000
 -5.304344	 -1.218100	 -0.392976	 0.609731	 -2.340710	 -1.018145	 0.001000
 -5.303734	 -1.220441	 -0.393994	 0.611020	 -2.340414	 -1.018050	 0.001000
 -5.303123	 -1.222781	 -0.395012	 0.612309	 -2.340118	 -1.017954	 0.001000
 -5.302511	 -1.225121	 -0.396030	 0.613597	 -2.339821	 -1.017858	 0.001000
 -5.301897	 -1.227461	 -0.397048	 0.614886	 -2.339523	 -1.017762	 0.001000
 -5.301282	 -1.229801	 -0.398065	 0.616174	 -2.339225	 -1.017665	 0.001000
 -5.300666	 -1.232140	 -0.399083	 0.617462	 -2.338926	 -1.017568	 0.001000
 -5.300049	 -1.234479	 -0.400101	 0.618750	 -2.338627	 -1.017471	 0.001000
 -5.299430	 -1.236818	 -0.401118	 0.620038	 -2.338327	 -1.017374	 0.001000
 -5.298810	 -1.239156	 -0.402135	 0.621326	 -2.338026	 -1.017277	 0.001000
 -5.298189	 -1.241494	 -0.403153	 0.622613	 -2.337725	 -1.017179	 0.001000
 -5.297566	 -1.243832	 -0.404170	 0.623901	 -2.337423	 -1.017081	 0.001000
 -5.296942	 -1.246169	 -0.405187	 0.625188	 -2.337121	 -1.016983	 0.001000
 -5.296317	 -1.248506	 -0.406204	 0.626475	 -2.336818	 -1.016884	 0.001000
 -5.295690	 -1.250843	 -0.407221	 0.627762	 -2.336515	 -1.016786	 0.001000
 -5.295063	 -1.253179	 -0.408238	 0.629049	 -2.336211	 -1.016687	 0.001000
 -5.294434	 -1.255516	 -0.409254	 0.630336	 -2.335906	 -1.016587	 0.001000
 -5.293803	 -1.257852	 -0.410271	 0.631622	 -2.335601	 -1.016488	 0.001000
 -5.293172	 -1.260187	 -0.411287	 0.632908	 -2.335296	 -1.016388	 0.001000
 -5.292539	 -1.262523	 -0.412304	 0.634195	 -2.334989	 -1.016288	 0.001000
 -5.291904	 -1.264857	 -0.413320	 0.635481	 -2.334683	 -1.016188	 0.001000
 -5.291269	 -1.267192	 -0.414336	 0.636766	 -2.334375	 -1.016088	 0.001000
 -5.290632	 -1.269527	 -0.415352	 0.638052	 -2.334067	 -1.015987	 0.001000
 -5.289994	 -1.271861	 -0.416368	 0.639338	 -2.333759	 -1.015886	 0.001000
 -5.289355	 -1.274194	 -0.417384	 0.640623	 -2.333450	 -1.015785	 0.001000
 -5.288714	 -1.276528	 -0.418400	 0.641908	 -2.333140	 -1.015684	 0.001000
 -5.288072	 -1.278861	 -0.419416	 0.643193	 -2.332830	 -1.015582	 0.001000
 -5.287429	 -1.281194	 -0.420431	 0.644478	 -2.332519	 -1.015480	 0.001000
 -5.286785	 -1.283526	 -0.421447	 0.645763	 -2.332208	 -1.015378	 0.001000
 -5.286139	 -1.285859	 -0.422462	 0.647048	 -2.331896	 -1.015275	 0.001000
 -5.285492	 -1.288190	 -0.423477	 0.648332	 -2.331584	 -1.015173	 0.001000
 -5.284843	 -1.290522	 -0.424493	 0.649616	 -2.331271	 -1.015070	 0.001000
 -5.284194	 -1.292853	 -0.425508	 0.650901	 -2.330957	 -1.014967	 0.001000
 -5.283543	 -1.295184	 -0.426523	 0.652185	 -2.330643	 -1.014863	 0.001000
 -5.282891	 -1.297515	 -0.427538	 0.653468	 -2.330328	 -1.014760	 0.001000
 -5.282237	 -1.299845	 -0.428552	 0.654752	 -2.330013	 -1.014656	 0.001000
 -5.281583	 -1.302175	 -0.429567	 0.656035	 -2.329697	 -1.014552	 0.001000
 -5.280927	 -1.304505	 -0.430581	 0.657319	 -2.329381	 -1.014447	 0.001000
 -5.280269	 -1.306834	 -0.431596	 0.658602	 -2.329064	 -1.014343	 0.001000
 -5.279611	 -1.309163	 -0.432610	 0.659885	 -2.328746	 -1.014238	 0.001000
 -5.278951	 -1.311492	 -0.433625	 0.661168	 -2.328428	 -1.014133	 0.001000
 -5.278290	 -1.313821	 -0.434639	 0.662451	 -2.328110	 -1.014027	 0.001000
 -5.277627	 -1.316149	 -0.435653	 0.663733	 -2.327790	 -1.013922	 0.001000
 -5.276963	 -1.318476	 -0.436667	 0.665015	 -2.327470	 -1.013816	 0.001000
 -5.276298	 -1.320804	 -0.437680	 0.666298	 -2.327150	 -1.013710	 0.001000
 -5.275632	 -1.323131	 -0.438694	 0.667580	 -2.326829	 -1.013603	 0.001000
 -5.274964	 -1.325458	 -0.439708	 0.668862	 -2.326508	 -1.013497	 0.001000
 -5.274296	 -1.327784	 -0.440721	 0.670143	 -2.326186	 -1.013390	 0.001000
 -5.273625	 -1.330111	 -0.441735	 0.671425	 -2.325863	 -1.013283	 0.001000
 -5.272954	 -1.332436	 -0.442748	 0.672706	 -2.325540	 -1.013176	 0.001000
 -5.272281	 -1.334762	 -0.443761	 0.673987	 -2.325216	 -1.013068	 0.001000
 -5.271607	 -1.337087	 -0.444774	 0.675269	 -2.324892	 -1.012960	 0.001000
 -5.270932	 -1.339412	 -0.445787	 0.676549	 -2.324567	 -1.012852	 0.001000
 -5.270256	 -1.341737	 -0.446800	 0.677830	 -2.324241	 -1.012744	 0.001000
 -5.269578	 -1.344061	 -0.447813	 0.679111	 -2.323915	 -1.012635	 0.001000
 -5.268899	 -1.346385	 -0.448825	 0.680391	 -2.323589	 -1.012526	 0.001000
 -5.268218	 -1.348708	 -0.449838	 0.681671	 -2.323262	 -1.012417	 0.001000
 -5.267537	 -1.351032	 -0.450850	 0.682951	 -2.322934	 -1.012308	 0.001000
 -5.266854	 -1.353355	 -0.451863	 0.684231	 -2.322606	 -1.012199	 0.001000
 -5.266169	 -1.355677	 -0.452875	 0.685511	 -2.322277	 -1.012089	 0.001000
 -5.265484	 -1.357999	 -0.453887	 0.686791	 -2.321947	 -1.011979	 0.001000
 -5.264797	 -1.360321	 -0.454899	 0.688070	 -2.321617	 -1.011868	 0.001000
 -5.264109	 -1.362643	 -0.455911	 0.689349	 -2.321287	 -1.011758	 0.001000
 -5.263420	 -1.364964	 -0.456922	 0.690628	 -2.320956	 -1.011647	 0.001000
 -5.262729	 -1.367285	 -0.457934	 0.691907	 -2.320624	 -1.011536	 0.001000
 -5.262037	 -1.369606	 -0.458946	 0.693186	 -2.320292	 -1.011425	 0.001000
 -5.261344	 -1.371926	 -0.459957	 0.694465	 -2.319959	 -1.011313	 0.001000
 -5.260649	 -1.374246	 -0.460968	 0.695743	 -2.319626	 -1.011202	 0.001000
 -5.259954	 -1.376566	 -0.461980	 0.697021	 -2.319292	 -1.011090	 0.001000
 -5.259257	 -1.378885	 -0.462991	 0.698299	 -2.318957	 -1.010977	 0.001000
 -5.258558	 -1.381204	 -0.464002	 0.699577	 -2.318622	 -1.010865	 0.001000
 -5.257859	 -1.383523	 -0.465013	 0.700855	 -2.318287	 -1.010752	 0.001000
 -5.257158	 -1.385841	 -0.466023	 0.702133	 -2.317951	 -1.010639	 0.001000
 -5.256456	 -1.388159	 -0.467034	 0.703410	 -2.317614	 -1.010526	 0.001000
 -5.255752	 -1.390477	 -0.468044	 0.704687	 -2.317277	 -1.010412	 0.001000
 -5.255048	 -1.392794	 -0.469055	 0.705964	 -2.316939	 -1.010299	 0.001000
 -5.254342	 -1.395111	 -0.470065	 0.707241	 -2.316600	 -1.010185	 0.001000
 -5.253635	 -1.397427	 -0.471075	 0.708518	 -2.316261	 -1.010070	 0.001000
 -5.252926	 -1.399744	 -0.472085	 0.709794	 -2.315922	 -1.009956	 0.001000
 -5.252216	 -1.402060	 -0.473095	 0.711071	 -2.315582	 -1.009841	 0.001000
 -5.251505	 -1.404375	 -0.474105	 0.712347	 -2.315241	 -1.009726	 0.001000
 -5.250793	 -1.406690	 -0.475115	 0.713623	 -2.314900	 -1.009611	 0.001000
 -5.250079	 -1.409005	 -0.476125	 0.714899	 -2.314558	 -1.009496	 0.001000
 -5.249364	 -1.411320	 -0.477134	 0.716174	 -2.314216	 -1.009380	 0.001000
 -5.248648	 -1.413634	 -0.478143	 0.717450	 -2.313873	 -1.009264	 0.001000
 -5.247931	 -1.415948	 -0.479153	 0.718725	 -2.313529	 -1.009148	 0.001000
 -5.247212	 -1.418261	 -0.480162	 0.720000	 -2.313185	 -1.009031	 0.001000
 -5.246492	 -1.420575	 -0.481171	 0.721275	 -2.312840	 -1.008915	 0.001000
 -5.245771	 -1.422887	 -0.482180	 0.722550	 -2.312495	 -1.008798	 0.001000
 -5.245048	 -1.425200	 -0.483189	 0.723825	 -2.312150	 -1.008681	 0.001000
 -5.244324	 -1.427512	 -0.484197	 0.725099	 -2.311803	 -1.008563	 0.001000
 -5.243599	 -1.429824	 -0.485206	 0.726374	 -2.311456	 -1.008446	 0.001000
 -5.242873	 -1.432135	 -0.486214	 0.727648	 -2.311109	 -1.008328	 0.001000
 -5.242145	 -1.434446	 -0.487223	 0.728922	 -2.310761	 -1.008210	 0.001000
 -5.241416	 -1.436757	 -0.488231	 0.730195	 -2.310412	 -1.008091	 0.001000
 -5.240686	 -1.439068	 -0.489239	 0.731469	 -2.310063	 -1.007973	 0.001000
 -5.239955	 -1.441378	 -0.490247	 0.732742	 -2.309714	 -1.007854	 0.001000
 -5.239222	 -1.443687	 -0.491255	 0.734016	 -2.309363	 -1.007735	 0.001000
 -5.238488	 -1.445997	 -0.492262	 0.735289	 -2.309013	 -1.007615	 0.001000
 -5.237752	 -1.448306	 -0.493270	 0.736562	 -2.308661	 -1.007496	 0.001000
 -5.237016	 -1.450614	 -0.494278	 0.737834	 -2.308309	 -1.007376	 0.001000
 -5.236278	 -1.452923	 -0.495285	 0.739107	 -2.307957	 -1.007256	 0.001000
 -5.235539	 -1.455231	 -0.496292	 0.740379	 -2.307604	 -1.007135	 0.001000
 -5.234799	 -1.457538	 -0.497299	 0.741651	 -2.307250	 -1.007015	 0.001000
 -5.234057	 -1.459846	 -0.498306	 0.742923	 -2.306896	 -1.006894	 0.001000
 -5.233314	 -1.462152	 -0.499313	 0.744195	 -2.306541	 -1.006773	 0.001000
 -5.232570	 -1.464459	 -0.500320	 0.745467	 -2.306186	 -1.006651	 0.001000
 -5.231824	 -1.466765	 -0.501327	 0.746738	 -2.305830	 -1.006530	 0.001000
 -5.231078	 -1.469071	 -0.502333	 0.748010	 -2.305474	 -1.006408	 0.001000
 -5.230330	 -1.471376	 -0.503340	 0.749281	 -2.305117	 -1.006286	 0.001000
 -5.229580	 -1.473682	 -0.504346	 0.750552	 -2.304759	 -1.006164	 0.001000
 -5.228830	 -1.475986	 -0.505352	 0.751822	 -2.304401	 -1.006041	 0.001000
 -5.228078	 -1.478291	 -0.506358	 0.753093	 -2.304043	 -1.005918	 0.001000
 -5.227325	 -1.480595	 -0.507364	 0.754363	 -2.303683	 -1.005795	 0.001000
 -5.226571	 -1.482898	 -0.508370	 0.755633	 -2.303324	 -1.005672	 0.001000
 -5.225815	 -1.485202	 -0.509375	 0.756903	 -2.302963	 -1.005548	 0.001000
 -5.225058	 -1.487505	 -0.510381	 0.758173	 -2.302602	 -1.005425	 0.001000
 -5.224300	 -1.489807	 -0.511386	 0.759443	 -2.302241	 -1.005301	 0.001000
 -5.223540	 -1.492110	 -0.512392	 0.760712	 -2.301879	 -1.005176	 0.001000
 -5.222780	 -1.494412	 -0.513397	 0.761982	 -2.301516	 -1.005052	 0.001000
 -5.222018	 -1.496713	 -0.514402	 0.763251	 -2.301153	 -1.004927	 0.001000
 -5.221254	 -1.499014	 -0.515407	 0.764520	 -2.300789	 -1.004802	 0.001000
 -5.220490	 -1.501315	 -0.516412	 0.765789	 -2.300425	 -1.004677	 0.001000
 -5.219724	 -1.503615	 -0.517416	 0.767057	 -2.300060	 -1.004551	 0.001000
 -5.218957	 -1.505915	 -0.518421	 0.768325	 -2.299695	 -1.004426	 0.001000
 -5.218189	 -1.508215	 -0.519425	 0.769594	 -2.299329	 -1.004300	 0.001000
 -5.217419	 -1.510514	 -0.520430	 0.770862	 -2.298963	 -1.004173	 0.001000
 -5.216648	 -1.512813	 -0.521434	 0.772129	 -2.298596	 -1.004047	 0.001000
 -5.215876	 -1.515112	 -0.522438	 0.773397	 -2.298228	 -1.003920	 0.001000
 -5.215103	 -1.517410	 -0.523442	 0.774665	 -2.297860	 -1.003793	 0.001000
 -5.214328	 -1.519708	 -0.524446	 0.775932	 -2.297491	 -1.003666	 0.001000
 -5.213552	 -1.522006	 -0.525449	 0.777199	 -2.297122	 -1.003539	 0.001000
 -5.212775	 -1.524303	 -0.526453	 0.778466	 -2.296752	 -1.003411	 0.001000
 -5.211996	 -1.526599	 -0.527456	 0.779733	 -2.296381	 -1.003283	 0.001000
 -5.211217	 -1.528896	 -0.528460	 0.780999	 -2.296010	 -1.003155	 0.001000
 -5.210436	 -1.531192	 -0.529463	 0.782265	 -2.295639	 -1.003027	 0.001000
 -5.209653	 -1.533488	 -0.530466	 0.783532	 -2.295267	 -1.002898	 0.001000
 -5.208870	 -1.535783	 -0.531469	 0.784798	 -2.294894	 -1.002769	 0.001000
 -5.208085	 -1.538078	 -0.532471	 0.786063	 -2.294521	 -1.002640	 0.001000
 -5.207299	 -1.540372	 -0.533474	 0.787329	 -2.294147	 -1.002510	 0.001000
 -5.206512	 -1.542666	 -0.534477	 0.788594	 -2.293773	 -1.002381	 0.001000
 -5.205723	 -1.544960	 -0.535479	 0.789860	 -2.293398	 -1.002251	 0.001000
 -5.204933	 -1.547254	 -0.536481	 0.791125	 -2.293023	 -1.002121	 0.001000
 -5.204142	 -1.549547	 -0.537483	 0.792389	 -2.292647	 -1.001990	 0.001000
 -5.203350	 -1.551839	 -0.538485	 0.793654	 -2.292270	 -1.001860	 0.001000
 -5.202556	 -1.554131	 -0.539487	 0.794919	 -2.291893	 -1.001729	 0.001000
 -5.201761	 -1.556423	 -0.540489	 0.796183	 -2.291515	 -1.001598	 0.001000
 -5.200965	 -1.558715	 -0.541490	 0.797447	 -2.291137	 -1.001466	 0.001000
 -5.200168	 -1.561006	 -0.542492	 0.798711	 -2.290758	 -1.001335	 0.001000
 -5.199369	 -1.563297	 -0.543493	 0.799975	 -2.290379	 -1.001203	 0.001000
 -5.198569	 -1.565587	 -0.544494	 0.801238	 -2.289999	 -1.001071	 0.001000
 -5.197768	 -1.567877	 -0.545496	 0.802501	 -2.289619	 -1.000939	 0.001000
 -5.196965	 -1.570167	 -0.546496	 0.803765	 -2.289238	 -1.000806	 0.001000
 -5.196161	 -1.572456	 -0.547497	 0.805028	 -2.288856	 -1.000673	 0.001000
 -5.195356	 -1.574745	 -0.548498	 0.806290	 -2.288474	 -1.000540	 0.001000
 -5.194550	 -1.577033	 -0.549498	 0.807553	 -2.288091	 -1.000407	 0.001000
 -5.193743	 -1.579321	 -0.550499	 0.808815	 -2.287708	 -1.000273	 0.001000
 -5.192934	 -1.581609	 -0.551499	 0.810077	 -2.287324	 -1.000140	 0.001000
 -5.192124	 -1.583896	 -0.552499	 0.811339	 -2.286940	 -1.000006	 0.001000
 -5.191312	 -1.586183	 -0.553499	 0.812601	 -2.286555	 -0.999871	 0.001000
 -5.190500	 -1.588470	 -0.554499	 0.813863	 -2.286169	 -0.999737	 0.001000
 -5.189686	 -1.590756	 -0.555499	 0.815124	 -2.285783	 -0.999602	 0.001000
 -5.188871	 -1.593042	 -0.556499	 0.816385	 -2.285397	 -0.999467	 0.001000
 -5.188054	 -1.595327	 -0.557498	 0.817646	 -2.285010	 -0.999332	 0.001000
 -5.187237	 -1.597612	 -0.558497	 0.818907	 -2.284622	 -0.999196	 0.001000
 -5.186418	 -1.599897	 -0.559497	 0.820168	 -2.284234	 -0.999061	 0.001000
 -5.185598	 -1.602181	 -0.560496	 0.821428	 -2.283845	 -0.998925	 0.001000
 -5.184776	 -1.604465	 -0.561494	 0.822689	 -2.283455	 -0.998788	 0.001000
 -5.183953	 -1.606748	 -0.562493	 0.823949	 -2.283065	 -0.998652	 0.001000
 -5.183130	 -1.609032	 -0.563492	 0.825209	 -2.282675	 -0.998515	 0.001000
 -5.182304	 -1.611314	 -0.564490	 0.826468	 -2.282284	 -0.998378	 0.001000
 -5.181478	 -1.613596	 -0.565489	 0.827728	 -2.281892	 -0.998241	 0.001000
 -5.180650	 -1.615878	 -0.566487	 0.828987	 -2.281500	 -0.998104	 0.001000
 -5.179821	 -1.618160	 -0.567485	 0.830246	 -2.281107	 -0.997966	 0.001000
 -5.178991	 -1.620441	 -0.568483	 0.831505	 -2.280714	 -0.997828	 0.001000
 -5.178159	 -1.622722	 -0.569481	 0.832764	 -2.280320	 -0.997690	 0.001000
 -5.177327	 -1.625002	 -0.570479	 0.834022	 -2.279926	 -0.997552	 0.001000
 -5.176493	 -1.627282	 -0.571476	 0.835280	 -2.279531	 -0.997413	 0.001000
 -5.175657	 -1.629561	 -0.572474	 0.836538	 -2.279136	 -0.997274	 0.001000
 -5.174821	 -1.631841	 -0.573471	 0.837796	 -2.278739	 -0.997135	 0.001000
 -5.173983	 -1.634119	 -0.574468	 0.839054	 -2.278343	 -0.996995	 0.001000
 -5.173144	 -1.636398	 -0.575465	 0.840312	 -2.277946	 -0.996856	 0.001000
 -5.172304	 -1.638676	 -0.576462	 0.841569	 -2.277548	 -0.996716	 0.001000
 -5.171462	 -1.640953	 -0.577459	 0.842826	 -2.277150	 -0.996576	 0.001000
 -5.170619	 -1.643230	 -0.578455	 0.844083	 -2.276751	 -0.996436	 0.001000
 -5.169775	 -1.645507	 -0.579452	 0.845340	 -2.276352	 -0.996295	 0.001000
 -5.168930	 -1.647783	 -0.580448	 0.846596	 -2.275952	 -0.996154	 0.001000
 -5.168083	 -1.650059	 -0.581444	 0.847852	 -2.275551	 -0.996013	 0.001000
 -5.167235	 -1.652335	 -0.582440	 0.849108	 -2.275150	 -0.995872	 0.001000
 -5.166386	 -1.654610	 -0.583436	 0.850364	 -2.274748	 -0.995730	 0.001000
 -5.165536	 -1.656885	 -0.584432	 0.851620	 -2.274346	 -0.995588	 0.001000
 -5.164684	 -1.659159	 -0.585427	 0.852876	 -2.273944	 -0.995446	 0.001000
 -5.163831	 -1.661433	 -0.586423	 0.854131	 -2.273540	 -0.995304	 0.001000
 -5.162977	 -1.663707	 -0.587418	 0.855386	 -2.273136	 -0.995161	 0.001000
 -5.162122	 -1.665980	 -0.588413	 0.856641	 -2.272732	 -0.995019	 0.001000
 -5.161265	 -1.668253	 -0.589408	 0.857896	 -2.272327	 -0.994876	 0.001000
 -5.160407	 -1.670525	 -0.590403	 0.859150	 -2.271922	 -0.994732	 0.001000
 -5.159548	 -1.672797	 -0.591398	 0.860404	 -2.271516	 -0.994589	 0.001000
 -5.158688	 -1.675068	 -0.592392	 0.861658	 -2.271109	 -0.994445	 0.001000
 -5.157826	 -1.677339	 -0.593387	 0.862912	 -2.270702	 -0.994301	 0.001000
 -5.156963	 -1.679610	 -0.594381	 0.864166	 -2.270294	 -0.994157	 0.001000
 -5.156099	 -1.681880	 -0.595375	 0.865419	 -2.269886	 -0.994012	 0.001000
 -5.155234	 -1.684150	 -0.596369	 0.866673	 -2.269477	 -0.993868	 0.001000
 -5.154367	 -1.686420	 -0.597363	 0.867926	 -2.269068	 -0.993723	 0.001000
 -5.153499	 -1.688689	 -0.598357	 0.869179	 -2.268658	 -0.993578	 0.001000
 -5.152630	 -1.690957	 -0.599350	 0.870431	 -2.268247	 -0.993432	 0.001000
 -5.151759	 -1.693226	 -0.600344	 0.871684	 -2.267836	 -0.993286	 0.001000
 -5.150888	 -1.695494	 -0.601337	 0.872936	 -2.267425	 -0.993141	 0.001000
 -5.150015	 -1.697761	 -0.602330	 0.874188	 -2.267013	 -0.992994	 0.001000
 -5.149141	 -1.700028	 -0.603323	 0.875440	 -2.266600	 -0.992848	 0.001000
 -5.148265	 -1.702295	 -0.604316	 0.876691	 -2.266187	 -0.992701	 0.001000
 -5.147388	 -1.704561	 -0.605309	 0.877943	 -2.265773	 -0.992554	 0.001000
 -5.146511	 -1.706827	 -0.606301	 0.879194	 -2.265359	 -0.992407	 0.001000
 -5.145631	 -1.709092	 -0.607294	 0.880445	 -2.264944	 -0.992260	 0.001000
 -5.144751	 -1.711357	 -0.608286	 0.881696	 -2.264528	 -0.992112	 0.001000
 -5.143869	 -1.713621	 -0.609278	 0.882946	 -2.264112	 -0.991964	 0.001000
 -5.142986	 -1.715886	 -0.610270	 0.884197	 -2.263696	 -0.991816	 0.001000
 -5.142102	 -1.718149	 -0.611262	 0.885447	 -2.263279	 -0.991668	 0.001000
 -5.141217	 -1.720412	 -0.612254	 0.886697	 -2.262861	 -0.991519	 0.001000
 -5.140330	 -1.722675	 -0.613245	 0.887947	 -2.262443	 -0.991371	 0.001000
 -5.139442	 -1.724938	 -0.614237	 0.889196	 -2.262024	 -0.991221	 0.001000
 -5.138553	 -1.727200	 -0.615228	 0.890446	 -2.261605	 -0.991072	 0.001000
 -5.137662	 -1.729461	 -0.616219	 0.891695	 -2.261185	 -0.990923	 0.001000
 -5.136771	 -1.731723	 -0.617210	 0.892944	 -2.260764	 -0.990773	 0.001000
 -5.135878	 -1.733983	 -0.618201	 0.894192	 -2.260343	 -0.990623	 0.001000
 -5.134984	 -1.736244	 -0.619191	 0.895441	 -2.259922	 -0.990472	 0.001000
 -5.134088	 -1.738504	 -0.620182	 0.896689	 -2.259500	 -0.990322	 0.001000
 -5.133191	 -1.740763	 -0.621172	 0.897937	 -2.259077	 -0.990171	 0.001000
 -5.132293	 -1.743022	 -0.622162	 0.899185	 -2.258654	 -0.990020	 0.001000
 -5.131394	 -1.745281	 -0.623152	 0.900433	 -2.258230	 -0.989869	 0.001000
 -5.130494	 -1.747539	 -0.624142	 0.901680	 -2.257806	 -0.989717	 0.001000
 -5.129592	 -1.749797	 -0.625132	 0.902928	 -2.257381	 -0.989566	 0.001000
 -5.128689	 -1.752054	 -0.626121	 0.904175	 -2.256956	 -0.989414	 0.001000
 -5.127785	 -1.754311	 -0.627111	 0.905421	 -2.256530	 -0.989262	 0.001000
 -5.126880	 -1.756568	 -0.628100	 0.906668	 -2.256103	 -0.989109	 0.001000
 -5.125973	 -1.758824	 -0.629089	 0.907914	 -2.255676	 -0.988956	 0.001000
 -5.125065	 -1.761080	 -0.630078	 0.909161	 -2.255249	 -0.988803	 0.001000
 -5.124156	 -1.763335	 -0.631067	 0.910407	 -2.254821	 -0.988650	 0.001000
 -5.123245	 -1.765590	 -0.632055	 0.911652	 -2.254392	 -0.988497	 0.001000
 -5.122334	 -1.767844	 -0.633044	 0.912898	 -2.253963	 -0.988343	 0.001000
 -5.121421	 -1.770098	 -0.634032	 0.914143	 -2.253533	 -0.988189	 0.001000
 -5.120507	 -1.772352	 -0.635021	 0.915388	 -2.253103	 -0.988035	 0.001000
 -5.119591	 -1.774605	 -0.636009	 0.916633	 -2.252672	 -0.987881	 0.001000
 -5.118675	 -1.776857	 -0.636996	 0.917878	 -2.252240	 -0.987726	 0.001000
 -5.117757	 -1.779110	 -0.637984	 0.919122	 -2.251808	 -0.987571	 0.001000
 -5.116838	 -1.781361	 -0.638972	 0.920367	 -2.251376	 -0.987416	 0.001000
 -5.115917	 -1.783613	 -0.639959	 0.921611	 -2.250943	 -0.987261	 0.001000
 -5.114996	 -1.785864	 -0.640946	 0.922855	 -2.250509	 -0.987105	 0.001000
 -5.114073	 -1.788114	 -0.641934	 0.924098	 -2.250075	 -0.986949	 0.001000
 -5.113149	 -1.790364	 -0.642920	 0.925342	 -2.249640	 -0.986793	 0.001000
 -5.112223	 -1.792614	 -0.643907	 0.926585	 -2.249205	 -0.986637	 0.001000
 -5.111297	 -1.794863	 -0.644894	 0.927828	 -2.248769	 -0.986480	 0.001000
 -5.110369	 -1.797112	 -0.645880	 0.929070	 -2.248332	 -0.986324	 0.001000
 -5.109440	 -1.799360	 -0.646867	 0.930313	 -2.247896	 -0.986167	 0.001000
 -5.108510	 -1.801608	 -0.647853	 0.931555	 -2.247458	 -0.986009	 0.001000
 -5.107578	 -1.803856	 -0.648839	 0.932797	 -2.247020	 -0.985852	 0.001000
 -5.106645	 -1.806103	 -0.649825	 0.934039	 -2.246581	 -0.985694	 0.001000
 -5.105711	 -1.808349	 -0.650810	 0.935281	 -2.246142	 -0.985536	 0.001000
 -5.104776	 -1.810595	 -0.651796	 0.936522	 -2.245703	 -0.985378	 0.001000
 -5.103839	 -1.812841	 -0.652781	 0.937763	 -2.245262	 -0.985219	 0.001000
 -5.102902	 -1.815086	 -0.653767	 0.939004	 -2.244822	 -0.985061	 0.001000
 -5.101963	 -1.817331	 -0.654752	 0.940245	 -2.244380	 -0.984902	 0.001000
 -5.101022	 -1.819575	 -0.655737	 0.941486	 -2.243938	 -0.984742	 0.001000
 -5.100081	 -1.821819	 -0.656721	 0.942726	 -2.243496	 -0.984583	 0.001000
 -5.099138	 -1.824063	 -0.657706	 0.943966	 -2.243053	 -0.984423	 0.001000
 -5.098194	 -1.826306	 -0.658690	 0.945206	 -2.242609	 -0.984263	 0.001000
 -5.097249	 -1.828549	 -0.659675	 0.946446	 -2.242165	 -0.984103	 0.001000
 -5.096303	 -1.830791	 -0.660659	 0.947685	 -2.241721	 -0.983943	 0.001000
 -5.095355	 -1.833032	 -0.661643	 0.948925	 -2.241275	 -0.983782	 0.001000
 -5.094406	 -1.835274	 -0.662626	 0.950164	 -2.240830	 -0.983621	 0.001000
 -5.093456	 -1.837515	 -0.663610	 0.951402	 -2.240383	 -0.983460	 0.001000
 -5.092504	 -1.839755	 -0.664593	 0.952641	 -2.239937	 -0.983299	 0.001000
 -5.091552	 -1.841995	 -0.665577	 0.953879	 -2.239489	 -0.983137	 0.001000
 -5.090598	 -1.844234	 -0.666560	 0.955117	 -2.239041	 -0.982975	 0.001000
 -5.089643	 -1.846473	 -0.667543	 0.956355	 -2.238593	 -0.982813	 0.001000
 -5.088686	 -1.848712	 -0.668526	 0.957593	 -2.238144	 -0.982651	 0.001000
 -5.087729	 -1.850950	 -0.669508	 0.958830	 -2.237694	 -0.982488	 0.001000
 -5.086770	 -1.853188	 -0.670491	 0.960068	 -2.237244	 -0.982325	 0.001000
 -5.085810	 -1.855425	 -0.671473	 0.961305	 -2.236793	 -0.982162	 0.001000
 -5.084849	 -1.857662	 -0.672455	 0.962541	 -2.236342	 -0.981999	 0.001000
 -5.083886	 -1.859898	 -0.673437	 0.963778	 -2.235891	 -0.981836	 0.001000
 -5.082922	 -1.862134	 -0.674419	 0.965014	 -2.235438	 -0.981672	 0.001000
 -5.081957	 -1.864370	 -0.675401	 0.966250	 -2.234985	 -0.981508	 0.001000
 -5.080991	 -1.866605	 -0.676382	 0.967486	 -2.234532	 -0.981344	 0.001000
 -5.080024	 -1.868839	 -0.677364	 0.968722	 -2.234078	 -0.981179	 0.001000
 -5.079055	 -1.871073	 -0.678345	 0.969957	 -2.233624	 -0.981014	 0.001000
 -5.078085	 -1.873307	 -0.679326	 0.971193	 -2.233168	 -0.980849	 0.001000
 -5.077114	 -1.875540	 -0.680307	 0.972428	 -2.232713	 -0.980684	 0.001000
 -5.076141	 -1.877773	 -0.681287	 0.973662	 -2.232257	 -0.980519	 0.001000
 -5.075168	 -1.880005	 -0.682268	 0.974897	 -2.231800	 -0.980353	 0.001000
 -5.074193	 -1.882237	 -0.683248	 0.976131	 -2.231343	 -0.980187	 0.001000
 -5.073217	 -1.884468	 -0.684228	 0.977365	 -2.230885	 -0.980021	 0.001000
 -5.072239	 -1.886699	 -0.685208	 0.978599	 -2.230427	 -0.979855	 0.001000
 -5.071261	 -1.888929	 -0.686188	 0.979833	 -2.229968	 -0.979688	 0.001000
 -5.070281	 -1.891159	 -0.687168	 0.981066	 -2.229508	 -0.979521	 0.001000
 -5.069300	 -1.893389	 -0.688148	 0.982299	 -2.229049	 -0.979354	 0.001000
 -5.068317	 -1.895618	 -0.689127	 0.983532	 -2.228588	 -0.979186	 0.001000
 -5.067334	 -1.897846	 -0.690106	 0.984765	 -2.228127	 -0.979019	 0.001000
 -5.066349	 -1.900075	 -0.691085	 0.985997	 -2.227665	 -0.978851	 0.001000
 -5.065363	 -1.902302	 -0.692064	 0.987230	 -2.227203	 -0.978683	 0.001000
 -5.064376	 -1.904529	 -0.693043	 0.988462	 -2.226741	 -0.978515	 0.001000
 -5.063387	 -1.906756	 -0.694021	 0.989693	 -2.226277	 -0.978346	 0.001000
 -5.062398	 -1.908982	 -0.694999	 0.990925	 -2.225814	 -0.978177	 0.001000
 -5.061407	 -1.911208	 -0.695978	 0.992156	 -2.225349	 -0.978008	 0.001000
 -5.060415	 -1.913434	 -0.696956	 0.993387	 -2.224884	 -0.977839	 0.001000
 -5.059421	 -1.915659	 -0.697933	 0.994618	 -2.224419	 -0.977669	 0.001000
 -5.058427	 -1.917883	 -0.698911	 0.995849	 -2.223953	 -0.977500	 0.001000
 -5.057431	 -1.920107	 -0.699889	 0.997079	 -2.223486	 -0.977330	 0.001000
 -5.056434	 -1.922330	 -0.700866	 0.998310	 -2.223019	 -0.977159	 0.001000
 -5.055435	 -1.924553	 -0.701843	 0.999539	 -2.222552	 -0.976989	 0.001000
 -5.054436	 -1.926776	 -0.702820	 1.000769	 -2.222084	 -0.976818	 0.001000
 -5.053435	 -1.928998	 -0.703797	 1.001999	 -2.221615	 -0.976647	 0.001000
 -5.052433	 -1.931220	 -0.704774	 1.003228	 -2.221146	 -0.976476	 0.001000
 -5.051430	 -1.933441	 -0.705750	 1.004457	 -2.220676	 -0.976305	 0.001000
 -5.050425	 -1.935661	 -0.706726	 1.005686	 -2.220206	 -0.976133	 0.001000
 -5.049420	 -1.937882	 -0.707703	 1.006914	 -2.219735	 -0.975961	 0.001000
 -5.048413	 -1.940101	 -0.708678	 1.008143	 -2.219263	 -0.975789	 0.001000
 -5.047405	 -1.942321	 -0.709654	 1.009371	 -2.218792	 -0.975616	 0.001000
 -5.046395	 -1.944539	 -0.710630	 1.010598	 -2.218319	 -0.975444	 0.001000
 -5.045385	 -1.946758	 -0.711605	 1.011826	 -2.217846	 -0.975271	 0.001000
 -5.044373	 -1.948976	 -0.712581	 1.013053	 -2.217372	 -0.975098	 0.001000
 -5.043360	 -1.951193	 -0.713556	 1.014281	 -2.216898	 -0.974924	 0.001000
 -5.042346	 -1.953410	 -0.714531	 1.015507	 -2.216424	 -0.974751	 0.001000
 -5.041330	 -1.955626	 -0.715505	 1.016734	 -2.215948	 -0.974577	 0.001000
 -5.040313	 -1.957842	 -0.716480	 1.017961	 -2.215473	 -0.974403	 0.001000
 -5.039295	 -1.960058	 -0.717454	 1.019187	 -2.214996	 -0.974229	 0.001000
 -5.038276	 -1.962273	 -0.718429	 1.020413	 -2.214519	 -0.974054	 0.001000
 -5.037256	 -1.964487	 -0.719403	 1.021638	 -2.214042	 -0.973879	 0.001000
 -5.036234	 -1.966701	 -0.720377	 1.022864	 -2.213564	 -0.973704	 0.001000
 -5.035211	 -1.968915	 -0.721350	 1.024089	 -2.213086	 -0.973529	 0.001000
 -5.034187	 -1.971128	 -0.722324	 1.025314	 -2.212607	 -0.973354	 0.001000
 -5.033162	 -1.973341	 -0.723297	 1.026539	 -2.212127	 -0.973178	 0.001000
 -5.032135	 -1.975553	 -0.724270	 1.027763	 -2.211647	 -0.973002	 0.001000
 -5.031108	 -1.977764	 -0.725243	 1.028988	 -2.211166	 -0.972826	 0.001000
 -5.030079	 -1.979976	 -0.726216	 1.030212	 -2.210685	 -0.972649	 0.001000
 -5.029048	 -1.982186	 -0.727189	 1.031436	 -2.210203	 -0.972473	 0.001000
 -5.028017	 -1.984396	 -0.728161	 1.032659	 -2.209721	 -0.972296	 0.001000
 -5.026984	 -1.986606	 -0.729134	 1.033883	 -2.209238	 -0.972118	 0.001000
 -5.025950	 -1.988815	 -0.730106	 1.035106	 -2.208755	 -0.971941	 0.001000
 -5.024915	 -1.991024	 -0.731078	 1.036329	 -2.208271	 -0.971763	 0.001000
 -5.023879	 -1.993232	 -0.732049	 1.037551	 -2.207787	 -0.971586	 0.001000
 -5.022841	 -1.995440	 -0.733021	 1.038774	 -2.207302	 -0.971407	 0.001000
 -5.021803	 -1.997647	 -0.733992	 1.039996	 -2.206816	 -0.971229	 0.001000
 -5.020763	 -1.999854	 -0.734964	 1.041218	 -2.206330	 -0.971050	 0.001000
 -5.019721	 -2.002061	 -0.735935	 1.042439	 -2.205844	 -0.970872	 0.001000
 -5.018679	 -2.004266	 -0.736905	 1.043661	 -2.205356	 -0.970693	 0.001000
 -5.017635	 -2.006472	 -0.737876	 1.044882	 -2.204869	 -0.970513	 0.001000
 -5.016590	 -2.008677	 -0.738847	 1.046103	 -2.204380	 -0.970334	 0.001000
 -5.015544	 -2.010881	 -0.739817	 1.047323	 -2.203892	 -0.970154	 0.001000
 -5.014497	 -2.013085	 -0.740787	 1.048544	 -2.203402	 -0.969974	 0.001000
 -5.013448	 -2.015288	 -0.741757	 1.049764	 -2.202912	 -0.969794	 0.001000
 -5.012399	 -2.017491	 -0.742727	 1.050984	 -2.202422	 -0.969613	 0.001000
 -5.011348	 -2.019694	 -0.743697	 1.052204	 -2.201931	 -0.969432	 0.001000
 -5.010296	 -2.021896	 -0.744666	 1.053423	 -2.201440	 -0.969251	 0.001000
 -5.009242	 -2.024097	 -0.745635	 1.054643	 -2.200948	 -0.969070	 0.001000
 -5.008187	 -2.026298	 -0.746604	 1.055862	 -2.200455	 -0.968889	 0.001000
 -5.007132	 -2.028498	 -0.747573	 1.057080	 -2.199962	 -0.968707	 0.001000
 -5.006075	 -2.030698	 -0.748542	 1.058299	 -2.199468	 -0.968525	 0.001000
 -5.005016	 -2.032898	 -0.749510	 1.059517	 -2.198974	 -0.968343	 0.001000
 -5.003957	 -2.035097	 -0.750479	 1.060735	 -2.198479	 -0.968161	 0.001000
 -5.002896	 -2.037295	 -0.751447	 1.061953	 -2.197984	 -0.967978	 0.001000
 -5.001834	 -2.039493	 -0.752415	 1.063170	 -2.197488	 -0.967795	 0.001000
 -5.000771	 -2.041691	 -0.753383	 1.064388	 -2.196992	 -0.967612	 0.001000
 -4.999706	 -2.043888	 -0.754350	 1.065605	 -2.196495	 -0.967429	 0.001000
 -4.998641	 -2.046084	 -0.755318	 1.066821	 -2.195998	 -0.967245	 0.001000
 -4.997574	 -2.048280	 -0.756285	 1.068038	 -2.195500	 -0.967061	 0.001000
 -4.996506	 -2.050476	 -0.757252	 1.069254	 -2.195001	 -0.966877	 0.001000
 -4.995437	 -2.052671	 -0.758219	 1.070470	 -2.194502	 -0.966693	 0.001000
 -4.994366	 -2.054865	 -0.759186	 1.071686	 -2.194003	 -0.966508	 0.001000
 -4.993295	 -2.057059	 -0.760152	 1.072902	 -2.193503	 -0.966324	 0.001000
 -4.992222	 -2.059253	 -0.761118	 1.074117	 -2.193002	 -0.966139	 0.001000
 -4.991148	 -2.061446	 -0.762085	 1.075332	 -2.192501	 -0.965953	 0.001000
 -4.990072	 -2.063638	 -0.763051	 1.076547	 -2.191999	 -0.965768	 0.001000
 -4.988996	 -2.065830	 -0.764016	 1.077761	 -2.191497	 -0.965582	 0.001000
 -4.987918	 -2.068022	 -0.764982	 1.078976	 -2.190994	 -0.965396	 0.001000
 -4.986839	 -2.070213	 -0.765947	 1.080190	 -2.190490	 -0.965210	 0.001000
 -4.985759	 -2.072403	 -0.766913	 1.081404	 -2.189987	 -0.965023	 0.001000
 -4.984677	 -2.074593	 -0.767878	 1.082617	 -2.189482	 -0.964837	 0.001000
 -4.983595	 -2.076783	 -0.768842	 1.083830	 -2.188977	 -0.964650	 0.001000
 -4.982511	 -2.078972	 -0.769807	 1.085044	 -2.188472	 -0.964463	 0.001000
 -4.981426	 -2.081160	 -0.770771	 1.086256	 -2.187966	 -0.964275	 0.001000
 -4.980340	 -2.083348	 -0.771736	 1.087469	 -2.187459	 -0.964088	 0.001000
 -4.979252	 -2.085536	 -0.772700	 1.088681	 -2.186952	 -0.963900	 0.001000
 -4.978163	 -2.087723	 -0.773664	 1.089893	 -2.186444	 -0.963712	 0.001000
 -4.977074	 -2.089909	 -0.774627	 1.091105	 -2.185936	 -0.963523	 0.001000
 -4.975982	 -2.092095	 -0.775591	 1.092317	 -2.185427	 -0.963335	 0.001000
 -4.974890	 -2.094280	 -0.776554	 1.093528	 -2.184918	 -0.963146	 0.001000
 -4.973797	 -2.096465	 -0.777517	 1.094739	 -2.184408	 -0.962957	 0.001000
 -4.972702	 -2.098650	 -0.778480	 1.095950	 -2.183898	 -0.962768	 0.001000
 -4.971606	 -2.100834	 -0.779443	 1.097160	 -2.183387	 -0.962578	 0.001000
 -4.970509	 -2.103017	 -0.780406	 1.098371	 -2.182875	 -0.962389	 0.001000
 -4.969410	 -2.105200	 -0.781368	 1.099581	 -2.182364	 -0.962199	 0.001000
 -4.968311	 -2.107382	 -0.782330	 1.100790	 -2.181851	 -0.962008	 0.001000
 -4.967210	 -2.109564	 -0.783292	 1.102000	 -2.181338	 -0.961818	 0.001000
 -4.966108	 -2.111745	 -0.784254	 1.103209	 -2.180824	 -0.961627	 0.001000
 -4.965005	 -2.113926	 -0.785216	 1.104418	 -2.180310	 -0.961436	 0.001000
 -4.963900	 -2.116107	 -0.786177	 1.105627	 -2.179796	 -0.961245	 0.001000
 -4.962795	 -2.118286	 -0.787138	 1.106836	 -2.179280	 -0.961054	 0.001000
 -4.961688	 -2.120466	 -0.788100	 1.108044	 -2.178765	 -0.960862	 0.001000
 -4.960580	 -2.122644	 -0.789060	 1.109252	 -2.178248	 -0.960670	 0.001000
 -4.959471	 -2.124823	 -0.790021	 1.110460	 -2.177732	 -0.960478	 0.001000
 -4.958360	 -2.127000	 -0.790982	 1.111667	 -2.177214	 -0.960286	 0.001000
 -4.957248	 -2.129178	 -0.791942	 1.112874	 -2.176696	 -0.960093	 0.001000
 -4.956136	 -2.131354	 -0.792902	 1.114081	 -2.176178	 -0.959900	 0.001000
 -4.955022	 -2.133530	 -0.793862	 1.115288	 -2.175659	 -0.959707	 0.001000
 -4.953906	 -2.135706	 -0.794822	 1.116495	 -2.175140	 -0.959514	 0.001000
 -4.952790	 -2.137881	 -0.795781	 1.117701	 -2.174620	 -0.959320	 0.001000
 -4.951672	 -2.140056	 -0.796740	 1.118907	 -2.174099	 -0.959127	 0.001000
 -4.950553	 -2.142230	 -0.797700	 1.120112	 -2.173578	 -0.958933	 0.001000
 -4.949433	 -2.144404	 -0.798658	 1.121318	 -2.173056	 -0.958738	 0.001000
 -4.948312	 -2.146577	 -0.799617	 1.122523	 -2.172534	 -0.958544	 0.001000
 -4.947189	 -2.148749	 -0.800576	 1.123728	 -2.172011	 -0.958349	 0.001000
 -4.946065	 -2.150921	 -0.801534	 1.124933	 -2.171488	 -0.958154	 0.001000
 -4.944941	 -2.153093	 -0.802492	 1.126137	 -2.170964	 -0.957959	 0.001000
 -4.943814	 -2.155264	 -0.803450	 1.127341	 -2.170440	 -0.957764	 0.001000
 -4.942687	 -2.157434	 -0.804408	 1.128545	 -2.169915	 -0.957568	 0.001000
 -4.941559	 -2.159604	 -0.805366	 1.129749	 -2.169390	 -0.957372	 0.001000
 -4.940429	 -2.161773	 -0.806323	 1.130952	 -2.168864	 -0.957176	 0.001000
 -4.939298	 -2.163942	 -0.807280	 1.132155	 -2.168338	 -0.956980	 0.001000
 -4.938166	 -2.166111	 -0.808237	 1.133358	 -2.167811	 -0.956783	 0.001000
 -4.937032	 -2.168278	 -0.809194	 1.134561	 -2.167283	 -0.956586	 0.001000
 -4.935898	 -2.170446	 -0.810150	 1.135763	 -2.166755	 -0.956389	 0.001000
 -4.934762	 -2.172612	 -0.811107	 1.136965	 -2.166226	 -0.956192	 0.001000
 -4.933625	 -2.174779	 -0.812063	 1.138167	 -2.165697	 -0.955994	 0.001000
 -4.932487	 -2.176944	 -0.813019	 1.139368	 -2.165168	 -0.955797	 0.001000
 -4.931347	 -2.179110	 -0.813975	 1.140570	 -2.164638	 -0.955599	 0.001000
 -4.930207	 -2.181274	 -0.814930	 1.141771	 -2.164107	 -0.955400	 0.001000
 -4.929065	 -2.183438	 -0.815886	 1.142971	 -2.163576	 -0.955202	 0.001000
 -4.927922	 -2.185602	 -0.816841	 1.144172	 -2.163044	 -0.955003	 0.001000
 -4.926778	 -2.187765	 -0.817796	 1.145372	 -2.162511	 -0.954804	 0.001000
 -4.925633	 -2.189927	 -0.818751	 1.146572	 -2.161979	 -0.954605	 0.001000
 -4.924486	 -2.192089	 -0.819705	 1.147772	 -2.161445	 -0.954406	 0.001000
 -4.923338	 -2.194251	 -0.820660	 1.148971	 -2.160911	 -0.954206	 0.001000
 -4.922189	 -2.196412	 -0.821614	 1.150170	 -2.160377	 -0.954006	 0.001000
 -4.921039	 -2.198572	 -0.822568	 1.151369	 -2.159842	 -0.953806	 0.001000
 -4.919888	 -2.200732	 -0.823522	 1.152568	 -2.159306	 -0.953606	 0.001000
 -4.918735	 -2.202891	 -0.824475	 1.153766	 -2.158770	 -0.953405	 0.001000
 -4.917581	 -2.205050	 -0.825429	 1.154964	 -2.158234	 -0.953204	 0.001000
 -4.916426	 -2.207208	 -0.826382	 1.156162	 -2.157697	 -0.953003	 0.001000
 -4.915270	 -2.209366	 -0.827335	 1.157360	 -2.157159	 -0.952802	 0.001000
 -4.914113	 -2.211523	 -0.828288	 1.158557	 -2.156621	 -0.952600	 0.001000
 -4.912954	 -2.213680	 -0.829240	 1.159754	 -2.156082	 -0.952398	 0.001000
 -4.911795	 -2.215836	 -0.830193	 1.160951	 -2.155543	 -0.952196	 0.001000
 -4.910634	 -2.217991	 -0.831145	 1.162148	 -2.155003	 -0.951994	 0.001000
 -4.909472	 -2.220146	 -0.832097	 1.163344	 -2.154463	 -0.951792	 0.001000
 -4.908308	 -2.222301	 -0.833049	 1.164540	 -2.153922	 -0.951589	 0.001000
 -4.907144	 -2.224455	 -0.834000	 1.165735	 -2.153381	 -0.951386	 0.001000
 -4.905978	 -2.226608	 -0.834952	 1.166931	 -2.152839	 -0.951183	 0.001000
 -4.904811	 -2.228761	 -0.835903	 1.168126	 -2.152296	 -0.950980	 0.001000
 -4.903643	 -2.230913	 -0.836854	 1.169321	 -2.151753	 -0.950776	 0.001000
 -4.902474	 -2.233065	 -0.837805	 1.170516	 -2.151210	 -0.950572	 0.001000
 -4.901303	 -2.235216	 -0.838755	 1.171710	 -2.150666	 -0.950368	 0.001000
 -4.900131	 -2.237367	 -0.839706	 1.172904	 -2.150121	 -0.950164	 0.001000
 -4.898958	 -2.239517	 -0.840656	 1.174098	 -2.149576	 -0.949959	 0.001000
 -4.897784	 -2.241667	 -0.841606	 1.175292	 -2.149030	 -0.949754	 0.001000
 -4.896609	 -2.243816	 -0.842556	 1.176485	 -2.148484	 -0.949549	 0.001000
 -4.895433	 -2.245964	 -0.843505	 1.177678	 -2.147937	 -0.949344	 0.001000
 -4.894255	 -2.248112	 -0.844454	 1.178871	 -2.147390	 -0.949138	 0.001000
 -4.893076	 -2.250259	 -0.845404	 1.180063	 -2.146843	 -0.948933	 0.001000
 -4.891896	 -2.252406	 -0.846353	 1.181255	 -2.146294	 -0.948727	 0.001000
 -4.890715	 -2.254553	 -0.847301	 1.182447	 -2.145745	 -0.948520	 0.001000
 -4.889532	 -2.256698	 -0.848250	 1.183639	 -2.145196	 -0.948314	 0.001000
 -4.888349	 -2.258844	 -0.849198	 1.184830	 -2.144646	 -0.948107	 0.001000
 -4.887164	 -2.260988	 -0.850146	 1.186022	 -2.144096	 -0.947900	 0.001000
 -4.885978	 -2.263132	 -0.851094	 1.187212	 -2.143545	 -0.947693	 0.001000
 -4.884791	 -2.265276	 -0.852042	 1.188403	 -2.142993	 -0.947486	 0.001000
 -4.883602	 -2.267419	 -0.852989	 1.189593	 -2.142441	 -0.947278	 0.001000
 -4.882413	 -2.269561	 -0.853937	 1.190783	 -2.141889	 -0.947070	 0.001000
 -4.881222	 -2.271703	 -0.854884	 1.191973	 -2.141336	 -0.946862	 0.001000
 -4.880030	 -2.273844	 -0.855830	 1.193163	 -2.140782	 -0.946654	 0.001000
 -4.878837	 -2.275985	 -0.856777	 1.194352	 -2.140228	 -0.946445	 0.001000
 -4.877642	 -2.278125	 -0.857724	 1.195541	 -2.139673	 -0.946236	 0.001000
 -4.876447	 -2.280265	 -0.858670	 1.196729	 -2.139118	 -0.946027	 0.001000
 -4.875250	 -2.282404	 -0.859616	 1.197918	 -2.138563	 -0.945818	 0.001000
 -4.874052	 -2.284543	 -0.860562	 1.199106	 -2.138006	 -0.945609	 0.001000
 -4.872853	 -2.286681	 -0.861507	 1.200294	 -2.137450	 -0.945399	 0.001000
 -4.871653	 -2.288818	 -0.862453	 1.201481	 -2.136892	 -0.945189	 0.001000
 -4.870451	 -2.290955	 -0.863398	 1.202669	 -2.136334	 -0.944979	 0.001000
 -4.869249	 -2.293092	 -0.864343	 1.203856	 -2.135776	 -0.944768	 0.001000
 -4.868045	 -2.295227	 -0.865288	 1.205043	 -2.135217	 -0.944558	 0.001000
 -4.866840	 -2.297363	 -0.866232	 1.206229	 -2.134658	 -0.944347	 0.001000
 -4.865633	 -2.299497	 -0.867177	 1.207415	 -2.134098	 -0.944136	 0.001000
 -4.864426	 -2.301631	 -0.868121	 1.208601	 -2.133537	 -0.943924	 0.001000
 -4.863217	 -2.303765	 -0.869065	 1.209787	 -2.132976	 -0.943713	 0.001000
 -4.862008	 -2.305898	 -0.870008	 1.210972	 -2.132415	 -0.943501	 0.001000
 -4.860797	 -2.308030	 -0.870952	 1.212157	 -2.131853	 -0.943289	 0.001000
 -4.859584	 -2.310162	 -0.871895	 1.213342	 -2.131290	 -0.943077	 0.001000
 -4.858371	 -2.312293	 -0.872838	 1.214527	 -2.130727	 -0.942864	 0.001000
 -4.857157	 -2.314424	 -0.873781	 1.215711	 -2.130163	 -0.942651	 0.001000
 -4.855941	 -2.316554	 -0.874724	 1.216895	 -2.129599	 -0.942438	 0.001000
 -4.854724	 -2.318684	 -0.875666	 1.218078	 -2.129035	 -0.942225	 0.001000
 -4.853506	 -2.320813	 -0.876608	 1.219262	 -2.128469	 -0.942012	 0.001000
 -4.852287	 -2.322941	 -0.877550	 1.220445	 -2.127904	 -0.941798	 0.001000
 -4.851066	 -2.325069	 -0.878492	 1.221628	 -2.127337	 -0.941584	 0.001000
 -4.849845	 -2.327197	 -0.879434	 1.222810	 -2.126771	 -0.941370	 0.001000
 -4.848622	 -2.329323	 -0.880375	 1.223993	 -2.126203	 -0.941155	 0.001000
 -4.847398	 -2.331450	 -0.881316	 1.225175	 -2.125635	 -0.940941	 0.001000
 -4.846173	 -2.333575	 -0.882257	 1.226357	 -2.125067	 -0.940726	 0.001000
 -4.844946	 -2.335700	 -0.883198	 1.227538	 -2.124498	 -0.940511	 0.001000
 -4.843719	 -2.337825	 -0.884138	 1.228719	 -2.123929	 -0.940296	 0.001000
 -4.842490	 -2.339949	 -0.885079	 1.229900	 -2.123359	 -0.940080	 0.001000
 -4.841260	 -2.342072	 -0.886019	 1.231081	 -2.122788	 -0.939864	 0.001000
 -4.840029	 -2.344195	 -0.886959	 1.232261	 -2.122217	 -0.939648	 0.001000
 -4.838797	 -2.346317	 -0.887898	 1.233441	 -2.121646	 -0.939432	 0.001000
 -4.837563	 -2.348439	 -0.888838	 1.234621	 -2.121074	 -0.939215	 0.001000
 -4.836329	 -2.350560	 -0.889777	 1.235800	 -2.120501	 -0.938999	 0.001000
 -4.835093	 -2.352680	 -0.890716	 1.236980	 -2.119928	 -0.938782	 0.001000
 -4.833856	 -2.354800	 -0.891655	 1.238158	 -2.119354	 -0.938565	 0.001000
 -4.832618	 -2.356920	 -0.892593	 1.239337	 -2.118780	 -0.938347	 0.001000
 -4.831378	 -2.359038	 -0.893532	 1.240515	 -2.118205	 -0.938130	 0.001000
 -4.830138	 -2.361157	 -0.894470	 1.241694	 -2.117630	 -0.937912	 0.001000
 -4.828896	 -2.363274	 -0.895408	 1.242871	 -2.117054	 -0.937694	 0.001000
 -4.827653	 -2.365391	 -0.896345	 1.244049	 -2.116478	 -0.937475	 0.001000
 -4.826409	 -2.367508	 -0.897283	 1.245226	 -2.115901	 -0.937257	 0.001000
 -4.825164	 -2.369624	 -0.898220	 1.246403	 -2.115324	 -0.937038	 0.001000
 -4.823918	 -2.371739	 -0.899157	 1.247580	 -2.114746	 -0.936819	 0.001000
 -4.822670	 -2.373854	 -0.900094	 1.248756	 -2.114168	 -0.936600	 0.001000
 -4.821421	 -2.375968	 -0.901031	 1.249932	 -2.113589	 -0.936380	 0.001000
 -4.820171	 -2.378081	 -0.901967	 1.251108	 -2.113010	 -0.936160	 0.001000
 -4.818920	 -2.380194	 -0.902903	 1.252283	 -2.112430	 -0.935940	 0.001000
 -4.817668	 -2.382307	 -0.903839	 1.253459	 -2.111849	 -0.935720	 0.001000
 -4.816415	 -2.384419	 -0.904775	 1.254634	 -2.111268	 -0.935500	 0.001000
 -4.815160	 -2.386530	 -0.905710	 1.255808	 -2.110687	 -0.935279	 0.001000
 -4.813904	 -2.388641	 -0.906646	 1.256983	 -2.110105	 -0.935058	 0.001000
 -4.812647	 -2.390751	 -0.907581	 1.258157	 -2.109522	 -0.934837	 0.001000
 -4.811389	 -2.392860	 -0.908515	 1.259330	 -2.108939	 -0.934616	 0.001000
 -4.810130	 -2.394969	 -0.909450	 1.260504	 -2.108355	 -0.934394	 0.001000
 -4.808869	 -2.397078	 -0.910384	 1.261677	 -2.107771	 -0.934172	 0.001000
 -4.807607	 -2.399185	 -0.911319	 1.262850	 -2.107186	 -0.933950	 0.001000
 -4.806345	 -2.401293	 -0.912253	 1.264023	 -2.106601	 -0.933728	 0.001000
 -4.805081	 -2.403399	 -0.913186	 1.265195	 -2.106016	 -0.933505	 0.001000
 -4.803815	 -2.405505	 -0.914120	 1.266367	 -2.105429	 -0.933283	 0.001000
 -4.802549	 -2.407611	 -0.915053	 1.267539	 -2.104843	 -0.933060	 0.001000
 -4.801281	 -2.409715	 -0.915986	 1.268710	 -2.104255	 -0.932837	 0.001000
 -4.800013	 -2.411820	 -0.916919	 1.269881	 -2.103667	 -0.932613	 0.001000
 -4.798743	 -2.413923	 -0.917852	 1.271052	 -2.103079	 -0.932389	 0.001000
 -4.797472	 -2.416026	 -0.918784	 1.272223	 -2.102490	 -0.932166	 0.001000
 -4.796200	 -2.418129	 -0.919716	 1.273393	 -2.101901	 -0.931941	 0.001000
 -4.794926	 -2.420231	 -0.920648	 1.274563	 -2.101311	 -0.931717	 0.001000
 -4.793652	 -2.422332	 -0.921580	 1.275733	 -2.100721	 -0.931492	 0.001000
 -4.792376	 -2.424433	 -0.922511	 1.276902	 -2.100130	 -0.931268	 0.001000
 -4.791099	 -2.426533	 -0.923443	 1.278072	 -2.099538	 -0.931043	 0.001000
 -4.789821	 -2.428633	 -0.924374	 1.279240	 -2.098946	 -0.930817	 0.001000
 -4.788542	 -2.430731	 -0.925304	 1.280409	 -2.098354	 -0.930592	 0.001000
 -4.787261	 -2.432830	 -0.926235	 1.281577	 -2.097761	 -0.930366	 0.001000
 -4.785980	 -2.434928	 -0.927165	 1.282745	 -2.097167	 -0.930140	 0.001000
 -4.784697	 -2.437025	 -0.928096	 1.283913	 -2.096573	 -0.929914	 0.001000
 -4.783413	 -2.439121	 -0.929025	 1.285080	 -2.095978	 -0.929687	 0.001000
 -4.782128	 -2.441217	 -0.929955	 1.286247	 -2.095383	 -0.929461	 0.001000
 -4.780842	 -2.443313	 -0.930885	 1.287414	 -2.094788	 -0.929234	 0.001000
 -4.779554	 -2.445407	 -0.931814	 1.288581	 -2.094192	 -0.929007	 0.001000
 -4.778266	 -2.447502	 -0.932743	 1.289747	 -2.093595	 -0.928779	 0.001000
 -4.776976	 -2.449595	 -0.933672	 1.290913	 -2.092998	 -0.928552	 0.001000
 -4.775685	 -2.451688	 -0.934600	 1.292078	 -2.092400	 -0.928324	 0.001000
 -4.774393	 -2.453781	 -0.935529	 1.293244	 -2.091802	 -0.928096	 0.001000
 -4.773100	 -2.455872	 -0.936457	 1.294409	 -2.091203	 -0.927868	 0.001000
 -4.771805	 -2.457964	 -0.937384	 1.295574	 -2.090604	 -0.927639	 0.001000
 -4.770510	 -2.460054	 -0.938312	 1.296738	 -2.090004	 -0.927410	 0.001000
 -4.769213	 -2.462144	 -0.939240	 1.297902	 -2.089403	 -0.927181	 0.001000
 -4.767915	 -2.464234	 -0.940167	 1.299066	 -2.088803	 -0.926952	 0.001000
 -4.766616	 -2.466322	 -0.941094	 1.300230	 -2.088201	 -0.926723	 0.001000
 -4.765316	 -2.468411	 -0.942020	 1.301393	 -2.087599	 -0.926493	 0.001000
 -4.764014	 -2.470498	 -0.942947	 1.302556	 -2.086997	 -0.926263	 0.001000
 -4.762712	 -2.472585	 -0.943873	 1.303718	 -2.086394	 -0.926033	 0.001000
 -4.761408	 -2.474672	 -0.944799	 1.304881	 -2.085791	 -0.925803	 0.001000
 -4.760103	 -2.476757	 -0.945725	 1.306043	 -2.085187	 -0.925572	 0.001000
 -4.758797	 -2.478843	 -0.946651	 1.307205	 -2.084582	 -0.925341	 0.001000
 -4.757490	 -2.480927	 -0.947576	 1.308366	 -2.083977	 -0.925110	 0.001000
 -4.756182	 -2.483011	 -0.948501	 1.309527	 -2.083372	 -0.924879	 0.001000
 -4.754872	 -2.485095	 -0.949426	 1.310688	 -2.082766	 -0.924647	 0.001000
 -4.753561	 -2.487177	 -0.950351	 1.311849	 -2.082159	 -0.924416	 0.001000
 -4.752250	 -2.489260	 -0.951275	 1.313009	 -2.081552	 -0.924184	 0.001000
 -4.750937	 -2.491341	 -0.952199	 1.314169	 -2.080944	 -0.923952	 0.001000
 -4.749622	 -2.493422	 -0.953123	 1.315329	 -2.080336	 -0.923719	 0.001000
 -4.748307	 -2.495502	 -0.954047	 1.316488	 -2.079728	 -0.923486	 0.001000
 -4.746991	 -2.497582	 -0.954970	 1.317647	 -2.079118	 -0.923254	 0.001000
 -4.745673	 -2.499661	 -0.955894	 1.318806	 -2.078509	 -0.923020	 0.001000
 -4.744354	 -2.501740	 -0.956817	 1.319964	 -2.077899	 -0.922787	 0.001000
 -4.743034	 -2.503818	 -0.957739	 1.321123	 -2.077288	 -0.922554	 0.001000
 -4.741713	 -2.505895	 -0.958662	 1.322280	 -2.076677	 -0.922320	 0.001000
 -4.740391	 -2.507972	 -0.959584	 1.323438	 -2.076065	 -0.922086	 0.001000
 -4.739067	 -2.510048	 -0.960506	 1.324595	 -2.075453	 -0.921851	 0.001000
 -4.737743	 -2.512123	 -0.961428	 1.325752	 -2.074840	 -0.921617	 0.001000
 -4.736417	 -2.514198	 -0.962350	 1.326909	 -2.074226	 -0.921382	 0.001000
 -4.735090	 -2.516272	 -0.963271	 1.328065	 -2.073613	 -0.921147	 0.001000
 -4.733762	 -2.518346	 -0.964192	 1.329221	 -2.072998	 -0.920912	 0.001000
 -4.732433	 -2.520419	 -0.965113	 1.330377	 -2.072383	 -0.920677	 0.001000
 -4.731102	 -2.522491	 -0.966034	 1.331533	 -2.071768	 -0.920441	 0.001000
 -4.729771	 -2.524563	 -0.966954	 1.332688	 -2.071152	 -0.920205	 0.001000
 -4.728438	 -2.526634	 -0.967875	 1.333843	 -2.070536	 -0.919969	 0.001000
 -4.727104	 -2.528705	 -0.968794	 1.334997	 -2.069919	 -0.919733	 0.001000
 -4.725769	 -2.530775	 -0.969714	 1.336151	 -2.069301	 -0.919496	 0.001000
 -4.724433	 -2.532844	 -0.970634	 1.337305	 -2.068683	 -0.919259	 0.001000
 -4.723096	 -2.534912	 -0.971553	 1.338459	 -2.068065	 -0.919022	 0.001000
 -4.721757	 -2.536981	 -0.972472	 1.339612	 -2.067446	 -0.918785	 0.001000
 -4.720418	 -2.539048	 -0.973391	 1.340765	 -2.066826	 -0.918548	 0.001000
 -4.719077	 -2.541115	 -0.974309	 1.341918	 -2.066206	 -0.918310	 0.001000
 -4.717735	 -2.543181	 -0.975228	 1.343070	 -2.065586	 -0.918072	 0.001000
 -4.716392	 -2.545247	 -0.976146	 1.344222	 -2.064965	 -0.917834	 0.001000
 -4.715048	 -2.547312	 -0.977064	 1.345374	 -2.064343	 -0.917596	 0.001000
 -4.713702	 -2.549376	 -0.977981	 1.346526	 -2.063721	 -0.917357	 0.001000
 -4.712356	 -2.551440	 -0.978899	 1.347677	 -2.063099	 -0.917118	 0.001000
 -4.711008	 -2.553503	 -0.979816	 1.348828	 -2.062475	 -0.916879	 0.001000
 -4.709659	 -2.555565	 -0.980733	 1.349978	 -2.061852	 -0.916640	 0.001000
 -4.708309	 -2.557627	 -0.981649	 1.351128	 -2.061228	 -0.916400	 0.001000
 -4.706958	 -2.559688	 -0.982566	 1.352278	 -2.060603	 -0.916160	 0.001000
 -4.705606	 -2.561749	 -0.983482	 1.353428	 -2.059978	 -0.915920	 0.001000
 -4.704253	 -2.563809	 -0.984398	 1.354577	 -2.059352	 -0.915680	 0.001000
 -4.702898	 -2.565868	 -0.985313	 1.355726	 -2.058726	 -0.915440	 0.001000
 -4.701542	 -2.567927	 -0.986229	 1.356875	 -2.058099	 -0.915199	 0.001000
 -4.700185	 -2.569985	 -0.987144	 1.358024	 -2.057472	 -0.914958	 0.001000
 -4.698827	 -2.572043	 -0.988059	 1.359172	 -2.056844	 -0.914717	 0.001000
 -4.697468	 -2.574099	 -0.988974	 1.360319	 -2.056216	 -0.914476	 0.001000
 -4.696108	 -2.576156	 -0.989888	 1.361467	 -2.055587	 -0.914234	 0.001000
 -4.694746	 -2.578211	 -0.990802	 1.362614	 -2.054958	 -0.913992	 0.001000
 -4.693384	 -2.580266	 -0.991716	 1.363761	 -2.054328	 -0.913750	 0.001000
 -4.692020	 -2.582320	 -0.992630	 1.364907	 -2.053698	 -0.913508	 0.001000
 -4.690655	 -2.584374	 -0.993544	 1.366054	 -2.053067	 -0.913266	 0.001000
 -4.689289	 -2.586427	 -0.994457	 1.367200	 -2.052435	 -0.913023	 0.001000
 -4.687922	 -2.588480	 -0.995370	 1.368345	 -2.051804	 -0.912780	 0.001000
 -4.686554	 -2.590531	 -0.996283	 1.369490	 -2.051171	 -0.912537	 0.001000
 -4.685184	 -2.592583	 -0.997195	 1.370635	 -2.050538	 -0.912293	 0.001000
 -4.683813	 -2.594633	 -0.998107	 1.371780	 -2.049905	 -0.912050	 0.001000
 -4.682442	 -2.596683	 -0.999020	 1.372924	 -2.049271	 -0.911806	 0.001000
 -4.681069	 -2.598732	 -0.999931	 1.374069	 -2.048637	 -0.911562	 0.001000
 -4.679695	 -2.600781	 -1.000843	 1.375212	 -2.048002	 -0.911317	 0.001000
 -4.678319	 -2.602829	 -1.001754	 1.376356	 -2.047366	 -0.911073	 0.001000
 -4.676943	 -2.604876	 -1.002665	 1.377499	 -2.046730	 -0.910828	 0.001000
 -4.675566	 -2.606923	 -1.003576	 1.378642	 -2.046094	 -0.910583	 0.001000
 -4.674187	 -2.608969	 -1.004487	 1.379784	 -2.045457	 -0.910338	 0.001000
 -4.672807	 -2.611015	 -1.005397	 1.380926	 -2.044819	 -0.910092	 0.001000
 -4.671426	 -2.613059	 -1.006307	 1.382068	 -2.044181	 -0.909847	 0.001000
 -4.670044	 -2.615104	 -1.007217	 1.383210	 -2.043543	 -0.909601	 0.001000
 -4.668661	 -2.617147	 -1.008127	 1.384351	 -2.042904	 -0.909355	 0.001000
 -4.667277	 -2.619190	 -1.009036	 1.385492	 -2.042264	 -0.909108	 0.001000
 -4.665891	 -2.621232	 -1.009945	 1.386632	 -2.041624	 -0.908862	 0.001000
 -4.664505	 -2.623274	 -1.010854	 1.387773	 -2.040983	 -0.908615	 0.001000
 -4.663117	 -2.625315	 -1.011763	 1.388912	 -2.040342	 -0.908368	 0.001000
 -4.661728	 -2.627355	 -1.012671	 1.390052	 -2.039701	 -0.908121	 0.001000
 -4.660338	 -2.629395	 -1.013579	 1.391191	 -2.039058	 -0.907873	 0.001000
 -4.658947	 -2.631434	 -1.014487	 1.392330	 -2.038416	 -0.907625	 0.001000
 -4.657554	 -2.633472	 -1.015395	 1.393469	 -2.037773	 -0.907377	 0.001000
 -4.656161	 -2.635510	 -1.016302	 1.394607	 -2.037129	 -0.907129	 0.001000
 -4.654766	 -2.637547	 -1.017209	 1.395746	 -2.036485	 -0.906881	 0.001000
 -4.653370	 -2.639584	 -1.018116	 1.396883	 -2.035840	 -0.906632	 0.001000
 -4.651974	 -2.641620	 -1.019023	 1.398021	 -2.035195	 -0.906383	 0.001000
 -4.650576	 -2.643655	 -1.019929	 1.399158	 -2.034549	 -0.906134	 0.001000
 -4.649176	 -2.645689	 -1.020835	 1.400295	 -2.033903	 -0.905885	 0.001000
 -4.647776	 -2.647723	 -1.021741	 1.401431	 -2.033256	 -0.905635	 0.001000
 -4.646375	 -2.649757	 -1.022647	 1.402567	 -2.032609	 -0.905386	 0.001000
 -4.644972	 -2.651789	 -1.023552	 1.403703	 -2.031961	 -0.905136	 0.001000
 -4.643568	 -2.653821	 -1.024457	 1.404838	 -2.031313	 -0.904886	 0.001000
 -4.642164	 -2.655853	 -1.025362	 1.405974	 -2.030664	 -0.904635	 0.001000
 -4.640758	 -2.657883	 -1.026267	 1.407109	 -2.030015	 -0.904384	 0.001000
 -4.639350	 -2.659913	 -1.027171	 1.408243	 -2.029365	 -0.904134	 0.001000
 -4.637942	 -2.661943	 -1.028075	 1.409377	 -2.028715	 -0.903882	 0.001000
 -4.636533	 -2.663971	 -1.028979	 1.410511	 -2.028064	 -0.903631	 0.001000
 -4.635122	 -2.665999	 -1.029883	 1.411645	 -2.027413	 -0.903379	 0.001000
 -4.633711	 -2.668027	 -1.030786	 1.412778	 -2.026761	 -0.903128	 0.001000
 -4.632298	 -2.670054	 -1.031689	 1.413911	 -2.026109	 -0.902876	 0.001000
 -4.630884	 -2.672080	 -1.032592	 1.415044	 -2.025456	 -0.902623	 0.001000
 -4.629469	 -2.674105	 -1.033495	 1.416176	 -2.024803	 -0.902371	 0.001000
 -4.628053	 -2.676130	 -1.034397	 1.417308	 -2.024149	 -0.902118	 0.001000
 -4.626635	 -2.678154	 -1.035299	 1.418439	 -2.023494	 -0.901865	 0.001000
 -4.625217	 -2.680178	 -1.036201	 1.419571	 -2.022840	 -0.901612	 0.001000
 -4.623797	 -2.682200	 -1.037103	 1.420702	 -2.022184	 -0.901359	 0.001000
 -4.622377	 -2.684223	 -1.038004	 1.421832	 -2.021528	 -0.901105	 0.001000
 -4.620955	 -2.686244	 -1.038905	 1.422963	 -2.020872	 -0.900851	 0.001000
 -4.619532	 -2.688265	 -1.039806	 1.424093	 -2.020215	 -0.900597	 0.001000
 -4.618108	 -2.690285	 -1.040707	 1.425222	 -2.019558	 -0.900343	 0.001000
 -4.616683	 -2.692305	 -1.041607	 1.426352	 -2.018900	 -0.900088	 0.001000
 -4.615256	 -2.694324	 -1.042507	 1.427481	 -2.018241	 -0.899834	 0.001000
 -4.613829	 -2.696342	 -1.043407	 1.428610	 -2.017582	 -0.899579	 0.001000
 -4.612400	 -2.698359	 -1.044306	 1.429738	 -2.016923	 -0.899324	 0.001000
 -4.610970	 -2.700376	 -1.045206	 1.430866	 -2.016263	 -0.899068	 0.001000
 -4.609540	 -2.702393	 -1.046105	 1.431994	 -2.015602	 -0.898813	 0.001000
 -4.608108	 -2.704408	 -1.047004	 1.433121	 -2.014941	 -0.898557	 0.001000
 -4.606674	 -2.706423	 -1.047902	 1.434248	 -2.014280	 -0.898301	 0.001000
 -4.605240	 -2.708437	 -1.048800	 1.435375	 -2.013618	 -0.898044	 0.001000
 -4.603805	 -2.710451	 -1.049698	 1.436502	 -2.012956	 -0.897788	 0.001000
 -4.602368	 -2.712464	 -1.050596	 1.437628	 -2.012293	 -0.897531	 0.001000
 -4.600931	 -2.714476	 -1.051494	 1.438754	 -2.011629	 -0.897274	 0.001000
 -4.599492	 -2.716488	 -1.052391	 1.439879	 -2.010965	 -0.897017	 0.001000
 -4.598052	 -2.718499	 -1.053288	 1.441004	 -2.010301	 -0.896759	 0.001000
 -4.596611	 -2.720509	 -1.054185	 1.442129	 -2.009635	 -0.896502	 0.001000
 -4.595169	 -2.722519	 -1.055081	 1.443253	 -2.008970	 -0.896244	 0.001000
 -4.593726	 -2.724528	 -1.055978	 1.444378	 -2.008304	 -0.895986	 0.001000
 -4.592281	 -2.726536	 -1.056874	 1.445501	 -2.007637	 -0.895727	 0.001000
 -4.590836	 -2.728544	 -1.057769	 1.446625	 -2.006970	 -0.895469	 0.001000
 -4.589389	 -2.730551	 -1.058665	 1.447748	 -2.006303	 -0.895210	 0.001000
 -4.587941	 -2.732557	 -1.059560	 1.448871	 -2.005635	 -0.894951	 0.001000
 -4.586493	 -2.734563	 -1.060455	 1.449993	 -2.004966	 -0.894692	 0.001000
 -4.585043	 -2.736568	 -1.061350	 1.451116	 -2.004297	 -0.894432	 0.001000
 -4.583591	 -2.738572	 -1.062244	 1.452237	 -2.003628	 -0.894173	 0.001000
 -4.582139	 -2.740576	 -1.063138	 1.453359	 -2.002957	 -0.893913	 0.001000
 -4.580686	 -2.742579	 -1.064032	 1.454480	 -2.002287	 -0.893653	 0.001000
 -4.579231	 -2.744581	 -1.064926	 1.455601	 -2.001616	 -0.893392	 0.001000
 -4.577776	 -2.746582	 -1.065819	 1.456721	 -2.000944	 -0.893132	 0.001000
 -4.576319	 -2.748583	 -1.066712	 1.457842	 -2.000272	 -0.892871	 0.001000
 -4.574861	 -2.750584	 -1.067605	 1.458962	 -1.999600	 -0.892610	 0.001000
 -4.573402	 -2.752583	 -1.068498	 1.460081	 -1.998926	 -0.892349	 0.001000
 -4.571942	 -2.754582	 -1.069390	 1.461200	 -1.998253	 -0.892087	 0.001000
 -4.570481	 -2.756580	 -1.070282	 1.462319	 -1.997579	 -0.891825	 0.001000
 -4.569019	 -2.758578	 -1.071174	 1.463438	 -1.996904	 -0.891563	 0.001000
 -4.567555	 -2.760575	 -1.072066	 1.464556	 -1.996229	 -0.891301	 0.001000
 -4.566091	 -2.762571	 -1.072957	 1.465674	 -1.995553	 -0.891039	 0.001000
 -4.564625	 -2.764567	 -1.073848	 1.466791	 -1.994877	 -0.890776	 0.001000
 -4.563158	 -2.766562	 -1.074739	 1.467908	 -1.994201	 -0.890513	 0.001000
 -4.561690	 -2.768556	 -1.075629	 1.469025	 -1.993524	 -0.890250	 0.001000
 -4.560221	 -2.770549	 -1.076519	 1.470142	 -1.992846	 -0.889987	 0.001000
 -4.558751	 -2.772542	 -1.077409	 1.471258	 -1.992168	 -0.889724	 0.001000
 -4.557280	 -2.774534	 -1.078299	 1.472374	 -1.991489	 -0.889460	 0.001000
 -4.555807	 -2.776526	 -1.079189	 1.473489	 -1.990810	 -0.889196	 0.001000
 -4.554334	 -2.778517	 -1.080078	 1.474605	 -1.990130	 -0.888932	 0.001000
 -4.552859	 -2.780507	 -1.080967	 1.475719	 -1.989450	 -0.888667	 0.001000
 -4.551384	 -2.782496	 -1.081855	 1.476834	 -1.988769	 -0.888403	 0.001000
 -4.549907	 -2.784485	 -1.082744	 1.477948	 -1.988088	 -0.888138	 0.001000
 -4.548429	 -2.786473	 -1.083632	 1.479062	 -1.987407	 -0.887873	 0.001000
 -4.546950	 -2.788460	 -1.084520	 1.480175	 -1.986725	 -0.887608	 0.001000
 -4.545470	 -2.790447	 -1.085407	 1.481289	 -1.986042	 -0.887342	 0.001000
 -4.543988	 -2.792433	 -1.086295	 1.482401	 -1.985359	 -0.887076	 0.001000
 -4.542506	 -2.794419	 -1.087182	 1.483514	 -1.984675	 -0.886810	 0.001000
 -4.541022	 -2.796403	 -1.088069	 1.484626	 -1.983991	 -0.886544	 0.001000
 -4.539538	 -2.798387	 -1.088955	 1.485738	 -1.983306	 -0.886278	 0.001000
 -4.538052	 -2.800371	 -1.089842	 1.486849	 -1.982621	 -0.886011	 0.001000
 -4.536565	 -2.802353	 -1.090728	 1.487961	 -1.981935	 -0.885744	 0.001000
 -4.535077	 -2.804335	 -1.091613	 1.489071	 -1.981249	 -0.885477	 0.001000
 -4.533588	 -2.806316	 -1.092499	 1.490182	 -1.980563	 -0.885210	 0.001000
 -4.532098	 -2.808297	 -1.093384	 1.491292	 -1.979875	 -0.884942	 0.001000
 -4.530607	 -2.810277	 -1.094269	 1.492402	 -1.979188	 -0.884675	 0.001000
 -4.529114	 -2.812256	 -1.095154	 1.493511	 -1.978499	 -0.884407	 0.001000
 -4.527621	 -2.814234	 -1.096038	 1.494620	 -1.977811	 -0.884139	 0.001000
 -4.526126	 -2.816212	 -1.096922	 1.495729	 -1.977122	 -0.883870	 0.001000
 -4.524630	 -2.818189	 -1.097806	 1.496837	 -1.976432	 -0.883602	 0.001000
 -4.523134	 -2.820166	 -1.098690	 1.497946	 -1.975742	 -0.883333	 0.001000
 -4.521636	 -2.822142	 -1.099573	 1.499053	 -1.975051	 -0.883064	 0.001000
 -4.520137	 -2.824117	 -1.100456	 1.500161	 -1.974360	 -0.882794	 0.001000
 -4.518636	 -2.826091	 -1.101339	 1.501268	 -1.973668	 -0.882525	 0.001000
 -4.517135	 -2.828065	 -1.102221	 1.502374	 -1.972976	 -0.882255	 0.001000
 -4.515633	 -2.830038	 -1.103104	 1.503481	 -1.972283	 -0.881985	 0.001000
 -4.514129	 -2.832010	 -1.103986	 1.504587	 -1.971590	 -0.881715	 0.001000
 -4.512625	 -2.833981	 -1.104867	 1.505693	 -1.970897	 -0.881444	 0.001000
 -4.511119	 -2.835952	 -1.105749	 1.506798	 -1.970202	 -0.881174	 0.001000
 -4.509612	 -2.837923	 -1.106630	 1.507903	 -1.969508	 -0.880903	 0.001000
 -4.508104	 -2.839892	 -1.107511	 1.509008	 -1.968813	 -0.880632	 0.001000
 -4.506595	 -2.841861	 -1.108391	 1.510112	 -1.968117	 -0.880361	 0.001000
 -4.505085	 -2.843829	 -1.109272	 1.511216	 -1.967421	 -0.880089	 0.001000
 -4.503574	 -2.845796	 -1.110152	 1.512319	 -1.966724	 -0.879817	 0.001000
 -4.502062	 -2.847763	 -1.111032	 1.513423	 -1.966027	 -0.879545	 0.001000
 -4.500548	 -2.849729	 -1.111911	 1.514526	 -1.965329	 -0.879273	 0.001000
 -4.499034	 -2.851695	 -1.112791	 1.515628	 -1.964631	 -0.879001	 0.001000
 -4.497518	 -2.853659	 -1.113670	 1.516731	 -1.963932	 -0.878728	 0.001000
 -4.496001	 -2.855623	 -1.114548	 1.517833	 -1.963233	 -0.878455	 0.001000
 -4.494484	 -2.857586	 -1.115427	 1.518934	 -1.962534	 -0.878182	 0.001000
 -4.492965	 -2.859549	 -1.116305	 1.520035	 -1.961833	 -0.877909	 0.001000
 -4.491445	 -2.861511	 -1.117183	 1.521136	 -1.961133	 -0.877635	 0.001000
 -4.489923	 -2.863472	 -1.118060	 1.522237	 -1.960432	 -0.877362	 0.001000
 -4.488401	 -2.865432	 -1.118938	 1.523337	 -1.959730	 -0.877088	 0.001000
 -4.486878	 -2.867392	 -1.119815	 1.524437	 -1.959028	 -0.876814	 0.001000
 -4.485353	 -2.869351	 -1.120692	 1.525536	 -1.958325	 -0.876539	 0.001000
 -4.483828	 -2.871309	 -1.121568	 1.526635	 -1.957622	 -0.876265	 0.001000
 -4.482301	 -2.873267	 -1.122445	 1.527734	 -1.956918	 -0.875990	 0.001000
 -4.480774	 -2.875224	 -1.123320	 1.528833	 -1.956214	 -0.875715	 0.001000
 -4.479245	 -2.877180	 -1.124196	 1.529931	 -1.955510	 -0.875439	 0.001000
 -4.477715	 -2.879136	 -1.125072	 1.531028	 -1.954805	 -0.875164	 0.001000
 -4.476184	 -2.881090	 -1.125947	 1.532126	 -1.954099	 -0.874888	 0.001000
 -4.474652	 -2.883045	 -1.126822	 1.533223	 -1.953393	 -0.874612	 0.001000
 -4.473118	 -2.884998	 -1.127696	 1.534320	 -1.952686	 -0.874336	 0.001000
 -4.471584	 -2.886951	 -1.128571	 1.535416	 -1.951979	 -0.874060	 0.001000
 -4.470049	 -2.888903	 -1.129445	 1.536512	 -1.951271	 -0.873783	 0.001000
 -4.468512	 -2.890854	 -1.130318	 1.537608	 -1.950563	 -0.873506	 0.001000
 -4.466975	 -2.892804	 -1.131192	 1.538703	 -1.949855	 -0.873229	 0.001000
 -4.465436	 -2.894754	 -1.132065	 1.539798	 -1.949146	 -0.872952	 0.001000
 -4.463896	 -2.896703	 -1.132938	 1.540892	 -1.948436	 -0.872674	 0.001000
 -4.462355	 -2.898652	 -1.133811	 1.541987	 -1.947726	 -0.872397	 0.001000
 -4.460813	 -2.900600	 -1.134683	 1.543081	 -1.947015	 -0.872119	 0.001000
 -4.459270	 -2.902547	 -1.135555	 1.544174	 -1.946304	 -0.871840	 0.001000
 -4.457726	 -2.904493	 -1.136427	 1.545267	 -1.945593	 -0.871562	 0.001000
 -4.456181	 -2.906438	 -1.137299	 1.546360	 -1.944881	 -0.871283	 0.001000
 -4.454634	 -2.908383	 -1.138170	 1.547453	 -1.944168	 -0.871005	 0.001000
 -4.453087	 -2.910328	 -1.139041	 1.548545	 -1.943455	 -0.870726	 0.001000
 -4.451538	 -2.912271	 -1.139912	 1.549637	 -1.942742	 -0.870446	 0.001000
 -4.449989	 -2.914214	 -1.140782	 1.550728	 -1.942028	 -0.870167	 0.001000
 -4.448438	 -2.916156	 -1.141652	 1.551819	 -1.941313	 -0.869887	 0.001000
 -4.446886	 -2.918097	 -1.142522	 1.552910	 -1.940598	 -0.869607	 0.001000
 -4.445333	 -2.920038	 -1.143392	 1.554000	 -1.939882	 -0.869327	 0.001000
 -4.443779	 -2.921978	 -1.144261	 1.555090	 -1.939166	 -0.869047	 0.001000
 -4.442224	 -2.923917	 -1.145130	 1.556180	 -1.938450	 -0.868766	 0.001000
 -4.440668	 -2.925855	 -1.145999	 1.557269	 -1.937733	 -0.868485	 0.001000
 -4.439111	 -2.927793	 -1.146868	 1.558358	 -1.937015	 -0.868204	 0.001000
 -4.437552	 -2.929730	 -1.147736	 1.559447	 -1.936297	 -0.867923	 0.001000
 -4.435993	 -2.931666	 -1.148604	 1.560535	 -1.935579	 -0.867641	 0.001000
 -4.434432	 -2.933602	 -1.149471	 1.561623	 -1.934860	 -0.867360	 0.001000
 -4.432871	 -2.935537	 -1.150339	 1.562711	 -1.934141	 -0.867078	 0.001000
 -4.431308	 -2.937471	 -1.151206	 1.563798	 -1.933421	 -0.866796	 0.001000
 -4.429744	 -2.939404	 -1.152073	 1.564885	 -1.932700	 -0.866513	 0.001000
 -4.428179	 -2.941337	 -1.152939	 1.565971	 -1.931979	 -0.866231	 0.001000
 -4.426613	 -2.943269	 -1.153805	 1.567057	 -1.931258	 -0.865948	 0.001000
 -4.425046	 -2.945200	 -1.154671	 1.568143	 -1.930536	 -0.865665	 0.001000
 -4.423478	 -2.947131	 -1.155537	 1.569228	 -1.929813	 -0.865382	 0.001000
 -4.421909	 -2.949061	 -1.156402	 1.570313	 -1.929090	 -0.865098	 0.001000
 -4.420339	 -2.950990	 -1.157267	 1.571398	 -1.928367	 -0.864815	 0.001000
 -4.418767	 -2.952918	 -1.158132	 1.572482	 -1.927643	 -0.864531	 0.001000
 -4.417195	 -2.954846	 -1.158997	 1.573566	 -1.926919	 -0.864247	 0.001000
 -4.415621	 -2.956773	 -1.159861	 1.574650	 -1.926194	 -0.863962	 0.001000
 -4.414047	 -2.958699	 -1.160725	 1.575733	 -1.925469	 -0.863678	 0.001000
 -4.412471	 -2.960624	 -1.161589	 1.576816	 -1.924743	 -0.863393	 0.001000
 -4.410894	 -2.962549	 -1.162452	 1.577899	 -1.924016	 -0.863108	 0.001000
 -4.409316	 -2.964473	 -1.163315	 1.578981	 -1.923289	 -0.862823	 0.001000
 -4.407737	 -2.966396	 -1.164178	 1.580063	 -1.922562	 -0.862538	 0.001000
 -4.406157	 -2.968319	 -1.165040	 1.581144	 -1.921834	 -0.862252	 0.001000
 -4.404576	 -2.970241	 -1.165903	 1.582225	 -1.921106	 -0.861966	 0.001000
 -4.402994	 -2.972162	 -1.166765	 1.583306	 -1.920377	 -0.861680	 0.001000
 -4.401410	 -2.974082	 -1.167626	 1.584387	 -1.919648	 -0.861394	 0.001000
 -4.399826	 -2.976002	 -1.168488	 1.585467	 -1.918918	 -0.861107	 0.001000
 -4.398240	 -2.977921	 -1.169349	 1.586546	 -1.918188	 -0.860820	 0.001000
 -4.396654	 -2.979839	 -1.170210	 1.587626	 -1.917457	 -0.860533	 0.001000
 -4.395066	 -2.981756	 -1.171070	 1.588704	 -1.916726	 -0.860246	 0.001000
 -4.393478	 -2.983673	 -1.171930	 1.589783	 -1.915994	 -0.859959	 0.001000
 -4.391888	 -2.985589	 -1.172790	 1.590861	 -1.915262	 -0.859671	 0.001000
 -4.390297	 -2.987504	 -1.173650	 1.591939	 -1.914529	 -0.859383	 0.001000
 -4.388705	 -2.989419	 -1.174509	 1.593017	 -1.913796	 -0.859095	 0.001000
 -4.387112	 -2.991333	 -1.175369	 1.594094	 -1.913062	 -0.858807	 0.001000
 -4.385518	 -2.993246	 -1.176227	 1.595170	 -1.912328	 -0.858519	 0.001000
 -4.383923	 -2.995158	 -1.177086	 1.596247	 -1.911593	 -0.858230	 0.001000
 -4.382326	 -2.997070	 -1.177944	 1.597323	 -1.910858	 -0.857941	 0.001000
 -4.380729	 -2.998980	 -1.178802	 1.598399	 -1.910123	 -0.857652	 0.001000
 -4.379131	 -3.000891	 -1.179660	 1.599474	 -1.909386	 -0.857363	 0.001000
 -4.377531	 -3.002800	 -1.180517	 1.600549	 -1.908650	 -0.857073	 0.001000
 -4.375931	 -3.004709	 -1.181374	 1.601623	 -1.907913	 -0.856783	 0.001000
 -4.374329	 -3.006617	 -1.182231	 1.602698	 -1.907175	 -0.856493	 0.001000
 -4.372726	 -3.008524	 -1.183087	 1.603772	 -1.906437	 -0.856203	 0.001000
 -4.371123	 -3.010430	 -1.183944	 1.604845	 -1.905698	 -0.855913	 0.001000
 -4.369518	 -3.012336	 -1.184800	 1.605918	 -1.904959	 -0.855622	 0.001000
 -4.367912	 -3.014241	 -1.185655	 1.606991	 -1.904220	 -0.855331	 0.001000
 -4.366305	 -3.016145	 -1.186510	 1.608063	 -1.903480	 -0.855040	 0.001000
 -4.364697	 -3.018049	 -1.187366	 1.609135	 -1.902739	 -0.854749	 0.001000
 -4.363088	 -3.019951	 -1.188220	 1.610207	 -1.901998	 -0.854457	 0.001000
 -4.361477	 -3.021853	 -1.189075	 1.611278	 -1.901257	 -0.854165	 0.001000
 -4.359866	 -3.023755	 -1.189929	 1.612349	 -1.900515	 -0.853873	 0.001000
