 0.066242	 -0.658899	 -0.300632	 7.307210	 0.757252	 -0.121747	 0.000000
 0.066973	 -0.658823	 -0.300644	 7.306530	 0.764014	 -0.118662	 0.000000
 0.067703	 -0.658747	 -0.300656	 7.305843	 0.770775	 -0.115576	 0.000000
 0.068434	 -0.658670	 -0.300667	 7.305148	 0.777536	 -0.112491	 0.000000
 0.069164	 -0.658592	 -0.300679	 7.304446	 0.784296	 -0.109405	 0.000000
 0.069895	 -0.658514	 -0.300690	 7.303736	 0.791055	 -0.106319	 0.000000
 0.070625	 -0.658435	 -0.300700	 7.303019	 0.797813	 -0.103233	 0.000000
 0.071356	 -0.658355	 -0.300711	 7.302294	 0.804570	 -0.100147	 0.000000
 0.072086	 -0.658274	 -0.300721	 7.301562	 0.811326	 -0.097062	 0.000000
 0.072816	 -0.658193	 -0.300730	 7.300822	 0.818081	 -0.093976	 0.000000
 0.073546	 -0.658111	 -0.300740	 7.300075	 0.824835	 -0.090889	 0.000000
 0.074276	 -0.658029	 -0.300749	 7.299320	 0.831589	 -0.087803	 0.000000
 0.075006	 -0.657946	 -0.300758	 7.298558	 0.838341	 -0.084717	 0.000000
 0.075736	 -0.657862	 -0.300766	 7.297788	 0.845093	 -0.081631	 0.000000
 0.076466	 -0.657777	 -0.300774	 7.297011	 0.851843	 -0.078545	 0.000000
 0.077195	 -0.657692	 -0.300782	 7.296226	 0.858593	 -0.075458	 0.000000
 0.077925	 -0.657606	 -0.300790	 7.295434	 0.865341	 -0.072372	 0.000000
 0.078654	 -0.657520	 -0.300797	 7.294635	 0.872089	 -0.069286	 0.000000
 0.079384	 -0.657433	 -0.300804	 7.293828	 0.878836	 -0.066199	 0.000000
 0.080113	 -0.657345	 -0.300810	 7.293013	 0.885581	 -0.063113	 0.000000
 0.080843	 -0.657256	 -0.300817	 7.292191	 0.892326	 -0.060026	 0.000000
 0.081572	 -0.657167	 -0.300823	 7.291362	 0.899069	 -0.056940	 0.000000
 0.082301	 -0.657077	 -0.300828	 7.290525	 0.905812	 -0.053853	 0.000000
 0.083030	 -0.656986	 -0.300834	 7.289680	 0.912554	 -0.050767	 0.000000
 0.083759	 -0.656895	 -0.300839	 7.288828	 0.919294	 -0.047680	 0.000000
 0.084488	 -0.656803	 -0.300844	 7.287969	 0.926034	 -0.044594	 0.000000
 0.085217	 -0.656711	 -0.300848	 7.287102	 0.932773	 -0.041507	 0.000000
 0.085945	 -0.656617	 -0.300852	 7.286228	 0.939510	 -0.038421	 0.000000
 0.086674	 -0.656523	 -0.300856	 7.285346	 0.946247	 -0.035334	 0.000000
 0.087403	 -0.656429	 -0.300860	 7.284457	 0.952982	 -0.032248	 0.000000
 0.088131	 -0.656334	 -0.300863	 7.283560	 0.959716	 -0.029161	 0.000000
 0.088859	 -0.656238	 -0.300866	 7.282656	 0.966450	 -0.026075	 0.000000
 0.089588	 -0.656141	 -0.300868	 7.281745	 0.973182	 -0.022988	 0.000000
 0.090316	 -0.656044	 -0.300871	 7.280825	 0.979913	 -0.019902	 0.000000
 0.091044	 -0.655946	 -0.300873	 7.279899	 0.986643	 -0.016815	 0.000000
 0.091772	 -0.655847	 -0.300874	 7.278965	 0.993372	 -0.013729	 0.000000
 0.092500	 -0.655748	 -0.300876	 7.278024	 1.000100	 -0.010642	 0.000000
 0.093228	 -0.655648	 -0.300877	 7.277075	 1.006827	 -0.007556	 0.000000
 0.093955	 -0.655547	 -0.300878	 7.276118	 1.013552	 -0.004469	 0.000000
 0.094683	 -0.655446	 -0.300878	 7.275155	 1.020277	 -0.001383	 0.000000
 0.095410	 -0.655344	 -0.300878	 7.274183	 1.027000	 0.001703	 0.000000
 0.096138	 -0.655241	 -0.300878	 7.273205	 1.033722	 0.004790	 0.000000
 0.096865	 -0.655137	 -0.300878	 7.272219	 1.040444	 0.007876	 0.000000
 0.097592	 -0.655033	 -0.300877	 7.271225	 1.047164	 0.010962	 0.000000
 0.098319	 -0.654929	 -0.300876	 7.270224	 1.053882	 0.014048	 0.000000
 0.099047	 -0.654823	 -0.300874	 7.269215	 1.060600	 0.017134	 0.000000
 0.099773	 -0.654717	 -0.300873	 7.268200	 1.067316	 0.020220	 0.000000
 0.100500	 -0.654610	 -0.300870	 7.267176	 1.074032	 0.023306	 0.000000
 0.101227	 -0.654503	 -0.300868	 7.266145	 1.080746	 0.026392	 0.000000
 0.101954	 -0.654395	 -0.300866	 7.265107	 1.087459	 0.029478	 0.000000
 0.102680	 -0.654286	 -0.300863	 7.264062	 1.094171	 0.032564	 0.000000
 0.103407	 -0.654177	 -0.300859	 7.263008	 1.100881	 0.035650	 0.000000
 0.104133	 -0.654067	 -0.300856	 7.261948	 1.107590	 0.038735	 0.000000
 0.104859	 -0.653956	 -0.300852	 7.260880	 1.114299	 0.041821	 0.000000
 0.105585	 -0.653845	 -0.300848	 7.259804	 1.121005	 0.044906	 0.000000
 0.106311	 -0.653732	 -0.300843	 7.258722	 1.127711	 0.047992	 0.000000
 0.107037	 -0.653620	 -0.300838	 7.257631	 1.134415	 0.051077	 0.000000
 0.107763	 -0.653506	 -0.300833	 7.256534	 1.141119	 0.054162	 0.000000
 0.108488	 -0.653392	 -0.300828	 7.255428	 1.147821	 0.057248	 0.000000
 0.109214	 -0.653277	 -0.300822	 7.254316	 1.154521	 0.060333	 0.000000
 0.109939	 -0.653162	 -0.300816	 7.253196	 1.161221	 0.063418	 0.000000
 0.110665	 -0.653046	 -0.300810	 7.252068	 1.167919	 0.066502	 0.000000
 0.111390	 -0.652929	 -0.300803	 7.250934	 1.174616	 0.069587	 0.000000
 0.112115	 -0.652812	 -0.300796	 7.249791	 1.181311	 0.072672	 0.000000
 0.112840	 -0.652693	 -0.300789	 7.248642	 1.188006	 0.075756	 0.000000
 0.113565	 -0.652575	 -0.300781	 7.247485	 1.194698	 0.078841	 0.000000
 0.114290	 -0.652455	 -0.300773	 7.246320	 1.201390	 0.081925	 0.000000
 0.115014	 -0.652335	 -0.300765	 7.245148	 1.208081	 0.085009	 0.000000
 0.115739	 -0.652214	 -0.300757	 7.243969	 1.214770	 0.088093	 0.000000
 0.116463	 -0.652093	 -0.300748	 7.242782	 1.221457	 0.091177	 0.000000
 0.117187	 -0.651971	 -0.300739	 7.241588	 1.228144	 0.094261	 0.000000
 0.117912	 -0.651848	 -0.300729	 7.240386	 1.234829	 0.097345	 0.000000
 0.118636	 -0.651724	 -0.300720	 7.239177	 1.241513	 0.100428	 0.000000
 0.119359	 -0.651600	 -0.300710	 7.237961	 1.248195	 0.103512	 0.000000
 0.120083	 -0.651475	 -0.300699	 7.236737	 1.254876	 0.106595	 0.000000
 0.120807	 -0.651350	 -0.300689	 7.235506	 1.261556	 0.109678	 0.000000
 0.121530	 -0.651224	 -0.300678	 7.234267	 1.268234	 0.112761	 0.000000
 0.122254	 -0.651097	 -0.300666	 7.233021	 1.274911	 0.115844	 0.000000
 0.122977	 -0.650969	 -0.300655	 7.231768	 1.281586	 0.118926	 0.000000
 0.123700	 -0.650841	 -0.300643	 7.230507	 1.288260	 0.122009	 0.000000
 0.124423	 -0.650712	 -0.300631	 7.229239	 1.294933	 0.125091	 0.000000
 0.125146	 -0.650583	 -0.300618	 7.227963	 1.301604	 0.128173	 0.000000
 0.125869	 -0.650453	 -0.300605	 7.226680	 1.308274	 0.131255	 0.000000
 0.126592	 -0.650322	 -0.300592	 7.225389	 1.314943	 0.134337	 0.000000
 0.127314	 -0.650190	 -0.300579	 7.224092	 1.321610	 0.137419	 0.000000
 0.128037	 -0.650058	 -0.300565	 7.222786	 1.328276	 0.140500	 0.000000
 0.128759	 -0.649925	 -0.300551	 7.221474	 1.334940	 0.143582	 0.000000
 0.129481	 -0.649792	 -0.300537	 7.220154	 1.341603	 0.146663	 0.000000
 0.130203	 -0.649658	 -0.300522	 7.218826	 1.348264	 0.149744	 0.000000
 0.130925	 -0.649523	 -0.300507	 7.217492	 1.354924	 0.152824	 0.000000
 0.131647	 -0.649387	 -0.300492	 7.216150	 1.361582	 0.155905	 0.000000
 0.132368	 -0.649251	 -0.300476	 7.214800	 1.368239	 0.158985	 0.000000
 0.133090	 -0.649114	 -0.300460	 7.213443	 1.374895	 0.162066	 0.000000
 0.133811	 -0.648977	 -0.300444	 7.212079	 1.381549	 0.165146	 0.000000
 0.134533	 -0.648839	 -0.300428	 7.210707	 1.388201	 0.168225	 0.000000
 0.135254	 -0.648700	 -0.300411	 7.209328	 1.394852	 0.171305	 0.000000
 0.135975	 -0.648560	 -0.300394	 7.207942	 1.401501	 0.174384	 0.000000
 0.136695	 -0.648420	 -0.300376	 7.206548	 1.408149	 0.177463	 0.000000
 0.137416	 -0.648280	 -0.300358	 7.205147	 1.414796	 0.180542	 0.000000
 0.138136	 -0.648138	 -0.300340	 7.203738	 1.421441	 0.183621	 0.000000
 0.138857	 -0.647996	 -0.300322	 7.202322	 1.428084	 0.186699	 0.000000
 0.139577	 -0.647853	 -0.300303	 7.200899	 1.434726	 0.189778	 0.000000
 0.140297	 -0.647710	 -0.300284	 7.199469	 1.441366	 0.192856	 0.000000
 0.141017	 -0.647565	 -0.300265	 7.198031	 1.448005	 0.195933	 0.000000
 0.141737	 -0.647421	 -0.300245	 7.196585	 1.454642	 0.199011	 0.000000
 0.142457	 -0.647275	 -0.300226	 7.195132	 1.461278	 0.202088	 0.000000
 0.143176	 -0.647129	 -0.300205	 7.193672	 1.467912	 0.205165	 0.000000
 0.143895	 -0.646982	 -0.300185	 7.192205	 1.474544	 0.208242	 0.000000
 0.144615	 -0.646835	 -0.300164	 7.190730	 1.481175	 0.211319	 0.000000
 0.145334	 -0.646687	 -0.300143	 7.189248	 1.487805	 0.214395	 0.000000
 0.146053	 -0.646538	 -0.300121	 7.187759	 1.494432	 0.217471	 0.000000
 0.146771	 -0.646389	 -0.300100	 7.186262	 1.501058	 0.220547	 0.000000
 0.147490	 -0.646238	 -0.300078	 7.184758	 1.507683	 0.223623	 0.000000
 0.148209	 -0.646088	 -0.300055	 7.183246	 1.514306	 0.226698	 0.000000
 0.148927	 -0.645936	 -0.300033	 7.181727	 1.520927	 0.229773	 0.000000
 0.149645	 -0.645784	 -0.300010	 7.180201	 1.527547	 0.232848	 0.000000
 0.150363	 -0.645631	 -0.299986	 7.178667	 1.534165	 0.235922	 0.000000
 0.151081	 -0.645478	 -0.299963	 7.177126	 1.540781	 0.238996	 0.000000
 0.151799	 -0.645324	 -0.299939	 7.175578	 1.547396	 0.242070	 0.000000
 0.152516	 -0.645169	 -0.299915	 7.174023	 1.554009	 0.245144	 0.000000
 0.153234	 -0.645014	 -0.299890	 7.172460	 1.560620	 0.248217	 0.000000
 0.153951	 -0.644858	 -0.299865	 7.170889	 1.567230	 0.251291	 0.000000
 0.154668	 -0.644701	 -0.299840	 7.169312	 1.573838	 0.254363	 0.000000
 0.155385	 -0.644544	 -0.299815	 7.167727	 1.580444	 0.257436	 0.000000
 0.156102	 -0.644386	 -0.299789	 7.166135	 1.587049	 0.260508	 0.000000
 0.156818	 -0.644227	 -0.299763	 7.164535	 1.593652	 0.263580	 0.000000
 0.157535	 -0.644067	 -0.299737	 7.162928	 1.600253	 0.266652	 0.000000
 0.158251	 -0.643907	 -0.299710	 7.161314	 1.606853	 0.269723	 0.000000
 0.158967	 -0.643747	 -0.299683	 7.159693	 1.613451	 0.272794	 0.000000
 0.159683	 -0.643585	 -0.299656	 7.158064	 1.620047	 0.275865	 0.000000
 0.160399	 -0.643423	 -0.299628	 7.156428	 1.626641	 0.278935	 0.000000
 0.161115	 -0.643261	 -0.299600	 7.154784	 1.633234	 0.282005	 0.000000
 0.161830	 -0.643097	 -0.299572	 7.153133	 1.639825	 0.285075	 0.000000
 0.162545	 -0.642933	 -0.299543	 7.151475	 1.646414	 0.288144	 0.000000
 0.163261	 -0.642769	 -0.299515	 7.149810	 1.653001	 0.291213	 0.000000
 0.163975	 -0.642603	 -0.299486	 7.148137	 1.659587	 0.294282	 0.000000
 0.164690	 -0.642438	 -0.299456	 7.146457	 1.666171	 0.297350	 0.000000
 0.165405	 -0.642271	 -0.299426	 7.144770	 1.672753	 0.300418	 0.000000
 0.166119	 -0.642104	 -0.299396	 7.143075	 1.679333	 0.303486	 0.000000
 0.166834	 -0.641936	 -0.299366	 7.141373	 1.685912	 0.306554	 0.000000
 0.167548	 -0.641767	 -0.299335	 7.139664	 1.692488	 0.309621	 0.000000
 0.168262	 -0.641598	 -0.299304	 7.137947	 1.699063	 0.312687	 0.000000
 0.168976	 -0.641428	 -0.299273	 7.136224	 1.705636	 0.315754	 0.000000
 0.169689	 -0.641257	 -0.299242	 7.134492	 1.712208	 0.318820	 0.000000
 0.170403	 -0.641086	 -0.299210	 7.132754	 1.718777	 0.321885	 0.000000
 0.171116	 -0.640914	 -0.299177	 7.131008	 1.725345	 0.324951	 0.000000
 0.171829	 -0.640742	 -0.299145	 7.129255	 1.731910	 0.328015	 0.000000
 0.172542	 -0.640569	 -0.299112	 7.127495	 1.738474	 0.331080	 0.000000
 0.173255	 -0.640395	 -0.299079	 7.125727	 1.745037	 0.334144	 0.000000
 0.173967	 -0.640220	 -0.299046	 7.123953	 1.751597	 0.337208	 0.000000
 0.174680	 -0.640045	 -0.299012	 7.122171	 1.758155	 0.340271	 0.000000
 0.175392	 -0.639869	 -0.298978	 7.120381	 1.764712	 0.343334	 0.000000
 0.176104	 -0.639693	 -0.298944	 7.118584	 1.771266	 0.346397	 0.000000
 0.176816	 -0.639516	 -0.298909	 7.116781	 1.777819	 0.349459	 0.000000
 0.177528	 -0.639338	 -0.298874	 7.114969	 1.784370	 0.352521	 0.000000
 0.178239	 -0.639159	 -0.298839	 7.113151	 1.790919	 0.355583	 0.000000
 0.178950	 -0.638980	 -0.298803	 7.111325	 1.797466	 0.358644	 0.000000
 0.179661	 -0.638801	 -0.298767	 7.109492	 1.804011	 0.361704	 0.000000
 0.180372	 -0.638620	 -0.298731	 7.107652	 1.810555	 0.364765	 0.000000
 0.181083	 -0.638439	 -0.298695	 7.105804	 1.817096	 0.367825	 0.000000
 0.181794	 -0.638257	 -0.298658	 7.103949	 1.823635	 0.370884	 0.000000
 0.182504	 -0.638075	 -0.298621	 7.102087	 1.830173	 0.373943	 0.000000
 0.183214	 -0.637892	 -0.298583	 7.100218	 1.836709	 0.377002	 0.000000
 0.183924	 -0.637708	 -0.298546	 7.098341	 1.843242	 0.380060	 0.000000
 0.184634	 -0.637524	 -0.298508	 7.096458	 1.849774	 0.383118	 0.000000
 0.185344	 -0.637339	 -0.298469	 7.094567	 1.856303	 0.386175	 0.000000
 0.186053	 -0.637153	 -0.298431	 7.092668	 1.862831	 0.389232	 0.000000
 0.186763	 -0.636967	 -0.298392	 7.090763	 1.869357	 0.392289	 0.000000
 0.187472	 -0.636780	 -0.298353	 7.088850	 1.875881	 0.395345	 0.000000
 0.188181	 -0.636593	 -0.298313	 7.086930	 1.882403	 0.398401	 0.000000
 0.188889	 -0.636404	 -0.298273	 7.085003	 1.888922	 0.401456	 0.000000
 0.189598	 -0.636215	 -0.298233	 7.083068	 1.895440	 0.404511	 0.000000
 0.190306	 -0.636026	 -0.298193	 7.081126	 1.901956	 0.407565	 0.000000
 0.191014	 -0.635836	 -0.298152	 7.079177	 1.908470	 0.410619	 0.000000
 0.191722	 -0.635645	 -0.298111	 7.077221	 1.914982	 0.413672	 0.000000
 0.192430	 -0.635453	 -0.298069	 7.075258	 1.921491	 0.416725	 0.000000
 0.193137	 -0.635261	 -0.298028	 7.073287	 1.927999	 0.419778	 0.000000
 0.193845	 -0.635068	 -0.297986	 7.071309	 1.934505	 0.422830	 0.000000
 0.194552	 -0.634875	 -0.297943	 7.069324	 1.941008	 0.425882	 0.000000
 0.195259	 -0.634681	 -0.297901	 7.067331	 1.947510	 0.428933	 0.000000
 0.195965	 -0.634486	 -0.297858	 7.065332	 1.954009	 0.431983	 0.000000
 0.196672	 -0.634291	 -0.297815	 7.063325	 1.960507	 0.435034	 0.000000
 0.197378	 -0.634095	 -0.297771	 7.061311	 1.967002	 0.438083	 0.000000
 0.198084	 -0.633898	 -0.297727	 7.059290	 1.973496	 0.441133	 0.000000
 0.198790	 -0.633701	 -0.297683	 7.057261	 1.979987	 0.444181	 0.000000
 0.199496	 -0.633503	 -0.297639	 7.055226	 1.986476	 0.447230	 0.000000
 0.200202	 -0.633304	 -0.297594	 7.053183	 1.992963	 0.450278	 0.000000
 0.200907	 -0.633105	 -0.297549	 7.051133	 1.999448	 0.453325	 0.000000
 0.201612	 -0.632905	 -0.297504	 7.049076	 2.005931	 0.456372	 0.000000
 0.202317	 -0.632704	 -0.297458	 7.047011	 2.012411	 0.459418	 0.000000
 0.203022	 -0.632503	 -0.297412	 7.044940	 2.018890	 0.462464	 0.000000
 0.203726	 -0.632301	 -0.297366	 7.042861	 2.025367	 0.465509	 0.000000
 0.204430	 -0.632098	 -0.297320	 7.040775	 2.031841	 0.468554	 0.000000
 0.205135	 -0.631895	 -0.297273	 7.038682	 2.038313	 0.471598	 0.000000
 0.205838	 -0.631691	 -0.297225	 7.036581	 2.044783	 0.474642	 0.000000
 0.206542	 -0.631487	 -0.297178	 7.034474	 2.051251	 0.477686	 0.000000
 0.207245	 -0.631282	 -0.297130	 7.032359	 2.057717	 0.480728	 0.000000
 0.207949	 -0.631076	 -0.297082	 7.030237	 2.064180	 0.483771	 0.000000
 0.208652	 -0.630870	 -0.297034	 7.028108	 2.070642	 0.486812	 0.000000
 0.209355	 -0.630663	 -0.296985	 7.025972	 2.077101	 0.489853	 0.000000
 0.210057	 -0.630455	 -0.296936	 7.023828	 2.083558	 0.492894	 0.000000
 0.210760	 -0.630247	 -0.296887	 7.021677	 2.090013	 0.495934	 0.000000
 0.211462	 -0.630038	 -0.296837	 7.019520	 2.096465	 0.498974	 0.000000
 0.212164	 -0.629828	 -0.296787	 7.017355	 2.102916	 0.502013	 0.000000
 0.212865	 -0.629618	 -0.296737	 7.015182	 2.109364	 0.505051	 0.000000
 0.213567	 -0.629407	 -0.296687	 7.013003	 2.115810	 0.508089	 0.000000
 0.214268	 -0.629195	 -0.296636	 7.010817	 2.122254	 0.511127	 0.000000
 0.214969	 -0.628983	 -0.296585	 7.008623	 2.128695	 0.514164	 0.000000
 0.215670	 -0.628770	 -0.296533	 7.006422	 2.135135	 0.517200	 0.000000
 0.216371	 -0.628556	 -0.296482	 7.004214	 2.141572	 0.520236	 0.000000
 0.217071	 -0.628342	 -0.296430	 7.001999	 2.148006	 0.523271	 0.000000
 0.217771	 -0.628128	 -0.296377	 6.999777	 2.154439	 0.526306	 0.000000
 0.218471	 -0.627912	 -0.296325	 6.997548	 2.160869	 0.529340	 0.000000
 0.219171	 -0.627696	 -0.296272	 6.995311	 2.167297	 0.532373	 0.000000
 0.219871	 -0.627479	 -0.296218	 6.993068	 2.173723	 0.535406	 0.000000
 0.220570	 -0.627262	 -0.296165	 6.990817	 2.180146	 0.538439	 0.000000
 0.221269	 -0.627044	 -0.296111	 6.988559	 2.186568	 0.541470	 0.000000
 0.221968	 -0.626825	 -0.296057	 6.986294	 2.192986	 0.544502	 0.000000
 0.222667	 -0.626606	 -0.296002	 6.984022	 2.199403	 0.547532	 0.000000
 0.223365	 -0.626386	 -0.295948	 6.981742	 2.205817	 0.550562	 0.000000
 0.224063	 -0.626165	 -0.295893	 6.979456	 2.212229	 0.553592	 0.000000
 0.224761	 -0.625944	 -0.295837	 6.977162	 2.218639	 0.556620	 0.000000
 0.225459	 -0.625722	 -0.295782	 6.974861	 2.225046	 0.559649	 0.000000
 0.226156	 -0.625500	 -0.295726	 6.972554	 2.231451	 0.562676	 0.000000
 0.226854	 -0.625277	 -0.295669	 6.970239	 2.237854	 0.565703	 0.000000
 0.227551	 -0.625053	 -0.295613	 6.967917	 2.244254	 0.568730	 0.000000
 0.228247	 -0.624828	 -0.295556	 6.965588	 2.250652	 0.571756	 0.000000
 0.228944	 -0.624603	 -0.295499	 6.963251	 2.257047	 0.574781	 0.000000
 0.229640	 -0.624378	 -0.295441	 6.960908	 2.263441	 0.577806	 0.000000
 0.230336	 -0.624151	 -0.295384	 6.958557	 2.269831	 0.580830	 0.000000
 0.231032	 -0.623924	 -0.295325	 6.956200	 2.276220	 0.583853	 0.000000
 0.231728	 -0.623697	 -0.295267	 6.953835	 2.282606	 0.586876	 0.000000
 0.232423	 -0.623468	 -0.295208	 6.951463	 2.288989	 0.589898	 0.000000
 0.233118	 -0.623240	 -0.295149	 6.949084	 2.295371	 0.592919	 0.000000
 0.233813	 -0.623010	 -0.295090	 6.946699	 2.301750	 0.595940	 0.000000
 0.234508	 -0.622780	 -0.295030	 6.944305	 2.308126	 0.598960	 0.000000
 0.235202	 -0.622549	 -0.294971	 6.941905	 2.314500	 0.601980	 0.000000
 0.235897	 -0.622318	 -0.294910	 6.939498	 2.320872	 0.604999	 0.000000
 0.236590	 -0.622086	 -0.294850	 6.937084	 2.327241	 0.608017	 0.000000
 0.237284	 -0.621853	 -0.294789	 6.934662	 2.333608	 0.611035	 0.000000
 0.237978	 -0.621619	 -0.294728	 6.932234	 2.339972	 0.614052	 0.000000
 0.238671	 -0.621385	 -0.294667	 6.929798	 2.346334	 0.617068	 0.000000
 0.239364	 -0.621151	 -0.294605	 6.927356	 2.352693	 0.620084	 0.000000
 0.240057	 -0.620916	 -0.294543	 6.924906	 2.359050	 0.623099	 0.000000
 0.240749	 -0.620680	 -0.294481	 6.922449	 2.365404	 0.626113	 0.000000
 0.241441	 -0.620443	 -0.294418	 6.919986	 2.371756	 0.629127	 0.000000
 0.242133	 -0.620206	 -0.294355	 6.917515	 2.378106	 0.632140	 0.000000
 0.242825	 -0.619968	 -0.294292	 6.915037	 2.384453	 0.635152	 0.000000
 0.243517	 -0.619730	 -0.294228	 6.912552	 2.390797	 0.638164	 0.000000
 0.244208	 -0.619491	 -0.294164	 6.910060	 2.397139	 0.641175	 0.000000
 0.244899	 -0.619251	 -0.294100	 6.907561	 2.403479	 0.644185	 0.000000
 0.245590	 -0.619011	 -0.294036	 6.905055	 2.409816	 0.647195	 0.000000
 0.246280	 -0.618770	 -0.293971	 6.902541	 2.416150	 0.650204	 0.000000
 0.246970	 -0.618528	 -0.293906	 6.900021	 2.422482	 0.653212	 0.000000
 0.247660	 -0.618286	 -0.293841	 6.897494	 2.428812	 0.656219	 0.000000
 0.248350	 -0.618043	 -0.293775	 6.894960	 2.435139	 0.659226	 0.000000
 0.249040	 -0.617799	 -0.293709	 6.892418	 2.441463	 0.662233	 0.000000
 0.249729	 -0.617555	 -0.293643	 6.889870	 2.447785	 0.665238	 0.000000
 0.250418	 -0.617310	 -0.293577	 6.887315	 2.454104	 0.668243	 0.000000
 0.251107	 -0.617065	 -0.293510	 6.884752	 2.460421	 0.671247	 0.000000
 0.251795	 -0.616819	 -0.293443	 6.882183	 2.466735	 0.674250	 0.000000
 0.252483	 -0.616572	 -0.293375	 6.879606	 2.473046	 0.677253	 0.000000
 0.253171	 -0.616325	 -0.293307	 6.877023	 2.479355	 0.680255	 0.000000
 0.253859	 -0.616077	 -0.293239	 6.874432	 2.485662	 0.683256	 0.000000
 0.254546	 -0.615828	 -0.293171	 6.871835	 2.491965	 0.686256	 0.000000
 0.255234	 -0.615579	 -0.293103	 6.869230	 2.498267	 0.689256	 0.000000
 0.255920	 -0.615329	 -0.293034	 6.866619	 2.504565	 0.692255	 0.000000
 0.256607	 -0.615079	 -0.292964	 6.864000	 2.510861	 0.695253	 0.000000
 0.257294	 -0.614828	 -0.292895	 6.861375	 2.517154	 0.698251	 0.000000
 0.257980	 -0.614576	 -0.292825	 6.858742	 2.523445	 0.701248	 0.000000
 0.258666	 -0.614324	 -0.292755	 6.856103	 2.529733	 0.704244	 0.000000
 0.259351	 -0.614071	 -0.292684	 6.853456	 2.536019	 0.707239	 0.000000
 0.260037	 -0.613817	 -0.292614	 6.850803	 2.542301	 0.710233	 0.000000
 0.260722	 -0.613563	 -0.292543	 6.848142	 2.548582	 0.713227	 0.000000
 0.261406	 -0.613308	 -0.292471	 6.845475	 2.554859	 0.716220	 0.000000
 0.262091	 -0.613053	 -0.292400	 6.842800	 2.561134	 0.719213	 0.000000
 0.262775	 -0.612797	 -0.292328	 6.840119	 2.567406	 0.722204	 0.000000
 0.263459	 -0.612540	 -0.292256	 6.837430	 2.573675	 0.725195	 0.000000
 0.264143	 -0.612282	 -0.292183	 6.834735	 2.579942	 0.728185	 0.000000
 0.264826	 -0.612024	 -0.292110	 6.832032	 2.586206	 0.731174	 0.000000
 0.265510	 -0.611766	 -0.292037	 6.829323	 2.592468	 0.734163	 0.000000
 0.266193	 -0.611507	 -0.291964	 6.826607	 2.598726	 0.737150	 0.000000
 0.266875	 -0.611247	 -0.291890	 6.823883	 2.604982	 0.740137	 0.000000
 0.267558	 -0.610986	 -0.291816	 6.821153	 2.611236	 0.743123	 0.000000
 0.268240	 -0.610725	 -0.291742	 6.818416	 2.617486	 0.746109	 0.000000
 0.268922	 -0.610463	 -0.291667	 6.815672	 2.623734	 0.749093	 0.000000
 0.269603	 -0.610201	 -0.291592	 6.812921	 2.629979	 0.752077	 0.000000
 0.270284	 -0.609938	 -0.291517	 6.810163	 2.636221	 0.755060	 0.000000
 0.270965	 -0.609674	 -0.291441	 6.807398	 2.642461	 0.758042	 0.000000
 0.271646	 -0.609410	 -0.291366	 6.804626	 2.648698	 0.761024	 0.000000
 0.272327	 -0.609145	 -0.291290	 6.801847	 2.654932	 0.764004	 0.000000
 0.273007	 -0.608880	 -0.291213	 6.799061	 2.661163	 0.766984	 0.000000
 0.273687	 -0.608614	 -0.291136	 6.796268	 2.667392	 0.769963	 0.000000
 0.274366	 -0.608347	 -0.291059	 6.793469	 2.673618	 0.772941	 0.000000
 0.275046	 -0.608079	 -0.290982	 6.790662	 2.679841	 0.775919	 0.000000
 0.275725	 -0.607812	 -0.290905	 6.787849	 2.686061	 0.778895	 0.000000
 0.276404	 -0.607543	 -0.290827	 6.785028	 2.692278	 0.781871	 0.000000
 0.277082	 -0.607274	 -0.290749	 6.782201	 2.698493	 0.784846	 0.000000
 0.277760	 -0.607004	 -0.290670	 6.779367	 2.704705	 0.787820	 0.000000
 0.278438	 -0.606733	 -0.290591	 6.776525	 2.710914	 0.790793	 0.000000
 0.279116	 -0.606462	 -0.290512	 6.773677	 2.717120	 0.793766	 0.000000
 0.279793	 -0.606191	 -0.290433	 6.770822	 2.723323	 0.796737	 0.000000
 0.280470	 -0.605918	 -0.290353	 6.767960	 2.729524	 0.799708	 0.000000
 0.281147	 -0.605645	 -0.290273	 6.765092	 2.735722	 0.802678	 0.000000
 0.281824	 -0.605372	 -0.290193	 6.762216	 2.741917	 0.805647	 0.000000
 0.282500	 -0.605098	 -0.290112	 6.759333	 2.748109	 0.808615	 0.000000
 0.283176	 -0.604823	 -0.290031	 6.756444	 2.754298	 0.811582	 0.000000
 0.283851	 -0.604547	 -0.289950	 6.753547	 2.760484	 0.814549	 0.000000
 0.284527	 -0.604271	 -0.289869	 6.750644	 2.766667	 0.817515	 0.000000
 0.285202	 -0.603995	 -0.289787	 6.747734	 2.772848	 0.820479	 0.000000
 0.285877	 -0.603717	 -0.289705	 6.744817	 2.779026	 0.823443	 0.000000
 0.286551	 -0.603439	 -0.289623	 6.741893	 2.785200	 0.826406	 0.000000
 0.287225	 -0.603161	 -0.289540	 6.738962	 2.791372	 0.829369	 0.000000
 0.287899	 -0.602882	 -0.289457	 6.736024	 2.797541	 0.832330	 0.000000
 0.288573	 -0.602602	 -0.289374	 6.733080	 2.803707	 0.835290	 0.000000
 0.289246	 -0.602322	 -0.289290	 6.730128	 2.809870	 0.838250	 0.000000
 0.289919	 -0.602041	 -0.289207	 6.727170	 2.816031	 0.841209	 0.000000
 0.290592	 -0.601759	 -0.289122	 6.724205	 2.822188	 0.844167	 0.000000
 0.291264	 -0.601477	 -0.289038	 6.721233	 2.828342	 0.847124	 0.000000
 0.291936	 -0.601194	 -0.288953	 6.718254	 2.834494	 0.850080	 0.000000
 0.292608	 -0.600910	 -0.288868	 6.715269	 2.840642	 0.853035	 0.000000
 0.293280	 -0.600626	 -0.288783	 6.712276	 2.846788	 0.855989	 0.000000
 0.293951	 -0.600342	 -0.288697	 6.709277	 2.852931	 0.858943	 0.000000
 0.294622	 -0.600056	 -0.288611	 6.706270	 2.859070	 0.861895	 0.000000
 0.295293	 -0.599771	 -0.288525	 6.703257	 2.865207	 0.864847	 0.000000
 0.295963	 -0.599484	 -0.288439	 6.700238	 2.871341	 0.867797	 0.000000
 0.296633	 -0.599197	 -0.288352	 6.697211	 2.877471	 0.870747	 0.000000
 0.297303	 -0.598909	 -0.288265	 6.694177	 2.883599	 0.873696	 0.000000
 0.297972	 -0.598621	 -0.288178	 6.691137	 2.889724	 0.876644	 0.000000
 0.298641	 -0.598332	 -0.288090	 6.688090	 2.895846	 0.879591	 0.000000
 0.299310	 -0.598042	 -0.288002	 6.685036	 2.901964	 0.882537	 0.000000
 0.299978	 -0.597752	 -0.287914	 6.681975	 2.908080	 0.885482	 0.000000
 0.300647	 -0.597461	 -0.287825	 6.678907	 2.914193	 0.888426	 0.000000
 0.301315	 -0.597170	 -0.287736	 6.675833	 2.920302	 0.891370	 0.000000
 0.301982	 -0.596878	 -0.287647	 6.672752	 2.926409	 0.894312	 0.000000
 0.302649	 -0.596585	 -0.287558	 6.669663	 2.932513	 0.897254	 0.000000
 0.303316	 -0.596292	 -0.287468	 6.666569	 2.938613	 0.900194	 0.000000
 0.303983	 -0.595998	 -0.287378	 6.663467	 2.944711	 0.903134	 0.000000
 0.304649	 -0.595704	 -0.287288	 6.660359	 2.950805	 0.906072	 0.000000
 0.305315	 -0.595408	 -0.287197	 6.657243	 2.956897	 0.909010	 0.000000
 0.305981	 -0.595113	 -0.287106	 6.654121	 2.962985	 0.911947	 0.000000
 0.306647	 -0.594816	 -0.287015	 6.650992	 2.969071	 0.914883	 0.000000
 0.307312	 -0.594520	 -0.286924	 6.647857	 2.975153	 0.917817	 0.000000
 0.307976	 -0.594222	 -0.286832	 6.644715	 2.981232	 0.920751	 0.000000
 0.308641	 -0.593924	 -0.286740	 6.641565	 2.987308	 0.923684	 0.000000
 0.309305	 -0.593625	 -0.286647	 6.638410	 2.993381	 0.926616	 0.000000
 0.309969	 -0.593326	 -0.286555	 6.635247	 2.999451	 0.929547	 0.000000
 0.310632	 -0.593026	 -0.286462	 6.632077	 3.005518	 0.932477	 0.000000
 0.311296	 -0.592725	 -0.286368	 6.628901	 3.011581	 0.935406	 0.000000
 0.311959	 -0.592424	 -0.286275	 6.625718	 3.017642	 0.938334	 0.000000
 0.312621	 -0.592122	 -0.286181	 6.622529	 3.023699	 0.941261	 0.000000
 0.313283	 -0.591820	 -0.286087	 6.619332	 3.029753	 0.944188	 0.000000
 0.313945	 -0.591517	 -0.285992	 6.616129	 3.035805	 0.947113	 0.000000
 0.314607	 -0.591214	 -0.285898	 6.612919	 3.041853	 0.950037	 0.000000
 0.315268	 -0.590909	 -0.285803	 6.609702	 3.047897	 0.952960	 0.000000
 0.315929	 -0.590605	 -0.285707	 6.606479	 3.053939	 0.955882	 0.000000
 0.316590	 -0.590299	 -0.285612	 6.603249	 3.059978	 0.958803	 0.000000
 0.317250	 -0.589993	 -0.285516	 6.600012	 3.066013	 0.961723	 0.000000
 0.317910	 -0.589687	 -0.285420	 6.596768	 3.072045	 0.964643	 0.000000
 0.318570	 -0.589379	 -0.285323	 6.593518	 3.078074	 0.967561	 0.000000
 0.319229	 -0.589072	 -0.285227	 6.590261	 3.084100	 0.970478	 0.000000
 0.319888	 -0.588763	 -0.285130	 6.586997	 3.090123	 0.973394	 0.000000
 0.320547	 -0.588454	 -0.285032	 6.583726	 3.096142	 0.976309	 0.000000
 0.321205	 -0.588144	 -0.284935	 6.580449	 3.102158	 0.979223	 0.000000
 0.321863	 -0.587834	 -0.284837	 6.577165	 3.108171	 0.982136	 0.000000
 0.322521	 -0.587523	 -0.284738	 6.573875	 3.114181	 0.985048	 0.000000
 0.323178	 -0.587212	 -0.284640	 6.570577	 3.120188	 0.987960	 0.000000
 0.323835	 -0.586900	 -0.284541	 6.567273	 3.126191	 0.990870	 0.000000
 0.324492	 -0.586587	 -0.284442	 6.563963	 3.132191	 0.993779	 0.000000
 0.325149	 -0.586274	 -0.284343	 6.560645	 3.138188	 0.996686	 0.000000
 0.325805	 -0.585960	 -0.284243	 6.557321	 3.144182	 0.999593	 0.000000
 0.326460	 -0.585646	 -0.284143	 6.553991	 3.150172	 1.002499	 0.000000
 0.327116	 -0.585331	 -0.284043	 6.550653	 3.156159	 1.005404	 0.000000
 0.327771	 -0.585015	 -0.283942	 6.547309	 3.162143	 1.008308	 0.000000
 0.328426	 -0.584699	 -0.283841	 6.543958	 3.168124	 1.011211	 0.000000
 0.329080	 -0.584382	 -0.283740	 6.540601	 3.174101	 1.014112	 0.000000
 0.329734	 -0.584065	 -0.283639	 6.537237	 3.180075	 1.017013	 0.000000
 0.330388	 -0.583747	 -0.283537	 6.533866	 3.186046	 1.019912	 0.000000
 0.331041	 -0.583428	 -0.283435	 6.530488	 3.192013	 1.022811	 0.000000
 0.331694	 -0.583109	 -0.283333	 6.527104	 3.197977	 1.025708	 0.000000
 0.332347	 -0.582789	 -0.283230	 6.523713	 3.203938	 1.028605	 0.000000
 0.332999	 -0.582469	 -0.283128	 6.520316	 3.209896	 1.031500	 0.000000
 0.333651	 -0.582148	 -0.283024	 6.516912	 3.215850	 1.034394	 0.000000
 0.334303	 -0.581826	 -0.282921	 6.513501	 3.221801	 1.037288	 0.000000
 0.334954	 -0.581504	 -0.282817	 6.510084	 3.227749	 1.040180	 0.000000
 0.335605	 -0.581181	 -0.282713	 6.506660	 3.233693	 1.043071	 0.000000
 0.336256	 -0.580858	 -0.282609	 6.503229	 3.239634	 1.045961	 0.000000
 0.336906	 -0.580534	 -0.282504	 6.499792	 3.245571	 1.048849	 0.000000
 0.337556	 -0.580209	 -0.282399	 6.496348	 3.251506	 1.051737	 0.000000
 0.338206	 -0.579884	 -0.282294	 6.492898	 3.257436	 1.054624	 0.000000
 0.338855	 -0.579559	 -0.282189	 6.489441	 3.263364	 1.057509	 0.000000
 0.339504	 -0.579232	 -0.282083	 6.485977	 3.269288	 1.060394	 0.000000
 0.340153	 -0.578905	 -0.281977	 6.482507	 3.275209	 1.063277	 0.000000
 0.340801	 -0.578578	 -0.281871	 6.479030	 3.281126	 1.066160	 0.000000
 0.341449	 -0.578250	 -0.281764	 6.475546	 3.287040	 1.069041	 0.000000
 0.342096	 -0.577921	 -0.281657	 6.472056	 3.292951	 1.071921	 0.000000
 0.342744	 -0.577592	 -0.281550	 6.468559	 3.298858	 1.074800	 0.000000
 0.343391	 -0.577262	 -0.281442	 6.465056	 3.304762	 1.077677	 0.000000
 0.344037	 -0.576931	 -0.281335	 6.461546	 3.310662	 1.080554	 0.000000
 0.344683	 -0.576600	 -0.281227	 6.458030	 3.316559	 1.083430	 0.000000
 0.345329	 -0.576269	 -0.281118	 6.454507	 3.322452	 1.086304	 0.000000
 0.345974	 -0.575936	 -0.281010	 6.450977	 3.328343	 1.089178	 0.000000
 0.346620	 -0.575604	 -0.280901	 6.447441	 3.334229	 1.092050	 0.000000
 0.347264	 -0.575270	 -0.280792	 6.443898	 3.340112	 1.094921	 0.000000
 0.347909	 -0.574936	 -0.280682	 6.440349	 3.345992	 1.097791	 0.000000
 0.348553	 -0.574601	 -0.280572	 6.436793	 3.351868	 1.100660	 0.000000
 0.349196	 -0.574266	 -0.280462	 6.433230	 3.357741	 1.103527	 0.000000
 0.349840	 -0.573931	 -0.280352	 6.429661	 3.363611	 1.106394	 0.000000
 0.350483	 -0.573594	 -0.280241	 6.426086	 3.369477	 1.109259	 0.000000
 0.351125	 -0.573257	 -0.280130	 6.422504	 3.375339	 1.112123	 0.000000
 0.351768	 -0.572920	 -0.280019	 6.418915	 3.381198	 1.114986	 0.000000
 0.352409	 -0.572582	 -0.279908	 6.415320	 3.387054	 1.117848	 0.000000
 0.353051	 -0.572243	 -0.279796	 6.411718	 3.392906	 1.120709	 0.000000
 0.353692	 -0.571904	 -0.279684	 6.408110	 3.398754	 1.123569	 0.000000
 0.354333	 -0.571564	 -0.279571	 6.404495	 3.404599	 1.126427	 0.000000
 0.354973	 -0.571223	 -0.279459	 6.400874	 3.410441	 1.129284	 0.000000
 0.355613	 -0.570882	 -0.279346	 6.397246	 3.416278	 1.132141	 0.000000
 0.356253	 -0.570541	 -0.279233	 6.393611	 3.422113	 1.134995	 0.000000
 0.356893	 -0.570198	 -0.279119	 6.389970	 3.427944	 1.137849	 0.000000
 0.357532	 -0.569856	 -0.279005	 6.386323	 3.433771	 1.140702	 0.000000
 0.358170	 -0.569512	 -0.278891	 6.382669	 3.439595	 1.143553	 0.000000
 0.358808	 -0.569168	 -0.278777	 6.379009	 3.445415	 1.146403	 0.000000
 0.359446	 -0.568824	 -0.278662	 6.375342	 3.451232	 1.149252	 0.000000
 0.360084	 -0.568479	 -0.278547	 6.371668	 3.457045	 1.152100	 0.000000
 0.360721	 -0.568133	 -0.278432	 6.367988	 3.462855	 1.154947	 0.000000
 0.361358	 -0.567787	 -0.278317	 6.364302	 3.468661	 1.157792	 0.000000
 0.361994	 -0.567440	 -0.278201	 6.360609	 3.474463	 1.160637	 0.000000
 0.362630	 -0.567092	 -0.278085	 6.356910	 3.480262	 1.163480	 0.000000
 0.363266	 -0.566744	 -0.277968	 6.353204	 3.486058	 1.166321	 0.000000
 0.363901	 -0.566396	 -0.277852	 6.349492	 3.491849	 1.169162	 0.000000
 0.364536	 -0.566046	 -0.277735	 6.345773	 3.497637	 1.172002	 0.000000
 0.365171	 -0.565697	 -0.277618	 6.342047	 3.503422	 1.174840	 0.000000
 0.365805	 -0.565346	 -0.277500	 6.338316	 3.509203	 1.177677	 0.000000
 0.366439	 -0.564995	 -0.277382	 6.334578	 3.514980	 1.180513	 0.000000
 0.367072	 -0.564644	 -0.277264	 6.330833	 3.520754	 1.183347	 0.000000
 0.367705	 -0.564292	 -0.277146	 6.327082	 3.526524	 1.186180	 0.000000
 0.368338	 -0.563939	 -0.277027	 6.323324	 3.532290	 1.189013	 0.000000
 0.368971	 -0.563586	 -0.276908	 6.319560	 3.538053	 1.191843	 0.000000
 0.369602	 -0.563232	 -0.276789	 6.315790	 3.543812	 1.194673	 0.000000
 0.370234	 -0.562878	 -0.276670	 6.312013	 3.549568	 1.197501	 0.000000
 0.370865	 -0.562523	 -0.276550	 6.308230	 3.555320	 1.200329	 0.000000
 0.371496	 -0.562167	 -0.276430	 6.304440	 3.561068	 1.203155	 0.000000
 0.372127	 -0.561811	 -0.276310	 6.300644	 3.566812	 1.205979	 0.000000
 0.372757	 -0.561454	 -0.276189	 6.296841	 3.572553	 1.208803	 0.000000
 0.373386	 -0.561097	 -0.276068	 6.293032	 3.578290	 1.211625	 0.000000
 0.374016	 -0.560739	 -0.275947	 6.289217	 3.584024	 1.214446	 0.000000
 0.374645	 -0.560381	 -0.275826	 6.285395	 3.589753	 1.217266	 0.000000
 0.375273	 -0.560022	 -0.275704	 6.281567	 3.595480	 1.220084	 0.000000
 0.375901	 -0.559662	 -0.275582	 6.277733	 3.601202	 1.222901	 0.000000
 0.376529	 -0.559302	 -0.275460	 6.273892	 3.606921	 1.225717	 0.000000
 0.377156	 -0.558942	 -0.275337	 6.270044	 3.612636	 1.228532	 0.000000
 0.377783	 -0.558580	 -0.275214	 6.266190	 3.618347	 1.231345	 0.000000
 0.378410	 -0.558219	 -0.275091	 6.262330	 3.624054	 1.234157	 0.000000
 0.379036	 -0.557856	 -0.274968	 6.258464	 3.629758	 1.236968	 0.000000
 0.379662	 -0.557493	 -0.274844	 6.254591	 3.635458	 1.239778	 0.000000
 0.380288	 -0.557130	 -0.274720	 6.250711	 3.641155	 1.242586	 0.000000
 0.380913	 -0.556766	 -0.274596	 6.246826	 3.646847	 1.245393	 0.000000
 0.381537	 -0.556401	 -0.274471	 6.242934	 3.652536	 1.248199	 0.000000
 0.382162	 -0.556036	 -0.274346	 6.239035	 3.658221	 1.251003	 0.000000
 0.382785	 -0.555670	 -0.274221	 6.235131	 3.663902	 1.253806	 0.000000
 0.383409	 -0.555303	 -0.274096	 6.231220	 3.669580	 1.256608	 0.000000
 0.384032	 -0.554936	 -0.273970	 6.227302	 3.675254	 1.259409	 0.000000
 0.384655	 -0.554569	 -0.273844	 6.223378	 3.680924	 1.262208	 0.000000
 0.385277	 -0.554201	 -0.273718	 6.219448	 3.686590	 1.265006	 0.000000
 0.385899	 -0.553832	 -0.273592	 6.215512	 3.692252	 1.267803	 0.000000
 0.386521	 -0.553463	 -0.273465	 6.211569	 3.697911	 1.270598	 0.000000
 0.387142	 -0.553093	 -0.273338	 6.207620	 3.703566	 1.273392	 0.000000
 0.387763	 -0.552723	 -0.273210	 6.203664	 3.709217	 1.276185	 0.000000
 0.388383	 -0.552352	 -0.273083	 6.199703	 3.714864	 1.278976	 0.000000
 0.389003	 -0.551980	 -0.272955	 6.195735	 3.720507	 1.281766	 0.000000
 0.389623	 -0.551608	 -0.272827	 6.191760	 3.726147	 1.284555	 0.000000
 0.390242	 -0.551236	 -0.272698	 6.187779	 3.731782	 1.287342	 0.000000
 0.390860	 -0.550863	 -0.272569	 6.183792	 3.737414	 1.290128	 0.000000
 0.391479	 -0.550489	 -0.272440	 6.179799	 3.743042	 1.292913	 0.000000
 0.392097	 -0.550114	 -0.272311	 6.175799	 3.748666	 1.295697	 0.000000
 0.392714	 -0.549740	 -0.272182	 6.171794	 3.754287	 1.298479	 0.000000
 0.393332	 -0.549364	 -0.272052	 6.167781	 3.759903	 1.301259	 0.000000
 0.393948	 -0.548988	 -0.271922	 6.163763	 3.765516	 1.304039	 0.000000
 0.394565	 -0.548612	 -0.271791	 6.159738	 3.771124	 1.306817	 0.000000
 0.395181	 -0.548235	 -0.271661	 6.155707	 3.776729	 1.309594	 0.000000
 0.395796	 -0.547857	 -0.271530	 6.151670	 3.782330	 1.312369	 0.000000
 0.396411	 -0.547479	 -0.271398	 6.147626	 3.787927	 1.315143	 0.000000
 0.397026	 -0.547100	 -0.271267	 6.143576	 3.793521	 1.317916	 0.000000
 0.397641	 -0.546720	 -0.271135	 6.139520	 3.799110	 1.320687	 0.000000
 0.398255	 -0.546341	 -0.271003	 6.135458	 3.804695	 1.323457	 0.000000
 0.398868	 -0.545960	 -0.270871	 6.131389	 3.810277	 1.326226	 0.000000
 0.399481	 -0.545579	 -0.270738	 6.127314	 3.815854	 1.328993	 0.000000
 0.400094	 -0.545197	 -0.270605	 6.123233	 3.821428	 1.331759	 0.000000
 0.400706	 -0.544815	 -0.270472	 6.119146	 3.826998	 1.334523	 0.000000
 0.401318	 -0.544433	 -0.270338	 6.115052	 3.832563	 1.337286	 0.000000
 0.401930	 -0.544049	 -0.270205	 6.110952	 3.838125	 1.340048	 0.000000
 0.402541	 -0.543666	 -0.270071	 6.106846	 3.843683	 1.342808	 0.000000
 0.403151	 -0.543281	 -0.269936	 6.102734	 3.849237	 1.345567	 0.000000
 0.403762	 -0.542896	 -0.269802	 6.098616	 3.854787	 1.348325	 0.000000
 0.404372	 -0.542511	 -0.269667	 6.094491	 3.860333	 1.351081	 0.000000
 0.404981	 -0.542125	 -0.269532	 6.090360	 3.865875	 1.353836	 0.000000
 0.405590	 -0.541738	 -0.269397	 6.086223	 3.871413	 1.356589	 0.000000
 0.406199	 -0.541351	 -0.269261	 6.082080	 3.876948	 1.359342	 0.000000
 0.406807	 -0.540963	 -0.269125	 6.077930	 3.882478	 1.362092	 0.000000
 0.407415	 -0.540575	 -0.268989	 6.073774	 3.888004	 1.364841	 0.000000
 0.408022	 -0.540186	 -0.268852	 6.069613	 3.893526	 1.367589	 0.000000
 0.408629	 -0.539797	 -0.268716	 6.065444	 3.899044	 1.370336	 0.000000
 0.409236	 -0.539407	 -0.268579	 6.061270	 3.904558	 1.373081	 0.000000
 0.409842	 -0.539017	 -0.268441	 6.057090	 3.910069	 1.375824	 0.000000
 0.410447	 -0.538626	 -0.268304	 6.052903	 3.915575	 1.378566	 0.000000
 0.411053	 -0.538234	 -0.268166	 6.048710	 3.921077	 1.381307	 0.000000
 0.411658	 -0.537842	 -0.268028	 6.044511	 3.926575	 1.384046	 0.000000
 0.412262	 -0.537449	 -0.267889	 6.040306	 3.932069	 1.386784	 0.000000
 0.412866	 -0.537056	 -0.267751	 6.036095	 3.937559	 1.389521	 0.000000
 0.413470	 -0.536662	 -0.267612	 6.031878	 3.943045	 1.392256	 0.000000
 0.414073	 -0.536268	 -0.267472	 6.027654	 3.948527	 1.394990	 0.000000
 0.414676	 -0.535873	 -0.267333	 6.023424	 3.954005	 1.397722	 0.000000
 0.415278	 -0.535478	 -0.267193	 6.019189	 3.959479	 1.400452	 0.000000
 0.415880	 -0.535082	 -0.267053	 6.014947	 3.964949	 1.403182	 0.000000
 0.416481	 -0.534685	 -0.266913	 6.010699	 3.970414	 1.405910	 0.000000
 0.417082	 -0.534288	 -0.266772	 6.006444	 3.975876	 1.408636	 0.000000
 0.417683	 -0.533891	 -0.266631	 6.002184	 3.981333	 1.411361	 0.000000
 0.418283	 -0.533493	 -0.266490	 5.997918	 3.986787	 1.414085	 0.000000
 0.418883	 -0.533094	 -0.266349	 5.993645	 3.992236	 1.416807	 0.000000
 0.419482	 -0.532695	 -0.266207	 5.989366	 3.997682	 1.419527	 0.000000
 0.420081	 -0.532295	 -0.266065	 5.985082	 4.003123	 1.422246	 0.000000
 0.420680	 -0.531895	 -0.265923	 5.980791	 4.008560	 1.424964	 0.000000
 0.421278	 -0.531494	 -0.265780	 5.976494	 4.013993	 1.427680	 0.000000
 0.421876	 -0.531092	 -0.265638	 5.972191	 4.019422	 1.430395	 0.000000
 0.422473	 -0.530690	 -0.265495	 5.967882	 4.024846	 1.433108	 0.000000
 0.423070	 -0.530288	 -0.265351	 5.963566	 4.030267	 1.435820	 0.000000
 0.423666	 -0.529885	 -0.265208	 5.959245	 4.035683	 1.438531	 0.000000
 0.424262	 -0.529481	 -0.265064	 5.954918	 4.041096	 1.441239	 0.000000
 0.424857	 -0.529077	 -0.264920	 5.950584	 4.046504	 1.443947	 0.000000
 0.425452	 -0.528672	 -0.264775	 5.946245	 4.051908	 1.446653	 0.000000
 0.426047	 -0.528267	 -0.264631	 5.941899	 4.057308	 1.449357	 0.000000
 0.426641	 -0.527862	 -0.264486	 5.937547	 4.062703	 1.452060	 0.000000
 0.427235	 -0.527455	 -0.264341	 5.933190	 4.068095	 1.454762	 0.000000
 0.427828	 -0.527048	 -0.264195	 5.928826	 4.073482	 1.457461	 0.000000
 0.428421	 -0.526641	 -0.264049	 5.924456	 4.078865	 1.460160	 0.000000
 0.429014	 -0.526233	 -0.263903	 5.920080	 4.084244	 1.462857	 0.000000
 0.429606	 -0.525825	 -0.263757	 5.915699	 4.089619	 1.465552	 0.000000
 0.430197	 -0.525416	 -0.263610	 5.911311	 4.094990	 1.468246	 0.000000
 0.430788	 -0.525006	 -0.263464	 5.906917	 4.100356	 1.470939	 0.000000
 0.431379	 -0.524596	 -0.263317	 5.902517	 4.105719	 1.473630	 0.000000
 0.431969	 -0.524186	 -0.263169	 5.898111	 4.111077	 1.476319	 0.000000
 0.432559	 -0.523775	 -0.263022	 5.893699	 4.116430	 1.479007	 0.000000
 0.433149	 -0.523363	 -0.262874	 5.889281	 4.121780	 1.481693	 0.000000
 0.433737	 -0.522951	 -0.262725	 5.884857	 4.127125	 1.484378	 0.000000
 0.434326	 -0.522538	 -0.262577	 5.880427	 4.132466	 1.487061	 0.000000
 0.434914	 -0.522125	 -0.262428	 5.875991	 4.137803	 1.489743	 0.000000
 0.435502	 -0.521711	 -0.262279	 5.871549	 4.143136	 1.492424	 0.000000
 0.436089	 -0.521297	 -0.262130	 5.867101	 4.148464	 1.495102	 0.000000
 0.436675	 -0.520882	 -0.261981	 5.862648	 4.153788	 1.497779	 0.000000
 0.437262	 -0.520467	 -0.261831	 5.858188	 4.159108	 1.500455	 0.000000
 0.437848	 -0.520051	 -0.261681	 5.853722	 4.164424	 1.503129	 0.000000
 0.438433	 -0.519634	 -0.261530	 5.849250	 4.169735	 1.505802	 0.000000
 0.439018	 -0.519217	 -0.261380	 5.844772	 4.175042	 1.508473	 0.000000
 0.439602	 -0.518800	 -0.261229	 5.840289	 4.180345	 1.511142	 0.000000
 0.440186	 -0.518382	 -0.261078	 5.835799	 4.185644	 1.513810	 0.000000
 0.440770	 -0.517963	 -0.260927	 5.831303	 4.190938	 1.516477	 0.000000
 0.441353	 -0.517544	 -0.260775	 5.826802	 4.196228	 1.519142	 0.000000
 0.441936	 -0.517124	 -0.260623	 5.822294	 4.201514	 1.521805	 0.000000
 0.442518	 -0.516704	 -0.260471	 5.817781	 4.206795	 1.524467	 0.000000
 0.443100	 -0.516284	 -0.260318	 5.813261	 4.212072	 1.527127	 0.000000
 0.443681	 -0.515862	 -0.260166	 5.808736	 4.217345	 1.529785	 0.000000
 0.444262	 -0.515441	 -0.260013	 5.804205	 4.222613	 1.532442	 0.000000
 0.444842	 -0.515018	 -0.259859	 5.799668	 4.227877	 1.535098	 0.000000
 0.445422	 -0.514596	 -0.259706	 5.795125	 4.233137	 1.537752	 0.000000
 0.446002	 -0.514172	 -0.259552	 5.790576	 4.238392	 1.540404	 0.000000
 0.446581	 -0.513748	 -0.259398	 5.786021	 4.243643	 1.543055	 0.000000
 0.447159	 -0.513324	 -0.259244	 5.781460	 4.248890	 1.545704	 0.000000
 0.447738	 -0.512899	 -0.259089	 5.776893	 4.254132	 1.548351	 0.000000
 0.448315	 -0.512474	 -0.258934	 5.772321	 4.259370	 1.550997	 0.000000
 0.448893	 -0.512048	 -0.258779	 5.767743	 4.264604	 1.553642	 0.000000
 0.449469	 -0.511621	 -0.258624	 5.763158	 4.269833	 1.556284	 0.000000
 0.450046	 -0.511194	 -0.258468	 5.758568	 4.275058	 1.558925	 0.000000
 0.450622	 -0.510767	 -0.258312	 5.753972	 4.280279	 1.561565	 0.000000
 0.451197	 -0.510339	 -0.258156	 5.749370	 4.285495	 1.564203	 0.000000
 0.451772	 -0.509910	 -0.258000	 5.744762	 4.290706	 1.566839	 0.000000
 0.452346	 -0.509481	 -0.257843	 5.740149	 4.295914	 1.569474	 0.000000
 0.452920	 -0.509052	 -0.257686	 5.735529	 4.301117	 1.572107	 0.000000
 0.453494	 -0.508622	 -0.257529	 5.730904	 4.306315	 1.574739	 0.000000
 0.454067	 -0.508191	 -0.257371	 5.726273	 4.311509	 1.577369	 0.000000
 0.454640	 -0.507760	 -0.257214	 5.721636	 4.316699	 1.579997	 0.000000
 0.455212	 -0.507328	 -0.257056	 5.716993	 4.321884	 1.582624	 0.000000
 0.455783	 -0.506896	 -0.256897	 5.712344	 4.327065	 1.585249	 0.000000
 0.456355	 -0.506463	 -0.256739	 5.707690	 4.332242	 1.587872	 0.000000
 0.456925	 -0.506030	 -0.256580	 5.703030	 4.337414	 1.590494	 0.000000
 0.457496	 -0.505596	 -0.256421	 5.698363	 4.342581	 1.593114	 0.000000
 0.458066	 -0.505162	 -0.256262	 5.693692	 4.347744	 1.595733	 0.000000
 0.458635	 -0.504727	 -0.256102	 5.689014	 4.352903	 1.598350	 0.000000
 0.459204	 -0.504292	 -0.255942	 5.684330	 4.358057	 1.600965	 0.000000
 0.459772	 -0.503856	 -0.255782	 5.679641	 4.363207	 1.603579	 0.000000
 0.460340	 -0.503420	 -0.255622	 5.674946	 4.368352	 1.606191	 0.000000
 0.460908	 -0.502983	 -0.255461	 5.670245	 4.373493	 1.608801	 0.000000
 0.461475	 -0.502546	 -0.255300	 5.665538	 4.378630	 1.611410	 0.000000
 0.462041	 -0.502108	 -0.255139	 5.660826	 4.383761	 1.614017	 0.000000
 0.462607	 -0.501669	 -0.254978	 5.656108	 4.388889	 1.616622	 0.000000
 0.463173	 -0.501230	 -0.254816	 5.651384	 4.394012	 1.619226	 0.000000
 0.463738	 -0.500791	 -0.254654	 5.646654	 4.399130	 1.621828	 0.000000
 0.464303	 -0.500351	 -0.254492	 5.641918	 4.404244	 1.624429	 0.000000
 0.464867	 -0.499911	 -0.254330	 5.637177	 4.409353	 1.627027	 0.000000
 0.465431	 -0.499470	 -0.254167	 5.632430	 4.414458	 1.629624	 0.000000
 0.465994	 -0.499028	 -0.254004	 5.627677	 4.419559	 1.632220	 0.000000
 0.466557	 -0.498586	 -0.253841	 5.622919	 4.424654	 1.634814	 0.000000
 0.467119	 -0.498144	 -0.253677	 5.618155	 4.429746	 1.637406	 0.000000
 0.467681	 -0.497701	 -0.253514	 5.613385	 4.434832	 1.639996	 0.000000
 0.468242	 -0.497257	 -0.253350	 5.608609	 4.439915	 1.642585	 0.000000
 0.468803	 -0.496813	 -0.253185	 5.603828	 4.444992	 1.645172	 0.000000
 0.469363	 -0.496369	 -0.253021	 5.599040	 4.450065	 1.647757	 0.000000
 0.469923	 -0.495924	 -0.252856	 5.594248	 4.455134	 1.650341	 0.000000
 0.470483	 -0.495478	 -0.252691	 5.589449	 4.460198	 1.652923	 0.000000
 0.471042	 -0.495032	 -0.252526	 5.584645	 4.465257	 1.655503	 0.000000
 0.471600	 -0.494586	 -0.252360	 5.579835	 4.470312	 1.658082	 0.000000
 0.472158	 -0.494139	 -0.252194	 5.575019	 4.475363	 1.660659	 0.000000
 0.472716	 -0.493691	 -0.252028	 5.570198	 4.480408	 1.663234	 0.000000
 0.473273	 -0.493243	 -0.251862	 5.565371	 4.485450	 1.665807	 0.000000
 0.473829	 -0.492795	 -0.251695	 5.560538	 4.490486	 1.668379	 0.000000
 0.474385	 -0.492346	 -0.251529	 5.555700	 4.495518	 1.670949	 0.000000
 0.474941	 -0.491896	 -0.251361	 5.550856	 4.500545	 1.673518	 0.000000
 0.475496	 -0.491446	 -0.251194	 5.546007	 4.505568	 1.676084	 0.000000
 0.476051	 -0.490996	 -0.251026	 5.541151	 4.510586	 1.678649	 0.000000
 0.476605	 -0.490544	 -0.250859	 5.536290	 4.515600	 1.681212	 0.000000
 0.477158	 -0.490093	 -0.250691	 5.531424	 4.520609	 1.683774	 0.000000
 0.477711	 -0.489641	 -0.250522	 5.526551	 4.525613	 1.686334	 0.000000
 0.478264	 -0.489188	 -0.250353	 5.521674	 4.530613	 1.688892	 0.000000
 0.478816	 -0.488735	 -0.250185	 5.516790	 4.535608	 1.691448	 0.000000
 0.479368	 -0.488282	 -0.250015	 5.511901	 4.540598	 1.694003	 0.000000
 0.479919	 -0.487828	 -0.249846	 5.507006	 4.545584	 1.696556	 0.000000
 0.480470	 -0.487373	 -0.249676	 5.502106	 4.550565	 1.699107	 0.000000
 0.481020	 -0.486918	 -0.249506	 5.497200	 4.555542	 1.701656	 0.000000
 0.481570	 -0.486462	 -0.249336	 5.492288	 4.560513	 1.704204	 0.000000
 0.482119	 -0.486006	 -0.249166	 5.487371	 4.565481	 1.706750	 0.000000
 0.482668	 -0.485550	 -0.248995	 5.482448	 4.570443	 1.709294	 0.000000
 0.483216	 -0.485093	 -0.248824	 5.477520	 4.575401	 1.711836	 0.000000
 0.483764	 -0.484635	 -0.248653	 5.472586	 4.580354	 1.714377	 0.000000
 0.484311	 -0.484177	 -0.248482	 5.467647	 4.585302	 1.716916	 0.000000
 0.484858	 -0.483719	 -0.248310	 5.462701	 4.590246	 1.719453	 0.000000
 0.485404	 -0.483260	 -0.248138	 5.457751	 4.595185	 1.721988	 0.000000
 0.485950	 -0.482800	 -0.247966	 5.452794	 4.600120	 1.724522	 0.000000
 0.486495	 -0.482340	 -0.247793	 5.447833	 4.605049	 1.727054	 0.000000
 0.487040	 -0.481880	 -0.247621	 5.442865	 4.609974	 1.729584	 0.000000
 0.487584	 -0.481419	 -0.247448	 5.437892	 4.614894	 1.732112	 0.000000
 0.488128	 -0.480957	 -0.247275	 5.432914	 4.619810	 1.734639	 0.000000
 0.488671	 -0.480495	 -0.247101	 5.427930	 4.624721	 1.737164	 0.000000
 0.489214	 -0.480033	 -0.246927	 5.422940	 4.629627	 1.739687	 0.000000
 0.489756	 -0.479570	 -0.246753	 5.417945	 4.634528	 1.742208	 0.000000
 0.490298	 -0.479106	 -0.246579	 5.412945	 4.639425	 1.744727	 0.000000
 0.490839	 -0.478642	 -0.246405	 5.407939	 4.644317	 1.747245	 0.000000
 0.491380	 -0.478178	 -0.246230	 5.402927	 4.649204	 1.749761	 0.000000
 0.491920	 -0.477713	 -0.246055	 5.397910	 4.654086	 1.752275	 0.000000
 0.492460	 -0.477248	 -0.245880	 5.392887	 4.658964	 1.754787	 0.000000
 0.493000	 -0.476782	 -0.245704	 5.387859	 4.663836	 1.757298	 0.000000
 0.493538	 -0.476315	 -0.245529	 5.382825	 4.668704	 1.759806	 0.000000
 0.494077	 -0.475848	 -0.245353	 5.377786	 4.673568	 1.762313	 0.000000
 0.494614	 -0.475381	 -0.245176	 5.372741	 4.678426	 1.764818	 0.000000
 0.495152	 -0.474913	 -0.245000	 5.367691	 4.683280	 1.767322	 0.000000
 0.495688	 -0.474445	 -0.244823	 5.362636	 4.688129	 1.769823	 0.000000
 0.496225	 -0.473976	 -0.244646	 5.357575	 4.692973	 1.772323	 0.000000
 0.496760	 -0.473507	 -0.244469	 5.352508	 4.697813	 1.774821	 0.000000
 0.497296	 -0.473037	 -0.244291	 5.347436	 4.702647	 1.777317	 0.000000
 0.497830	 -0.472567	 -0.244114	 5.342359	 4.707477	 1.779811	 0.000000
 0.498365	 -0.472096	 -0.243936	 5.337276	 4.712302	 1.782304	 0.000000
 0.498898	 -0.471625	 -0.243757	 5.332188	 4.717122	 1.784794	 0.000000
 0.499432	 -0.471153	 -0.243579	 5.327094	 4.721937	 1.787283	 0.000000
 0.499964	 -0.470681	 -0.243400	 5.321995	 4.726748	 1.789770	 0.000000
 0.500497	 -0.470208	 -0.243221	 5.316890	 4.731553	 1.792255	 0.000000
 0.501028	 -0.469735	 -0.243042	 5.311780	 4.736354	 1.794738	 0.000000
 0.501559	 -0.469261	 -0.242863	 5.306664	 4.741150	 1.797220	 0.000000
 0.502090	 -0.468787	 -0.242683	 5.301543	 4.745941	 1.799699	 0.000000
 0.502620	 -0.468313	 -0.242503	 5.296417	 4.750728	 1.802177	 0.000000
 0.503150	 -0.467838	 -0.242323	 5.291285	 4.755509	 1.804653	 0.000000
 0.503679	 -0.467362	 -0.242142	 5.286148	 4.760286	 1.807127	 0.000000
 0.504208	 -0.466886	 -0.241962	 5.281006	 4.765057	 1.809599	 0.000000
 0.504736	 -0.466410	 -0.241781	 5.275858	 4.769824	 1.812070	 0.000000
 0.505263	 -0.465933	 -0.241599	 5.270705	 4.774586	 1.814538	 0.000000
 0.505790	 -0.465455	 -0.241418	 5.265546	 4.779343	 1.817005	 0.000000
 0.506317	 -0.464977	 -0.241236	 5.260382	 4.784096	 1.819470	 0.000000
 0.506843	 -0.464499	 -0.241054	 5.255212	 4.788843	 1.821933	 0.000000
 0.507368	 -0.464020	 -0.240872	 5.250038	 4.793585	 1.824394	 0.000000
 0.507894	 -0.463540	 -0.240690	 5.244858	 4.798323	 1.826853	 0.000000
 0.508418	 -0.463061	 -0.240507	 5.239672	 4.803056	 1.829311	 0.000000
 0.508942	 -0.462580	 -0.240324	 5.234481	 4.807783	 1.831766	 0.000000
 0.509465	 -0.462100	 -0.240141	 5.229285	 4.812506	 1.834220	 0.000000
 0.509988	 -0.461618	 -0.239957	 5.224084	 4.817224	 1.836672	 0.000000
 0.510511	 -0.461137	 -0.239774	 5.218877	 4.821937	 1.839121	 0.000000
 0.511033	 -0.460654	 -0.239590	 5.213665	 4.826645	 1.841570	 0.000000
 0.511554	 -0.460172	 -0.239406	 5.208447	 4.831348	 1.844016	 0.000000
 0.512075	 -0.459689	 -0.239221	 5.203224	 4.836046	 1.846460	 0.000000
 0.512595	 -0.459205	 -0.239037	 5.197996	 4.840740	 1.848902	 0.000000
 0.513115	 -0.458721	 -0.238852	 5.192763	 4.845428	 1.851343	 0.000000
 0.513634	 -0.458236	 -0.238667	 5.187524	 4.850111	 1.853781	 0.000000
 0.514153	 -0.457751	 -0.238481	 5.182280	 4.854790	 1.856218	 0.000000
 0.514671	 -0.457266	 -0.238296	 5.177031	 4.859463	 1.858653	 0.000000
 0.515189	 -0.456780	 -0.238110	 5.171776	 4.864132	 1.861086	 0.000000
 0.515706	 -0.456294	 -0.237924	 5.166516	 4.868795	 1.863517	 0.000000
 0.516223	 -0.455807	 -0.237737	 5.161251	 4.873454	 1.865946	 0.000000
 0.516739	 -0.455319	 -0.237551	 5.155981	 4.878107	 1.868373	 0.000000
 0.517254	 -0.454832	 -0.237364	 5.150705	 4.882756	 1.870798	 0.000000
 0.517770	 -0.454343	 -0.237177	 5.145424	 4.887400	 1.873222	 0.000000
 0.518284	 -0.453854	 -0.236989	 5.140138	 4.892038	 1.875643	 0.000000
 0.518798	 -0.453365	 -0.236802	 5.134847	 4.896672	 1.878063	 0.000000
 0.519312	 -0.452876	 -0.236614	 5.129550	 4.901300	 1.880480	 0.000000
 0.519825	 -0.452385	 -0.236426	 5.124248	 4.905924	 1.882896	 0.000000
 0.520337	 -0.451895	 -0.236238	 5.118941	 4.910543	 1.885310	 0.000000
 0.520849	 -0.451404	 -0.236049	 5.113629	 4.915156	 1.887722	 0.000000
 0.521360	 -0.450912	 -0.235860	 5.108311	 4.919765	 1.890132	 0.000000
 0.521871	 -0.450420	 -0.235671	 5.102988	 4.924368	 1.892540	 0.000000
 0.522381	 -0.449928	 -0.235482	 5.097660	 4.928967	 1.894946	 0.000000
 0.522891	 -0.449435	 -0.235293	 5.092327	 4.933561	 1.897350	 0.000000
 0.523400	 -0.448942	 -0.235103	 5.086989	 4.938149	 1.899752	 0.000000
 0.523909	 -0.448448	 -0.234913	 5.081645	 4.942732	 1.902152	 0.000000
 0.524417	 -0.447954	 -0.234723	 5.076296	 4.947311	 1.904551	 0.000000
 0.524925	 -0.447459	 -0.234532	 5.070942	 4.951884	 1.906947	 0.000000
 0.525432	 -0.446964	 -0.234342	 5.065583	 4.956452	 1.909341	 0.000000
 0.525938	 -0.446468	 -0.234151	 5.060219	 4.961016	 1.911734	 0.000000
 0.526445	 -0.445972	 -0.233959	 5.054849	 4.965574	 1.914124	 0.000000
 0.526950	 -0.445475	 -0.233768	 5.049475	 4.970127	 1.916513	 0.000000
 0.527455	 -0.444978	 -0.233576	 5.044095	 4.974675	 1.918900	 0.000000
 0.527959	 -0.444481	 -0.233385	 5.038710	 4.979218	 1.921284	 0.000000
 0.528463	 -0.443983	 -0.233192	 5.033320	 4.983756	 1.923667	 0.000000
 0.528967	 -0.443485	 -0.233000	 5.027924	 4.988288	 1.926048	 0.000000
 0.529469	 -0.442986	 -0.232807	 5.022524	 4.992816	 1.928426	 0.000000
 0.529972	 -0.442486	 -0.232615	 5.017119	 4.997339	 1.930803	 0.000000
 0.530473	 -0.441987	 -0.232421	 5.011708	 5.001856	 1.933178	 0.000000
 0.530974	 -0.441487	 -0.232228	 5.006292	 5.006368	 1.935551	 0.000000
 0.531475	 -0.440986	 -0.232035	 5.000871	 5.010876	 1.937922	 0.000000
 0.531975	 -0.440485	 -0.231841	 4.995445	 5.015378	 1.940291	 0.000000
 0.532475	 -0.439983	 -0.231647	 4.990014	 5.019875	 1.942658	 0.000000
 0.532974	 -0.439481	 -0.231453	 4.984578	 5.024367	 1.945023	 0.000000
 0.533472	 -0.438979	 -0.231258	 4.979137	 5.028854	 1.947386	 0.000000
 0.533970	 -0.438476	 -0.231063	 4.973690	 5.033335	 1.949746	 0.000000
 0.534467	 -0.437973	 -0.230868	 4.968239	 5.037812	 1.952105	 0.000000
 0.534964	 -0.437469	 -0.230673	 4.962783	 5.042283	 1.954462	 0.000000
 0.535461	 -0.436965	 -0.230478	 4.957321	 5.046749	 1.956817	 0.000000
 0.535956	 -0.436460	 -0.230282	 4.951854	 5.051210	 1.959170	 0.000000
 0.536452	 -0.435955	 -0.230086	 4.946383	 5.055666	 1.961521	 0.000000
 0.536946	 -0.435449	 -0.229890	 4.940906	 5.060117	 1.963870	 0.000000
 0.537440	 -0.434943	 -0.229694	 4.935424	 5.064563	 1.966217	 0.000000
 0.537934	 -0.434437	 -0.229497	 4.929937	 5.069003	 1.968562	 0.000000
 0.538427	 -0.433930	 -0.229300	 4.924445	 5.073438	 1.970905	 0.000000
 0.538919	 -0.433423	 -0.229103	 4.918948	 5.077868	 1.973246	 0.000000
 0.539411	 -0.432915	 -0.228906	 4.913447	 5.082293	 1.975585	 0.000000
 0.539902	 -0.432407	 -0.228708	 4.907940	 5.086713	 1.977922	 0.000000
 0.540393	 -0.431898	 -0.228510	 4.902428	 5.091128	 1.980257	 0.000000
 0.540883	 -0.431389	 -0.228312	 4.896911	 5.095537	 1.982590	 0.000000
 0.541373	 -0.430879	 -0.228114	 4.891389	 5.099941	 1.984921	 0.000000
 0.541862	 -0.430369	 -0.227915	 4.885862	 5.104340	 1.987250	 0.000000
 0.542351	 -0.429859	 -0.227717	 4.880330	 5.108734	 1.989577	 0.000000
 0.542839	 -0.429348	 -0.227518	 4.874793	 5.113122	 1.991901	 0.000000
 0.543326	 -0.428837	 -0.227319	 4.869251	 5.117505	 1.994224	 0.000000
 0.543813	 -0.428325	 -0.227119	 4.863704	 5.121883	 1.996545	 0.000000
 0.544300	 -0.427813	 -0.226920	 4.858152	 5.126256	 1.998864	 0.000000
 0.544786	 -0.427300	 -0.226720	 4.852595	 5.130624	 2.001180	 0.000000
 0.545271	 -0.426787	 -0.226520	 4.847033	 5.134986	 2.003495	 0.000000
 0.545755	 -0.426273	 -0.226319	 4.841467	 5.139343	 2.005808	 0.000000
 0.546240	 -0.425760	 -0.226119	 4.835895	 5.143695	 2.008118	 0.000000
 0.546723	 -0.425245	 -0.225918	 4.830318	 5.148042	 2.010427	 0.000000
 0.547206	 -0.424730	 -0.225717	 4.824737	 5.152383	 2.012733	 0.000000
 0.547689	 -0.424215	 -0.225515	 4.819150	 5.156719	 2.015037	 0.000000
 0.548171	 -0.423699	 -0.225314	 4.813559	 5.161050	 2.017340	 0.000000
 0.548652	 -0.423183	 -0.225112	 4.807962	 5.165376	 2.019640	 0.000000
 0.549133	 -0.422667	 -0.224910	 4.802361	 5.169696	 2.021938	 0.000000
 0.549613	 -0.422150	 -0.224708	 4.796755	 5.174011	 2.024234	 0.000000
 0.550093	 -0.421632	 -0.224506	 4.791144	 5.178321	 2.026528	 0.000000
 0.550572	 -0.421115	 -0.224303	 4.785528	 5.182626	 2.028820	 0.000000
 0.551050	 -0.420596	 -0.224100	 4.779907	 5.186925	 2.031110	 0.000000
 0.551528	 -0.420078	 -0.223897	 4.774281	 5.191219	 2.033398	 0.000000
 0.552006	 -0.419559	 -0.223694	 4.768651	 5.195507	 2.035684	 0.000000
 0.552483	 -0.419039	 -0.223490	 4.763015	 5.199791	 2.037968	 0.000000
 0.552959	 -0.418519	 -0.223286	 4.757375	 5.204069	 2.040249	 0.000000
 0.553435	 -0.417999	 -0.223082	 4.751730	 5.208342	 2.042529	 0.000000
 0.553910	 -0.417478	 -0.222878	 4.746079	 5.212609	 2.044806	 0.000000
 0.554384	 -0.416956	 -0.222674	 4.740424	 5.216871	 2.047082	 0.000000
 0.554859	 -0.416435	 -0.222469	 4.734765	 5.221128	 2.049355	 0.000000
 0.555332	 -0.415913	 -0.222264	 4.729100	 5.225379	 2.051626	 0.000000
 0.555805	 -0.415390	 -0.222059	 4.723431	 5.229625	 2.053895	 0.000000
 0.556277	 -0.414867	 -0.221853	 4.717756	 5.233866	 2.056162	 0.000000
 0.556749	 -0.414344	 -0.221648	 4.712077	 5.238102	 2.058427	 0.000000
 0.557220	 -0.413820	 -0.221442	 4.706393	 5.242332	 2.060690	 0.000000
 0.557691	 -0.413296	 -0.221236	 4.700704	 5.246556	 2.062951	 0.000000
 0.558161	 -0.412771	 -0.221030	 4.695011	 5.250776	 2.065210	 0.000000
 0.558630	 -0.412246	 -0.220823	 4.689313	 5.254990	 2.067466	 0.000000
 0.559099	 -0.411721	 -0.220616	 4.683609	 5.259199	 2.069721	 0.000000
 0.559568	 -0.411195	 -0.220409	 4.677901	 5.263402	 2.071973	 0.000000
 0.560036	 -0.410668	 -0.220202	 4.672189	 5.267600	 2.074223	 0.000000
 0.560503	 -0.410142	 -0.219995	 4.666471	 5.271793	 2.076471	 0.000000
 0.560969	 -0.409614	 -0.219787	 4.660749	 5.275980	 2.078717	 0.000000
 0.561435	 -0.409087	 -0.219579	 4.655022	 5.280162	 2.080961	 0.000000
 0.561901	 -0.408559	 -0.219371	 4.649290	 5.284338	 2.083203	 0.000000
 0.562366	 -0.408030	 -0.219163	 4.643553	 5.288509	 2.085442	 0.000000
 0.562830	 -0.407501	 -0.218954	 4.637812	 5.292675	 2.087680	 0.000000
 0.563294	 -0.406972	 -0.218745	 4.632066	 5.296835	 2.089915	 0.000000
 0.563757	 -0.406442	 -0.218536	 4.626315	 5.300990	 2.092148	 0.000000
 0.564220	 -0.405912	 -0.218327	 4.620560	 5.305139	 2.094379	 0.000000
 0.564682	 -0.405382	 -0.218118	 4.614800	 5.309283	 2.096608	 0.000000
 0.565143	 -0.404851	 -0.217908	 4.609035	 5.313422	 2.098835	 0.000000
 0.565604	 -0.404320	 -0.217698	 4.603265	 5.317555	 2.101060	 0.000000
 0.566065	 -0.403788	 -0.217488	 4.597490	 5.321683	 2.103282	 0.000000
 0.566524	 -0.403256	 -0.217278	 4.591711	 5.325805	 2.105503	 0.000000
 0.566984	 -0.402723	 -0.217067	 4.585928	 5.329922	 2.107721	 0.000000
 0.567442	 -0.402190	 -0.216856	 4.580139	 5.334034	 2.109937	 0.000000
 0.567900	 -0.401657	 -0.216645	 4.574346	 5.338140	 2.112151	 0.000000
 0.568358	 -0.401123	 -0.216434	 4.568548	 5.342241	 2.114363	 0.000000
 0.568814	 -0.400589	 -0.216223	 4.562746	 5.346336	 2.116573	 0.000000
 0.569271	 -0.400054	 -0.216011	 4.556938	 5.350425	 2.118780	 0.000000
 0.569726	 -0.399519	 -0.215799	 4.551126	 5.354510	 2.120985	 0.000000
 0.570182	 -0.398984	 -0.215587	 4.545310	 5.358589	 2.123189	 0.000000
 0.570636	 -0.398448	 -0.215375	 4.539489	 5.362662	 2.125390	 0.000000
 0.571090	 -0.397911	 -0.215162	 4.533663	 5.366730	 2.127588	 0.000000
 0.571543	 -0.397375	 -0.214950	 4.527833	 5.370792	 2.129785	 0.000000
 0.571996	 -0.396838	 -0.214737	 4.521997	 5.374849	 2.131980	 0.000000
 0.572448	 -0.396300	 -0.214523	 4.516158	 5.378901	 2.134172	 0.000000
 0.572900	 -0.395762	 -0.214310	 4.510313	 5.382947	 2.136362	 0.000000
 0.573351	 -0.395224	 -0.214096	 4.504464	 5.386987	 2.138550	 0.000000
 0.573801	 -0.394685	 -0.213883	 4.498611	 5.391022	 2.140736	 0.000000
 0.574251	 -0.394146	 -0.213668	 4.492753	 5.395052	 2.142919	 0.000000
 0.574701	 -0.393607	 -0.213454	 4.486890	 5.399076	 2.145101	 0.000000
 0.575149	 -0.393067	 -0.213240	 4.481023	 5.403094	 2.147280	 0.000000
 0.575597	 -0.392526	 -0.213025	 4.475151	 5.407107	 2.149457	 0.000000
 0.576045	 -0.391986	 -0.212810	 4.469274	 5.411114	 2.151632	 0.000000
 0.576492	 -0.391445	 -0.212595	 4.463393	 5.415116	 2.153805	 0.000000
 0.576938	 -0.390903	 -0.212379	 4.457507	 5.419113	 2.155975	 0.000000
 0.577384	 -0.390361	 -0.212164	 4.451617	 5.423104	 2.158143	 0.000000
 0.577829	 -0.389819	 -0.211948	 4.445722	 5.427089	 2.160309	 0.000000
 0.578274	 -0.389276	 -0.211732	 4.439823	 5.431069	 2.162473	 0.000000
 0.578718	 -0.388733	 -0.211516	 4.433919	 5.435043	 2.164635	 0.000000
 0.579161	 -0.388190	 -0.211299	 4.428011	 5.439012	 2.166794	 0.000000
 0.579604	 -0.387646	 -0.211083	 4.422098	 5.442975	 2.168952	 0.000000
 0.580046	 -0.387101	 -0.210866	 4.416180	 5.446933	 2.171107	 0.000000
 0.580488	 -0.386557	 -0.210649	 4.410258	 5.450885	 2.173260	 0.000000
 0.580929	 -0.386012	 -0.210431	 4.404332	 5.454832	 2.175410	 0.000000
 0.581369	 -0.385466	 -0.210214	 4.398401	 5.458773	 2.177559	 0.000000
 0.581809	 -0.384920	 -0.209996	 4.392465	 5.462708	 2.179705	 0.000000
 0.582248	 -0.384374	 -0.209778	 4.386525	 5.466638	 2.181849	 0.000000
 0.582687	 -0.383827	 -0.209560	 4.380581	 5.470562	 2.183991	 0.000000
 0.583125	 -0.383280	 -0.209341	 4.374632	 5.474481	 2.186130	 0.000000
 0.583562	 -0.382733	 -0.209123	 4.368678	 5.478394	 2.188267	 0.000000
 0.583999	 -0.382185	 -0.208904	 4.362720	 5.482302	 2.190402	 0.000000
 0.584436	 -0.381637	 -0.208685	 4.356758	 5.486204	 2.192535	 0.000000
 0.584871	 -0.381088	 -0.208466	 4.350791	 5.490100	 2.194666	 0.000000
 0.585306	 -0.380539	 -0.208246	 4.344820	 5.493991	 2.196794	 0.000000
 0.585741	 -0.379990	 -0.208027	 4.338844	 5.497876	 2.198920	 0.000000
 0.586175	 -0.379440	 -0.207807	 4.332864	 5.501756	 2.201044	 0.000000
 0.586608	 -0.378890	 -0.207587	 4.326879	 5.505630	 2.203166	 0.000000
 0.587041	 -0.378339	 -0.207366	 4.320890	 5.509498	 2.205285	 0.000000
 0.587473	 -0.377788	 -0.207146	 4.314896	 5.513361	 2.207402	 0.000000
 0.587904	 -0.377237	 -0.206925	 4.308898	 5.517218	 2.209517	 0.000000
 0.588335	 -0.376685	 -0.206704	 4.302896	 5.521069	 2.211630	 0.000000
 0.588765	 -0.376133	 -0.206483	 4.296889	 5.524915	 2.213740	 0.000000
 0.589195	 -0.375581	 -0.206261	 4.290878	 5.528756	 2.215849	 0.000000
 0.589624	 -0.375028	 -0.206040	 4.284862	 5.532590	 2.217954	 0.000000
 0.590053	 -0.374474	 -0.205818	 4.278842	 5.536419	 2.220058	 0.000000
 0.590481	 -0.373921	 -0.205596	 4.272818	 5.540242	 2.222159	 0.000000
 0.590908	 -0.373367	 -0.205374	 4.266789	 5.544060	 2.224259	 0.000000
 0.591334	 -0.372812	 -0.205151	 4.260756	 5.547872	 2.226355	 0.000000
 0.591761	 -0.372258	 -0.204929	 4.254719	 5.551679	 2.228450	 0.000000
 0.592186	 -0.371702	 -0.204706	 4.248677	 5.555479	 2.230542	 0.000000
 0.592611	 -0.371147	 -0.204483	 4.242631	 5.559274	 2.232632	 0.000000
 0.593035	 -0.370591	 -0.204260	 4.236580	 5.563064	 2.234720	 0.000000
 0.593459	 -0.370035	 -0.204036	 4.230525	 5.566847	 2.236806	 0.000000
 0.593882	 -0.369478	 -0.203812	 4.224466	 5.570625	 2.238889	 0.000000
 0.594304	 -0.368921	 -0.203589	 4.218403	 5.574398	 2.240970	 0.000000
 0.594726	 -0.368363	 -0.203364	 4.212335	 5.578165	 2.243048	 0.000000
 0.595147	 -0.367806	 -0.203140	 4.206263	 5.581926	 2.245125	 0.000000
 0.595568	 -0.367247	 -0.202916	 4.200186	 5.585681	 2.247199	 0.000000
 0.595988	 -0.366689	 -0.202691	 4.194105	 5.589430	 2.249271	 0.000000
 0.596407	 -0.366130	 -0.202466	 4.188020	 5.593174	 2.251340	 0.000000
 0.596826	 -0.365571	 -0.202241	 4.181931	 5.596913	 2.253407	 0.000000
 0.597244	 -0.365011	 -0.202016	 4.175837	 5.600645	 2.255472	 0.000000
 0.597662	 -0.364451	 -0.201790	 4.169739	 5.604372	 2.257535	 0.000000
 0.598079	 -0.363890	 -0.201564	 4.163637	 5.608093	 2.259595	 0.000000
 0.598495	 -0.363330	 -0.201338	 4.157530	 5.611808	 2.261653	 0.000000
 0.598911	 -0.362768	 -0.201112	 4.151420	 5.615518	 2.263709	 0.000000
 0.599326	 -0.362207	 -0.200886	 4.145305	 5.619222	 2.265762	 0.000000
 0.599741	 -0.361645	 -0.200659	 4.139185	 5.622920	 2.267813	 0.000000
 0.600155	 -0.361083	 -0.200432	 4.133062	 5.626613	 2.269862	 0.000000
 0.600568	 -0.360520	 -0.200205	 4.126934	 5.630300	 2.271909	 0.000000
 0.600981	 -0.359957	 -0.199978	 4.120802	 5.633981	 2.273953	 0.000000
 0.601393	 -0.359394	 -0.199751	 4.114666	 5.637656	 2.275995	 0.000000
 0.601804	 -0.358830	 -0.199523	 4.108526	 5.641325	 2.278034	 0.000000
 0.602215	 -0.358266	 -0.199295	 4.102381	 5.644989	 2.280071	 0.000000
 0.602625	 -0.357701	 -0.199067	 4.096232	 5.648647	 2.282106	 0.000000
 0.603035	 -0.357136	 -0.198839	 4.090079	 5.652299	 2.284139	 0.000000
 0.603444	 -0.356571	 -0.198611	 4.083922	 5.655946	 2.286169	 0.000000
 0.603852	 -0.356005	 -0.198382	 4.077760	 5.659587	 2.288197	 0.000000
 0.604260	 -0.355440	 -0.198153	 4.071595	 5.663222	 2.290222	 0.000000
 0.604667	 -0.354873	 -0.197924	 4.065425	 5.666851	 2.292246	 0.000000
 0.605074	 -0.354307	 -0.197695	 4.059251	 5.670474	 2.294267	 0.000000
 0.605480	 -0.353739	 -0.197466	 4.053073	 5.674092	 2.296285	 0.000000
 0.605885	 -0.353172	 -0.197236	 4.046891	 5.677704	 2.298301	 0.000000
 0.606290	 -0.352604	 -0.197006	 4.040704	 5.681310	 2.300315	 0.000000
 0.606694	 -0.352036	 -0.196776	 4.034514	 5.684910	 2.302327	 0.000000
 0.607097	 -0.351468	 -0.196546	 4.028319	 5.688505	 2.304336	 0.000000
 0.607500	 -0.350899	 -0.196316	 4.022120	 5.692093	 2.306343	 0.000000
 0.607902	 -0.350330	 -0.196085	 4.015917	 5.695676	 2.308347	 0.000000
 0.608304	 -0.349760	 -0.195854	 4.009710	 5.699253	 2.310350	 0.000000
 0.608705	 -0.349190	 -0.195623	 4.003499	 5.702825	 2.312349	 0.000000
 0.609105	 -0.348620	 -0.195392	 3.997283	 5.706390	 2.314347	 0.000000
 0.609505	 -0.348049	 -0.195160	 3.991064	 5.709950	 2.316342	 0.000000
 0.609904	 -0.347478	 -0.194929	 3.984840	 5.713504	 2.318335	 0.000000
 0.610303	 -0.346907	 -0.194697	 3.978613	 5.717052	 2.320325	 0.000000
 0.610700	 -0.346335	 -0.194465	 3.972381	 5.720594	 2.322313	 0.000000
 0.611098	 -0.345763	 -0.194233	 3.966145	 5.724130	 2.324299	 0.000000
 0.611494	 -0.345191	 -0.194000	 3.959906	 5.727661	 2.326282	 0.000000
 0.611890	 -0.344618	 -0.193768	 3.953662	 5.731186	 2.328263	 0.000000
 0.612286	 -0.344045	 -0.193535	 3.947414	 5.734704	 2.330241	 0.000000
 0.612680	 -0.343471	 -0.193302	 3.941162	 5.738218	 2.332218	 0.000000
 0.613074	 -0.342897	 -0.193068	 3.934906	 5.741725	 2.334191	 0.000000
 0.613468	 -0.342323	 -0.192835	 3.928645	 5.745226	 2.336163	 0.000000
 0.613861	 -0.341749	 -0.192601	 3.922381	 5.748721	 2.338132	 0.000000
 0.614253	 -0.341174	 -0.192368	 3.916113	 5.752211	 2.340099	 0.000000
 0.614645	 -0.340599	 -0.192134	 3.909841	 5.755695	 2.342063	 0.000000
 0.615036	 -0.340023	 -0.191899	 3.903565	 5.759173	 2.344025	 0.000000
 0.615426	 -0.339447	 -0.191665	 3.897285	 5.762645	 2.345984	 0.000000
 0.615816	 -0.338871	 -0.191430	 3.891000	 5.766111	 2.347941	 0.000000
 0.616205	 -0.338294	 -0.191196	 3.884712	 5.769571	 2.349896	 0.000000
 0.616593	 -0.337717	 -0.190961	 3.878420	 5.773026	 2.351848	 0.000000
 0.616981	 -0.337140	 -0.190725	 3.872124	 5.776474	 2.353798	 0.000000
 0.617368	 -0.336562	 -0.190490	 3.865824	 5.779917	 2.355746	 0.000000
 0.617755	 -0.335984	 -0.190254	 3.859520	 5.783353	 2.357691	 0.000000
 0.618141	 -0.335406	 -0.190019	 3.853211	 5.786784	 2.359634	 0.000000
 0.618526	 -0.334827	 -0.189783	 3.846899	 5.790209	 2.361574	 0.000000
 0.618911	 -0.334248	 -0.189547	 3.840583	 5.793628	 2.363512	 0.000000
 0.619295	 -0.333669	 -0.189310	 3.834263	 5.797041	 2.365448	 0.000000
 0.619678	 -0.333089	 -0.189074	 3.827940	 5.800449	 2.367381	 0.000000
 0.620061	 -0.332509	 -0.188837	 3.821612	 5.803850	 2.369312	 0.000000
 0.620443	 -0.331929	 -0.188600	 3.815280	 5.807245	 2.371240	 0.000000
 0.620825	 -0.331348	 -0.188363	 3.808944	 5.810635	 2.373166	 0.000000
 0.621206	 -0.330767	 -0.188126	 3.802605	 5.814018	 2.375089	 0.000000
 0.621586	 -0.330186	 -0.187888	 3.796261	 5.817396	 2.377010	 0.000000
 0.621966	 -0.329604	 -0.187650	 3.789914	 5.820768	 2.378929	 0.000000
 0.622345	 -0.329022	 -0.187412	 3.783563	 5.824134	 2.380845	 0.000000
 0.622723	 -0.328439	 -0.187174	 3.777207	 5.827494	 2.382759	 0.000000
 0.623101	 -0.327857	 -0.186936	 3.770848	 5.830847	 2.384670	 0.000000
 0.623478	 -0.327274	 -0.186698	 3.764485	 5.834195	 2.386579	 0.000000
 0.623854	 -0.326690	 -0.186459	 3.758119	 5.837537	 2.388486	 0.000000
 0.624230	 -0.326106	 -0.186220	 3.751748	 5.840874	 2.390390	 0.000000
 0.624605	 -0.325522	 -0.185981	 3.745373	 5.844204	 2.392291	 0.000000
 0.624980	 -0.324938	 -0.185742	 3.738995	 5.847528	 2.394191	 0.000000
 0.625354	 -0.324353	 -0.185502	 3.732613	 5.850846	 2.396087	 0.000000
 0.625727	 -0.323768	 -0.185263	 3.726227	 5.854158	 2.397982	 0.000000
 0.626100	 -0.323183	 -0.185023	 3.719837	 5.857465	 2.399874	 0.000000
 0.626472	 -0.322597	 -0.184783	 3.713443	 5.860765	 2.401763	 0.000000
 0.626843	 -0.322011	 -0.184543	 3.707046	 5.864059	 2.403650	 0.000000
 0.627214	 -0.321424	 -0.184303	 3.700644	 5.867348	 2.405535	 0.000000
 0.627584	 -0.320838	 -0.184062	 3.694239	 5.870630	 2.407417	 0.000000
 0.627953	 -0.320251	 -0.183821	 3.687830	 5.873907	 2.409296	 0.000000
 0.628322	 -0.319663	 -0.183580	 3.681418	 5.877177	 2.411174	 0.000000
 0.628690	 -0.319076	 -0.183339	 3.675001	 5.880441	 2.413048	 0.000000
 0.629058	 -0.318488	 -0.183098	 3.668581	 5.883700	 2.414921	 0.000000
 0.629424	 -0.317899	 -0.182856	 3.662157	 5.886952	 2.416790	 0.000000
 0.629791	 -0.317310	 -0.182615	 3.655729	 5.890199	 2.418658	 0.000000
 0.630156	 -0.316721	 -0.182373	 3.649297	 5.893439	 2.420523	 0.000000
 0.630521	 -0.316132	 -0.182131	 3.642862	 5.896674	 2.422385	 0.000000
 0.630885	 -0.315542	 -0.181889	 3.636423	 5.899902	 2.424245	 0.000000
 0.631249	 -0.314952	 -0.181646	 3.629980	 5.903125	 2.426103	 0.000000
 0.631612	 -0.314362	 -0.181404	 3.623533	 5.906341	 2.427958	 0.000000
 0.631974	 -0.313772	 -0.181161	 3.617083	 5.909551	 2.429810	 0.000000
 0.632336	 -0.313181	 -0.180918	 3.610629	 5.912756	 2.431660	 0.000000
 0.632697	 -0.312589	 -0.180675	 3.604171	 5.915954	 2.433508	 0.000000
 0.633058	 -0.311998	 -0.180431	 3.597710	 5.919147	 2.435353	 0.000000
 0.633417	 -0.311406	 -0.180188	 3.591245	 5.922333	 2.437196	 0.000000
 0.633776	 -0.310814	 -0.179944	 3.584776	 5.925513	 2.439036	 0.000000
 0.634135	 -0.310221	 -0.179700	 3.578303	 5.928687	 2.440874	 0.000000
 0.634493	 -0.309628	 -0.179456	 3.571827	 5.931855	 2.442709	 0.000000
 0.634850	 -0.309035	 -0.179212	 3.565347	 5.935018	 2.444542	 0.000000
 0.635207	 -0.308441	 -0.178967	 3.558864	 5.938174	 2.446372	 0.000000
 0.635562	 -0.307848	 -0.178723	 3.552376	 5.941324	 2.448200	 0.000000
 0.635918	 -0.307253	 -0.178478	 3.545886	 5.944468	 2.450025	 0.000000
 0.636272	 -0.306659	 -0.178233	 3.539391	 5.947606	 2.451848	 0.000000
 0.636626	 -0.306064	 -0.177988	 3.532893	 5.950738	 2.453668	 0.000000
 0.636979	 -0.305469	 -0.177742	 3.526391	 5.953863	 2.455486	 0.000000
 0.637332	 -0.304874	 -0.177497	 3.519886	 5.956983	 2.457301	 0.000000
 0.637684	 -0.304278	 -0.177251	 3.513377	 5.960097	 2.459114	 0.000000
 0.638035	 -0.303682	 -0.177005	 3.506864	 5.963204	 2.460924	 0.000000
 0.638386	 -0.303086	 -0.176759	 3.500348	 5.966306	 2.462732	 0.000000
 0.638736	 -0.302489	 -0.176513	 3.493828	 5.969401	 2.464537	 0.000000
 0.639086	 -0.301892	 -0.176266	 3.487304	 5.972491	 2.466340	 0.000000
 0.639434	 -0.301295	 -0.176020	 3.480777	 5.975574	 2.468140	 0.000000
 0.639782	 -0.300697	 -0.175773	 3.474246	 5.978651	 2.469938	 0.000000
 0.640130	 -0.300100	 -0.175526	 3.467712	 5.981722	 2.471733	 0.000000
 0.640477	 -0.299501	 -0.175279	 3.461174	 5.984787	 2.473526	 0.000000
 0.640823	 -0.298903	 -0.175031	 3.454633	 5.987846	 2.475316	 0.000000
 0.641168	 -0.298304	 -0.174784	 3.448088	 5.990899	 2.477104	 0.000000
 0.641513	 -0.297705	 -0.174536	 3.441539	 5.993946	 2.478889	 0.000000
 0.641857	 -0.297106	 -0.174288	 3.434987	 5.996986	 2.480671	 0.000000
 0.642201	 -0.296506	 -0.174040	 3.428432	 6.000021	 2.482451	 0.000000
 0.642543	 -0.295906	 -0.173792	 3.421873	 6.003049	 2.484229	 0.000000
 0.642886	 -0.295306	 -0.173543	 3.415310	 6.006071	 2.486004	 0.000000
 0.643227	 -0.294705	 -0.173295	 3.408744	 6.009088	 2.487777	 0.000000
 0.643568	 -0.294104	 -0.173046	 3.402174	 6.012098	 2.489546	 0.000000
 0.643908	 -0.293503	 -0.172797	 3.395601	 6.015101	 2.491314	 0.000000
 0.644248	 -0.292901	 -0.172548	 3.389024	 6.018099	 2.493079	 0.000000
 0.644587	 -0.292300	 -0.172299	 3.382444	 6.021091	 2.494841	 0.000000
 0.644925	 -0.291697	 -0.172049	 3.375860	 6.024076	 2.496601	 0.000000
 0.645263	 -0.291095	 -0.171799	 3.369273	 6.027056	 2.498358	 0.000000
 0.645599	 -0.290492	 -0.171550	 3.362683	 6.030029	 2.500113	 0.000000
 0.645936	 -0.289889	 -0.171300	 3.356089	 6.032996	 2.501865	 0.000000
 0.646271	 -0.289286	 -0.171049	 3.349491	 6.035957	 2.503615	 0.000000
 0.646606	 -0.288682	 -0.170799	 3.342890	 6.038912	 2.505362	 0.000000
 0.646941	 -0.288079	 -0.170549	 3.336286	 6.041860	 2.507106	 0.000000
 0.647274	 -0.287474	 -0.170298	 3.329678	 6.044803	 2.508848	 0.000000
