 -3.743423	 7.568496	 3.287163	 -1.964867	 -0.815360	 -0.252219	 0.000010
 -3.743442	 7.568488	 3.287161	 -1.964865	 -0.815364	 -0.252220	 0.000010
 -3.743462	 7.568480	 3.287158	 -1.964863	 -0.815368	 -0.252222	 0.000010
 -3.743482	 7.568471	 3.287156	 -1.964861	 -0.815372	 -0.252224	 0.000010
 -3.743501	 7.568463	 3.287153	 -1.964859	 -0.815376	 -0.252225	 0.000010
 -3.743521	 7.568455	 3.287151	 -1.964857	 -0.815380	 -0.252227	 0.000010
 -3.743541	 7.568447	 3.287148	 -1.964855	 -0.815384	 -0.252229	 0.000010
 -3.743560	 7.568439	 3.287146	 -1.964853	 -0.815388	 -0.252231	 0.000010
 -3.743580	 7.568431	 3.287143	 -1.964851	 -0.815392	 -0.252232	 0.000010
 -3.743599	 7.568422	 3.287141	 -1.964850	 -0.815396	 -0.252234	 0.000010
 -3.743619	 7.568414	 3.287138	 -1.964848	 -0.815400	 -0.252236	 0.000010
 -3.743639	 7.568406	 3.287136	 -1.964846	 -0.815404	 -0.252238	 0.000010
 -3.743658	 7.568398	 3.287133	 -1.964844	 -0.815408	 -0.252239	 0.000010
 -3.743678	 7.568390	 3.287131	 -1.964842	 -0.815412	 -0.252241	 0.000010
 -3.743698	 7.568382	 3.287128	 -1.964840	 -0.815416	 -0.252243	 0.000010
 -3.743717	 7.568374	 3.287126	 -1.964838	 -0.815420	 -0.252245	 0.000010
 -3.743737	 7.568365	 3.287123	 -1.964836	 -0.815424	 -0.252246	 0.000010
 -3.743757	 7.568357	 3.287121	 -1.964834	 -0.815428	 -0.252248	 0.000010
 -3.743776	 7.568349	 3.287118	 -1.964832	 -0.815432	 -0.252250	 0.000010
 -3.743796	 7.568341	 3.287116	 -1.964830	 -0.815436	 -0.252252	 0.000010
 -3.743816	 7.568333	 3.287113	 -1.964828	 -0.815440	 -0.252253	 0.000010
 -3.743835	 7.568325	 3.287111	 -1.964826	 -0.815444	 -0.252255	 0.000010
 -3.743855	 7.568316	 3.287108	 -1.964824	 -0.815448	 -0.252257	 0.000010
 -3.743875	 7.568308	 3.287105	 -1.964822	 -0.815452	 -0.252259	 0.000010
 -3.743894	 7.568300	 3.287103	 -1.964820	 -0.815456	 -0.252260	 0.000010
 -3.743914	 7.568292	 3.287100	 -1.964818	 -0.815460	 -0.252262	 0.000010
 -3.743934	 7.568284	 3.287098	 -1.964816	 -0.815464	 -0.252264	 0.000010
 -3.743953	 7.568276	 3.287095	 -1.964814	 -0.815468	 -0.252266	 0.000010
 -3.743973	 7.568268	 3.287093	 -1.964812	 -0.815472	 -0.252267	 0.000010
 -3.743992	 7.568259	 3.287090	 -1.964810	 -0.815476	 -0.252269	 0.000010
 -3.744012	 7.568251	 3.287088	 -1.964808	 -0.815480	 -0.252271	 0.000010
 -3.744032	 7.568243	 3.287085	 -1.964806	 -0.815484	 -0.252273	 0.000010
 -3.744051	 7.568235	 3.287083	 -1.964804	 -0.815488	 -0.252274	 0.000010
 -3.744071	 7.568227	 3.287080	 -1.964802	 -0.815492	 -0.252276	 0.000010
 -3.744091	 7.568219	 3.287078	 -1.964800	 -0.815496	 -0.252278	 0.000010
 -3.744110	 7.568210	 3.287075	 -1.964798	 -0.815500	 -0.252280	 0.000010
 -3.744130	 7.568202	 3.287073	 -1.964796	 -0.815504	 -0.252281	 0.000010
 -3.744150	 7.568194	 3.287070	 -1.964794	 -0.815508	 -0.252283	 0.000010
 -3.744169	 7.568186	 3.287068	 -1.964792	 -0.815512	 -0.252285	 0.000010
 -3.744189	 7.568178	 3.287065	 -1.964790	 -0.815516	 -0.252287	 0.000010
 -3.744209	 7.568170	 3.287063	 -1.964788	 -0.815520	 -0.252288	 0.000010
 -3.744228	 7.568162	 3.287060	 -1.964786	 -0.815524	 -0.252290	 0.000010
 -3.744248	 7.568153	 3.287058	 -1.964784	 -0.815528	 -0.252292	 0.000010
 -3.744268	 7.568145	 3.287055	 -1.964782	 -0.815532	 -0.252294	 0.000010
 -3.744287	 7.568137	 3.287052	 -1.964780	 -0.815536	 -0.252295	 0.000010
 -3.744307	 7.568129	 3.287050	 -1.964778	 -0.815540	 -0.252297	 0.000010
 -3.744326	 7.568121	 3.287047	 -1.964776	 -0.815544	 -0.252299	 0.000010
 -3.744346	 7.568113	 3.287045	 -1.964774	 -0.815548	 -0.252300	 0.000010
 -3.744366	 7.568104	 3.287042	 -1.964772	 -0.815552	 -0.252302	 0.000010
 -3.744385	 7.568096	 3.287040	 -1.964770	 -0.815556	 -0.252304	 0.000010
 -3.744405	 7.568088	 3.287037	 -1.964768	 -0.815560	 -0.252306	 0.000010
 -3.744425	 7.568080	 3.287035	 -1.964766	 -0.815565	 -0.252307	 0.000010
 -3.744444	 7.568072	 3.287032	 -1.964764	 -0.815569	 -0.252309	 0.000010
 -3.744464	 7.568064	 3.287030	 -1.964762	 -0.815573	 -0.252311	 0.000010
 -3.744484	 7.568055	 3.287027	 -1.964760	 -0.815577	 -0.252313	 0.000010
 -3.744503	 7.568047	 3.287025	 -1.964758	 -0.815581	 -0.252314	 0.000010
 -3.744523	 7.568039	 3.287022	 -1.964756	 -0.815585	 -0.252316	 0.000010
 -3.744543	 7.568031	 3.287020	 -1.964754	 -0.815589	 -0.252318	 0.000010
 -3.744562	 7.568023	 3.287017	 -1.964752	 -0.815593	 -0.252320	 0.000010
 -3.744582	 7.568015	 3.287015	 -1.964750	 -0.815597	 -0.252321	 0.000010
 -3.744602	 7.568007	 3.287012	 -1.964748	 -0.815601	 -0.252323	 0.000010
 -3.744621	 7.567998	 3.287010	 -1.964746	 -0.815605	 -0.252325	 0.000010
 -3.744641	 7.567990	 3.287007	 -1.964744	 -0.815609	 -0.252327	 0.000010
 -3.744660	 7.567982	 3.287005	 -1.964742	 -0.815613	 -0.252328	 0.000010
 -3.744680	 7.567974	 3.287002	 -1.964740	 -0.815617	 -0.252330	 0.000010
 -3.744700	 7.567966	 3.286999	 -1.964738	 -0.815621	 -0.252332	 0.000010
 -3.744719	 7.567958	 3.286997	 -1.964736	 -0.815625	 -0.252334	 0.000010
 -3.744739	 7.567949	 3.286994	 -1.964734	 -0.815629	 -0.252335	 0.000010
 -3.744759	 7.567941	 3.286992	 -1.964732	 -0.815633	 -0.252337	 0.000010
 -3.744778	 7.567933	 3.286989	 -1.964730	 -0.815637	 -0.252339	 0.000010
 -3.744798	 7.567925	 3.286987	 -1.964728	 -0.815641	 -0.252341	 0.000010
 -3.744818	 7.567917	 3.286984	 -1.964726	 -0.815645	 -0.252342	 0.000010
 -3.744837	 7.567909	 3.286982	 -1.964724	 -0.815649	 -0.252344	 0.000010
 -3.744857	 7.567901	 3.286979	 -1.964722	 -0.815653	 -0.252346	 0.000010
 -3.744877	 7.567892	 3.286977	 -1.964720	 -0.815657	 -0.252348	 0.000010
 -3.744896	 7.567884	 3.286974	 -1.964718	 -0.815661	 -0.252349	 0.000010
 -3.744916	 7.567876	 3.286972	 -1.964716	 -0.815665	 -0.252351	 0.000010
 -3.744936	 7.567868	 3.286969	 -1.964714	 -0.815669	 -0.252353	 0.000010
 -3.744955	 7.567860	 3.286967	 -1.964712	 -0.815673	 -0.252355	 0.000010
 -3.744975	 7.567852	 3.286964	 -1.964710	 -0.815677	 -0.252356	 0.000010
 -3.744994	 7.567843	 3.286962	 -1.964708	 -0.815681	 -0.252358	 0.000010
 -3.745014	 7.567835	 3.286959	 -1.964706	 -0.815685	 -0.252360	 0.000010
 -3.745034	 7.567827	 3.286957	 -1.964704	 -0.815689	 -0.252362	 0.000010
 -3.745053	 7.567819	 3.286954	 -1.964702	 -0.815693	 -0.252363	 0.000010
 -3.745073	 7.567811	 3.286952	 -1.964700	 -0.815697	 -0.252365	 0.000010
 -3.745093	 7.567803	 3.286949	 -1.964698	 -0.815701	 -0.252367	 0.000010
 -3.745112	 7.567794	 3.286947	 -1.964697	 -0.815705	 -0.252369	 0.000010
 -3.745132	 7.567786	 3.286944	 -1.964695	 -0.815709	 -0.252370	 0.000010
 -3.745152	 7.567778	 3.286941	 -1.964693	 -0.815713	 -0.252372	 0.000010
 -3.745171	 7.567770	 3.286939	 -1.964691	 -0.815717	 -0.252374	 0.000010
 -3.745191	 7.567762	 3.286936	 -1.964689	 -0.815721	 -0.252376	 0.000010
 -3.745211	 7.567754	 3.286934	 -1.964687	 -0.815725	 -0.252377	 0.000010
 -3.745230	 7.567746	 3.286931	 -1.964685	 -0.815729	 -0.252379	 0.000010
 -3.745250	 7.567737	 3.286929	 -1.964683	 -0.815733	 -0.252381	 0.000010
 -3.745270	 7.567729	 3.286926	 -1.964681	 -0.815737	 -0.252382	 0.000010
 -3.745289	 7.567721	 3.286924	 -1.964679	 -0.815741	 -0.252384	 0.000010
 -3.745309	 7.567713	 3.286921	 -1.964677	 -0.815745	 -0.252386	 0.000010
 -3.745328	 7.567705	 3.286919	 -1.964675	 -0.815749	 -0.252388	 0.000010
 -3.745348	 7.567697	 3.286916	 -1.964673	 -0.815753	 -0.252389	 0.000010
 -3.745368	 7.567688	 3.286914	 -1.964671	 -0.815757	 -0.252391	 0.000010
 -3.745387	 7.567680	 3.286911	 -1.964669	 -0.815761	 -0.252393	 0.000010
 -3.745407	 7.567672	 3.286909	 -1.964667	 -0.815765	 -0.252395	 0.000010
 -3.745427	 7.567664	 3.286906	 -1.964665	 -0.815769	 -0.252396	 0.000010
 -3.745446	 7.567656	 3.286904	 -1.964663	 -0.815773	 -0.252398	 0.000010
 -3.745466	 7.567648	 3.286901	 -1.964661	 -0.815777	 -0.252400	 0.000010
 -3.745486	 7.567639	 3.286899	 -1.964659	 -0.815781	 -0.252402	 0.000010
 -3.745505	 7.567631	 3.286896	 -1.964657	 -0.815785	 -0.252403	 0.000010
 -3.745525	 7.567623	 3.286894	 -1.964655	 -0.815789	 -0.252405	 0.000010
 -3.745545	 7.567615	 3.286891	 -1.964653	 -0.815793	 -0.252407	 0.000010
 -3.745564	 7.567607	 3.286888	 -1.964651	 -0.815797	 -0.252409	 0.000010
 -3.745584	 7.567599	 3.286886	 -1.964649	 -0.815801	 -0.252410	 0.000010
 -3.745604	 7.567591	 3.286883	 -1.964647	 -0.815805	 -0.252412	 0.000010
 -3.745623	 7.567582	 3.286881	 -1.964645	 -0.815809	 -0.252414	 0.000010
 -3.745643	 7.567574	 3.286878	 -1.964643	 -0.815813	 -0.252416	 0.000010
 -3.745662	 7.567566	 3.286876	 -1.964641	 -0.815818	 -0.252417	 0.000010
 -3.745682	 7.567558	 3.286873	 -1.964639	 -0.815822	 -0.252419	 0.000010
 -3.745702	 7.567550	 3.286871	 -1.964637	 -0.815826	 -0.252421	 0.000010
 -3.745721	 7.567542	 3.286868	 -1.964635	 -0.815830	 -0.252423	 0.000010
 -3.745741	 7.567533	 3.286866	 -1.964633	 -0.815834	 -0.252424	 0.000010
 -3.745761	 7.567525	 3.286863	 -1.964631	 -0.815838	 -0.252426	 0.000010
 -3.745780	 7.567517	 3.286861	 -1.964629	 -0.815842	 -0.252428	 0.000010
 -3.745800	 7.567509	 3.286858	 -1.964627	 -0.815846	 -0.252430	 0.000010
 -3.745820	 7.567501	 3.286856	 -1.964625	 -0.815850	 -0.252431	 0.000010
 -3.745839	 7.567493	 3.286853	 -1.964623	 -0.815854	 -0.252433	 0.000010
 -3.745859	 7.567484	 3.286851	 -1.964621	 -0.815858	 -0.252435	 0.000010
 -3.745879	 7.567476	 3.286848	 -1.964619	 -0.815862	 -0.252437	 0.000010
 -3.745898	 7.567468	 3.286846	 -1.964617	 -0.815866	 -0.252438	 0.000010
 -3.745918	 7.567460	 3.286843	 -1.964615	 -0.815870	 -0.252440	 0.000010
 -3.745938	 7.567452	 3.286840	 -1.964613	 -0.815874	 -0.252442	 0.000010
 -3.745957	 7.567444	 3.286838	 -1.964611	 -0.815878	 -0.252444	 0.000010
 -3.745977	 7.567436	 3.286835	 -1.964609	 -0.815882	 -0.252445	 0.000010
 -3.745996	 7.567427	 3.286833	 -1.964607	 -0.815886	 -0.252447	 0.000010
 -3.746016	 7.567419	 3.286830	 -1.964605	 -0.815890	 -0.252449	 0.000010
 -3.746036	 7.567411	 3.286828	 -1.964603	 -0.815894	 -0.252451	 0.000010
 -3.746055	 7.567403	 3.286825	 -1.964601	 -0.815898	 -0.252452	 0.000010
 -3.746075	 7.567395	 3.286823	 -1.964599	 -0.815902	 -0.252454	 0.000010
 -3.746095	 7.567387	 3.286820	 -1.964597	 -0.815906	 -0.252456	 0.000010
 -3.746114	 7.567378	 3.286818	 -1.964595	 -0.815910	 -0.252457	 0.000010
 -3.746134	 7.567370	 3.286815	 -1.964593	 -0.815914	 -0.252459	 0.000010
 -3.746154	 7.567362	 3.286813	 -1.964591	 -0.815918	 -0.252461	 0.000010
 -3.746173	 7.567354	 3.286810	 -1.964589	 -0.815922	 -0.252463	 0.000010
 -3.746193	 7.567346	 3.286808	 -1.964587	 -0.815926	 -0.252464	 0.000010
 -3.746213	 7.567338	 3.286805	 -1.964585	 -0.815930	 -0.252466	 0.000010
 -3.746232	 7.567329	 3.286803	 -1.964583	 -0.815934	 -0.252468	 0.000010
 -3.746252	 7.567321	 3.286800	 -1.964581	 -0.815938	 -0.252470	 0.000010
 -3.746271	 7.567313	 3.286798	 -1.964579	 -0.815942	 -0.252471	 0.000010
 -3.746291	 7.567305	 3.286795	 -1.964577	 -0.815946	 -0.252473	 0.000010
 -3.746311	 7.567297	 3.286793	 -1.964575	 -0.815950	 -0.252475	 0.000010
 -3.746330	 7.567289	 3.286790	 -1.964573	 -0.815954	 -0.252477	 0.000010
 -3.746350	 7.567281	 3.286787	 -1.964571	 -0.815958	 -0.252478	 0.000010
 -3.746370	 7.567272	 3.286785	 -1.964569	 -0.815962	 -0.252480	 0.000010
 -3.746389	 7.567264	 3.286782	 -1.964567	 -0.815966	 -0.252482	 0.000010
 -3.746409	 7.567256	 3.286780	 -1.964565	 -0.815970	 -0.252484	 0.000010
 -3.746429	 7.567248	 3.286777	 -1.964563	 -0.815974	 -0.252485	 0.000010
 -3.746448	 7.567240	 3.286775	 -1.964561	 -0.815978	 -0.252487	 0.000010
 -3.746468	 7.567232	 3.286772	 -1.964559	 -0.815982	 -0.252489	 0.000010
 -3.746488	 7.567223	 3.286770	 -1.964557	 -0.815986	 -0.252491	 0.000010
 -3.746507	 7.567215	 3.286767	 -1.964555	 -0.815990	 -0.252492	 0.000010
 -3.746527	 7.567207	 3.286765	 -1.964553	 -0.815994	 -0.252494	 0.000010
 -3.746547	 7.567199	 3.286762	 -1.964551	 -0.815998	 -0.252496	 0.000010
 -3.746566	 7.567191	 3.286760	 -1.964549	 -0.816002	 -0.252498	 0.000010
 -3.746586	 7.567183	 3.286757	 -1.964547	 -0.816006	 -0.252499	 0.000010
 -3.746605	 7.567174	 3.286755	 -1.964545	 -0.816010	 -0.252501	 0.000010
 -3.746625	 7.567166	 3.286752	 -1.964543	 -0.816014	 -0.252503	 0.000010
 -3.746645	 7.567158	 3.286750	 -1.964541	 -0.816018	 -0.252505	 0.000010
 -3.746664	 7.567150	 3.286747	 -1.964539	 -0.816022	 -0.252506	 0.000010
 -3.746684	 7.567142	 3.286745	 -1.964537	 -0.816026	 -0.252508	 0.000010
 -3.746704	 7.567134	 3.286742	 -1.964535	 -0.816030	 -0.252510	 0.000010
 -3.746723	 7.567125	 3.286740	 -1.964534	 -0.816034	 -0.252512	 0.000010
 -3.746743	 7.567117	 3.286737	 -1.964532	 -0.816038	 -0.252513	 0.000010
 -3.746763	 7.567109	 3.286734	 -1.964530	 -0.816042	 -0.252515	 0.000010
 -3.746782	 7.567101	 3.286732	 -1.964528	 -0.816046	 -0.252517	 0.000010
 -3.746802	 7.567093	 3.286729	 -1.964526	 -0.816050	 -0.252519	 0.000010
 -3.746822	 7.567085	 3.286727	 -1.964524	 -0.816054	 -0.252520	 0.000010
 -3.746841	 7.567077	 3.286724	 -1.964522	 -0.816058	 -0.252522	 0.000010
 -3.746861	 7.567068	 3.286722	 -1.964520	 -0.816062	 -0.252524	 0.000010
 -3.746881	 7.567060	 3.286719	 -1.964518	 -0.816066	 -0.252526	 0.000010
 -3.746900	 7.567052	 3.286717	 -1.964516	 -0.816071	 -0.252527	 0.000010
 -3.746920	 7.567044	 3.286714	 -1.964514	 -0.816075	 -0.252529	 0.000010
 -3.746939	 7.567036	 3.286712	 -1.964512	 -0.816079	 -0.252531	 0.000010
 -3.746959	 7.567028	 3.286709	 -1.964510	 -0.816083	 -0.252532	 0.000010
 -3.746979	 7.567019	 3.286707	 -1.964508	 -0.816087	 -0.252534	 0.000010
 -3.746998	 7.567011	 3.286704	 -1.964506	 -0.816091	 -0.252536	 0.000010
 -3.747018	 7.567003	 3.286702	 -1.964504	 -0.816095	 -0.252538	 0.000010
 -3.747038	 7.566995	 3.286699	 -1.964502	 -0.816099	 -0.252539	 0.000010
 -3.747057	 7.566987	 3.286697	 -1.964500	 -0.816103	 -0.252541	 0.000010
 -3.747077	 7.566979	 3.286694	 -1.964498	 -0.816107	 -0.252543	 0.000010
 -3.747097	 7.566970	 3.286692	 -1.964496	 -0.816111	 -0.252545	 0.000010
 -3.747116	 7.566962	 3.286689	 -1.964494	 -0.816115	 -0.252546	 0.000010
 -3.747136	 7.566954	 3.286686	 -1.964492	 -0.816119	 -0.252548	 0.000010
 -3.747156	 7.566946	 3.286684	 -1.964490	 -0.816123	 -0.252550	 0.000010
 -3.747175	 7.566938	 3.286681	 -1.964488	 -0.816127	 -0.252552	 0.000010
 -3.747195	 7.566930	 3.286679	 -1.964486	 -0.816131	 -0.252553	 0.000010
 -3.747214	 7.566921	 3.286676	 -1.964484	 -0.816135	 -0.252555	 0.000010
 -3.747234	 7.566913	 3.286674	 -1.964482	 -0.816139	 -0.252557	 0.000010
 -3.747254	 7.566905	 3.286671	 -1.964480	 -0.816143	 -0.252559	 0.000010
 -3.747273	 7.566897	 3.286669	 -1.964478	 -0.816147	 -0.252560	 0.000010
 -3.747293	 7.566889	 3.286666	 -1.964476	 -0.816151	 -0.252562	 0.000010
 -3.747313	 7.566881	 3.286664	 -1.964474	 -0.816155	 -0.252564	 0.000010
 -3.747332	 7.566872	 3.286661	 -1.964472	 -0.816159	 -0.252566	 0.000010
 -3.747352	 7.566864	 3.286659	 -1.964470	 -0.816163	 -0.252567	 0.000010
 -3.747372	 7.566856	 3.286656	 -1.964468	 -0.816167	 -0.252569	 0.000010
 -3.747391	 7.566848	 3.286654	 -1.964466	 -0.816171	 -0.252571	 0.000010
 -3.747411	 7.566840	 3.286651	 -1.964464	 -0.816175	 -0.252573	 0.000010
 -3.747431	 7.566832	 3.286649	 -1.964462	 -0.816179	 -0.252574	 0.000010
 -3.747450	 7.566824	 3.286646	 -1.964460	 -0.816183	 -0.252576	 0.000010
 -3.747470	 7.566815	 3.286644	 -1.964458	 -0.816187	 -0.252578	 0.000010
 -3.747490	 7.566807	 3.286641	 -1.964456	 -0.816191	 -0.252580	 0.000010
 -3.747509	 7.566799	 3.286638	 -1.964454	 -0.816195	 -0.252581	 0.000010
 -3.747529	 7.566791	 3.286636	 -1.964452	 -0.816199	 -0.252583	 0.000010
 -3.747548	 7.566783	 3.286633	 -1.964450	 -0.816203	 -0.252585	 0.000010
 -3.747568	 7.566775	 3.286631	 -1.964448	 -0.816207	 -0.252587	 0.000010
 -3.747588	 7.566766	 3.286628	 -1.964446	 -0.816211	 -0.252588	 0.000010
 -3.747607	 7.566758	 3.286626	 -1.964444	 -0.816215	 -0.252590	 0.000010
 -3.747627	 7.566750	 3.286623	 -1.964442	 -0.816219	 -0.252592	 0.000010
 -3.747647	 7.566742	 3.286621	 -1.964440	 -0.816223	 -0.252594	 0.000010
 -3.747666	 7.566734	 3.286618	 -1.964438	 -0.816227	 -0.252595	 0.000010
 -3.747686	 7.566726	 3.286616	 -1.964436	 -0.816231	 -0.252597	 0.000010
 -3.747706	 7.566717	 3.286613	 -1.964434	 -0.816235	 -0.252599	 0.000010
 -3.747725	 7.566709	 3.286611	 -1.964432	 -0.816239	 -0.252601	 0.000010
 -3.747745	 7.566701	 3.286608	 -1.964430	 -0.816243	 -0.252602	 0.000010
 -3.747765	 7.566693	 3.286606	 -1.964428	 -0.816247	 -0.252604	 0.000010
 -3.747784	 7.566685	 3.286603	 -1.964426	 -0.816251	 -0.252606	 0.000010
 -3.747804	 7.566677	 3.286601	 -1.964424	 -0.816255	 -0.252607	 0.000010
 -3.747823	 7.566668	 3.286598	 -1.964422	 -0.816259	 -0.252609	 0.000010
 -3.747843	 7.566660	 3.286596	 -1.964420	 -0.816263	 -0.252611	 0.000010
 -3.747863	 7.566652	 3.286593	 -1.964418	 -0.816267	 -0.252613	 0.000010
 -3.747882	 7.566644	 3.286590	 -1.964416	 -0.816271	 -0.252614	 0.000010
 -3.747902	 7.566636	 3.286588	 -1.964414	 -0.816275	 -0.252616	 0.000010
 -3.747922	 7.566628	 3.286585	 -1.964412	 -0.816279	 -0.252618	 0.000010
 -3.747941	 7.566619	 3.286583	 -1.964410	 -0.816283	 -0.252620	 0.000010
 -3.747961	 7.566611	 3.286580	 -1.964408	 -0.816287	 -0.252621	 0.000010
 -3.747981	 7.566603	 3.286578	 -1.964406	 -0.816291	 -0.252623	 0.000010
 -3.748000	 7.566595	 3.286575	 -1.964404	 -0.816295	 -0.252625	 0.000010
 -3.748020	 7.566587	 3.286573	 -1.964402	 -0.816299	 -0.252627	 0.000010
 -3.748040	 7.566579	 3.286570	 -1.964400	 -0.816303	 -0.252628	 0.000010
 -3.748059	 7.566570	 3.286568	 -1.964398	 -0.816307	 -0.252630	 0.000010
 -3.748079	 7.566562	 3.286565	 -1.964396	 -0.816311	 -0.252632	 0.000010
 -3.748098	 7.566554	 3.286563	 -1.964394	 -0.816315	 -0.252634	 0.000010
 -3.748118	 7.566546	 3.286560	 -1.964392	 -0.816319	 -0.252635	 0.000010
 -3.748138	 7.566538	 3.286558	 -1.964390	 -0.816323	 -0.252637	 0.000010
 -3.748157	 7.566530	 3.286555	 -1.964388	 -0.816328	 -0.252639	 0.000010
 -3.748177	 7.566522	 3.286553	 -1.964386	 -0.816332	 -0.252641	 0.000010
 -3.748197	 7.566513	 3.286550	 -1.964384	 -0.816336	 -0.252642	 0.000010
 -3.748216	 7.566505	 3.286548	 -1.964382	 -0.816340	 -0.252644	 0.000010
 -3.748236	 7.566497	 3.286545	 -1.964380	 -0.816344	 -0.252646	 0.000010
 -3.748256	 7.566489	 3.286542	 -1.964378	 -0.816348	 -0.252648	 0.000010
 -3.748275	 7.566481	 3.286540	 -1.964376	 -0.816352	 -0.252649	 0.000010
 -3.748295	 7.566473	 3.286537	 -1.964374	 -0.816356	 -0.252651	 0.000010
 -3.748315	 7.566464	 3.286535	 -1.964372	 -0.816360	 -0.252653	 0.000010
 -3.748334	 7.566456	 3.286532	 -1.964370	 -0.816364	 -0.252655	 0.000010
 -3.748354	 7.566448	 3.286530	 -1.964368	 -0.816368	 -0.252656	 0.000010
 -3.748373	 7.566440	 3.286527	 -1.964366	 -0.816372	 -0.252658	 0.000010
 -3.748393	 7.566432	 3.286525	 -1.964364	 -0.816376	 -0.252660	 0.000010
 -3.748413	 7.566424	 3.286522	 -1.964362	 -0.816380	 -0.252662	 0.000010
 -3.748432	 7.566415	 3.286520	 -1.964360	 -0.816384	 -0.252663	 0.000010
 -3.748452	 7.566407	 3.286517	 -1.964358	 -0.816388	 -0.252665	 0.000010
 -3.748472	 7.566399	 3.286515	 -1.964357	 -0.816392	 -0.252667	 0.000010
 -3.748491	 7.566391	 3.286512	 -1.964355	 -0.816396	 -0.252669	 0.000010
 -3.748511	 7.566383	 3.286510	 -1.964353	 -0.816400	 -0.252670	 0.000010
 -3.748531	 7.566375	 3.286507	 -1.964351	 -0.816404	 -0.252672	 0.000010
 -3.748550	 7.566366	 3.286505	 -1.964349	 -0.816408	 -0.252674	 0.000010
 -3.748570	 7.566358	 3.286502	 -1.964347	 -0.816412	 -0.252676	 0.000010
 -3.748590	 7.566350	 3.286500	 -1.964345	 -0.816416	 -0.252677	 0.000010
 -3.748609	 7.566342	 3.286497	 -1.964343	 -0.816420	 -0.252679	 0.000010
 -3.748629	 7.566334	 3.286494	 -1.964341	 -0.816424	 -0.252681	 0.000010
 -3.748648	 7.566326	 3.286492	 -1.964339	 -0.816428	 -0.252682	 0.000010
 -3.748668	 7.566317	 3.286489	 -1.964337	 -0.816432	 -0.252684	 0.000010
 -3.748688	 7.566309	 3.286487	 -1.964335	 -0.816436	 -0.252686	 0.000010
 -3.748707	 7.566301	 3.286484	 -1.964333	 -0.816440	 -0.252688	 0.000010
 -3.748727	 7.566293	 3.286482	 -1.964331	 -0.816444	 -0.252689	 0.000010
 -3.748747	 7.566285	 3.286479	 -1.964329	 -0.816448	 -0.252691	 0.000010
 -3.748766	 7.566277	 3.286477	 -1.964327	 -0.816452	 -0.252693	 0.000010
 -3.748786	 7.566268	 3.286474	 -1.964325	 -0.816456	 -0.252695	 0.000010
 -3.748806	 7.566260	 3.286472	 -1.964323	 -0.816460	 -0.252696	 0.000010
 -3.748825	 7.566252	 3.286469	 -1.964321	 -0.816464	 -0.252698	 0.000010
 -3.748845	 7.566244	 3.286467	 -1.964319	 -0.816468	 -0.252700	 0.000010
 -3.748865	 7.566236	 3.286464	 -1.964317	 -0.816472	 -0.252702	 0.000010
 -3.748884	 7.566228	 3.286462	 -1.964315	 -0.816476	 -0.252703	 0.000010
 -3.748904	 7.566219	 3.286459	 -1.964313	 -0.816480	 -0.252705	 0.000010
 -3.748924	 7.566211	 3.286457	 -1.964311	 -0.816484	 -0.252707	 0.000010
 -3.748943	 7.566203	 3.286454	 -1.964309	 -0.816488	 -0.252709	 0.000010
 -3.748963	 7.566195	 3.286452	 -1.964307	 -0.816492	 -0.252710	 0.000010
 -3.748982	 7.566187	 3.286449	 -1.964305	 -0.816496	 -0.252712	 0.000010
 -3.749002	 7.566179	 3.286446	 -1.964303	 -0.816500	 -0.252714	 0.000010
 -3.749022	 7.566170	 3.286444	 -1.964301	 -0.816504	 -0.252716	 0.000010
 -3.749041	 7.566162	 3.286441	 -1.964299	 -0.816508	 -0.252717	 0.000010
 -3.749061	 7.566154	 3.286439	 -1.964297	 -0.816512	 -0.252719	 0.000010
 -3.749081	 7.566146	 3.286436	 -1.964295	 -0.816516	 -0.252721	 0.000010
 -3.749100	 7.566138	 3.286434	 -1.964293	 -0.816520	 -0.252723	 0.000010
 -3.749120	 7.566130	 3.286431	 -1.964291	 -0.816524	 -0.252724	 0.000010
 -3.749140	 7.566121	 3.286429	 -1.964289	 -0.816528	 -0.252726	 0.000010
 -3.749159	 7.566113	 3.286426	 -1.964287	 -0.816532	 -0.252728	 0.000010
 -3.749179	 7.566105	 3.286424	 -1.964285	 -0.816536	 -0.252730	 0.000010
 -3.749199	 7.566097	 3.286421	 -1.964283	 -0.816540	 -0.252731	 0.000010
 -3.749218	 7.566089	 3.286419	 -1.964281	 -0.816544	 -0.252733	 0.000010
 -3.749238	 7.566081	 3.286416	 -1.964279	 -0.816548	 -0.252735	 0.000010
 -3.749257	 7.566072	 3.286414	 -1.964277	 -0.816552	 -0.252737	 0.000010
 -3.749277	 7.566064	 3.286411	 -1.964275	 -0.816556	 -0.252738	 0.000010
 -3.749297	 7.566056	 3.286409	 -1.964273	 -0.816560	 -0.252740	 0.000010
 -3.749316	 7.566048	 3.286406	 -1.964271	 -0.816564	 -0.252742	 0.000010
 -3.749336	 7.566040	 3.286404	 -1.964269	 -0.816568	 -0.252744	 0.000010
 -3.749356	 7.566032	 3.286401	 -1.964267	 -0.816572	 -0.252745	 0.000010
 -3.749375	 7.566023	 3.286398	 -1.964265	 -0.816576	 -0.252747	 0.000010
 -3.749395	 7.566015	 3.286396	 -1.964263	 -0.816580	 -0.252749	 0.000010
 -3.749415	 7.566007	 3.286393	 -1.964261	 -0.816584	 -0.252750	 0.000010
 -3.749434	 7.565999	 3.286391	 -1.964259	 -0.816588	 -0.252752	 0.000010
 -3.749454	 7.565991	 3.286388	 -1.964257	 -0.816593	 -0.252754	 0.000010
 -3.749474	 7.565983	 3.286386	 -1.964255	 -0.816597	 -0.252756	 0.000010
 -3.749493	 7.565974	 3.286383	 -1.964253	 -0.816601	 -0.252757	 0.000010
 -3.749513	 7.565966	 3.286381	 -1.964251	 -0.816605	 -0.252759	 0.000010
 -3.749532	 7.565958	 3.286378	 -1.964249	 -0.816609	 -0.252761	 0.000010
 -3.749552	 7.565950	 3.286376	 -1.964247	 -0.816613	 -0.252763	 0.000010
 -3.749572	 7.565942	 3.286373	 -1.964245	 -0.816617	 -0.252764	 0.000010
 -3.749591	 7.565934	 3.286371	 -1.964243	 -0.816621	 -0.252766	 0.000010
 -3.749611	 7.565925	 3.286368	 -1.964241	 -0.816625	 -0.252768	 0.000010
 -3.749631	 7.565917	 3.286366	 -1.964239	 -0.816629	 -0.252770	 0.000010
 -3.749650	 7.565909	 3.286363	 -1.964237	 -0.816633	 -0.252771	 0.000010
 -3.749670	 7.565901	 3.286361	 -1.964235	 -0.816637	 -0.252773	 0.000010
 -3.749690	 7.565893	 3.286358	 -1.964233	 -0.816641	 -0.252775	 0.000010
 -3.749709	 7.565885	 3.286355	 -1.964231	 -0.816645	 -0.252777	 0.000010
 -3.749729	 7.565876	 3.286353	 -1.964229	 -0.816649	 -0.252778	 0.000010
 -3.749748	 7.565868	 3.286350	 -1.964227	 -0.816653	 -0.252780	 0.000010
 -3.749768	 7.565860	 3.286348	 -1.964225	 -0.816657	 -0.252782	 0.000010
 -3.749788	 7.565852	 3.286345	 -1.964223	 -0.816661	 -0.252784	 0.000010
 -3.749807	 7.565844	 3.286343	 -1.964221	 -0.816665	 -0.252785	 0.000010
 -3.749827	 7.565836	 3.286340	 -1.964219	 -0.816669	 -0.252787	 0.000010
 -3.749847	 7.565827	 3.286338	 -1.964217	 -0.816673	 -0.252789	 0.000010
 -3.749866	 7.565819	 3.286335	 -1.964215	 -0.816677	 -0.252791	 0.000010
 -3.749886	 7.565811	 3.286333	 -1.964213	 -0.816681	 -0.252792	 0.000010
 -3.749906	 7.565803	 3.286330	 -1.964211	 -0.816685	 -0.252794	 0.000010
 -3.749925	 7.565795	 3.286328	 -1.964209	 -0.816689	 -0.252796	 0.000010
 -3.749945	 7.565787	 3.286325	 -1.964207	 -0.816693	 -0.252798	 0.000010
 -3.749965	 7.565778	 3.286323	 -1.964205	 -0.816697	 -0.252799	 0.000010
 -3.749984	 7.565770	 3.286320	 -1.964203	 -0.816701	 -0.252801	 0.000010
 -3.750004	 7.565762	 3.286318	 -1.964201	 -0.816705	 -0.252803	 0.000010
 -3.750023	 7.565754	 3.286315	 -1.964199	 -0.816709	 -0.252805	 0.000010
 -3.750043	 7.565746	 3.286313	 -1.964197	 -0.816713	 -0.252806	 0.000010
 -3.750063	 7.565738	 3.286310	 -1.964195	 -0.816717	 -0.252808	 0.000010
 -3.750082	 7.565729	 3.286307	 -1.964193	 -0.816721	 -0.252810	 0.000010
 -3.750102	 7.565721	 3.286305	 -1.964191	 -0.816725	 -0.252812	 0.000010
 -3.750122	 7.565713	 3.286302	 -1.964189	 -0.816729	 -0.252813	 0.000010
 -3.750141	 7.565705	 3.286300	 -1.964187	 -0.816733	 -0.252815	 0.000010
 -3.750161	 7.565697	 3.286297	 -1.964185	 -0.816737	 -0.252817	 0.000010
 -3.750181	 7.565689	 3.286295	 -1.964183	 -0.816741	 -0.252819	 0.000010
 -3.750200	 7.565680	 3.286292	 -1.964181	 -0.816745	 -0.252820	 0.000010
 -3.750220	 7.565672	 3.286290	 -1.964179	 -0.816749	 -0.252822	 0.000010
 -3.750240	 7.565664	 3.286287	 -1.964177	 -0.816753	 -0.252824	 0.000010
 -3.750259	 7.565656	 3.286285	 -1.964175	 -0.816757	 -0.252825	 0.000010
 -3.750279	 7.565648	 3.286282	 -1.964173	 -0.816761	 -0.252827	 0.000010
 -3.750298	 7.565640	 3.286280	 -1.964171	 -0.816765	 -0.252829	 0.000010
 -3.750318	 7.565631	 3.286277	 -1.964169	 -0.816769	 -0.252831	 0.000010
 -3.750338	 7.565623	 3.286275	 -1.964167	 -0.816773	 -0.252832	 0.000010
 -3.750357	 7.565615	 3.286272	 -1.964165	 -0.816777	 -0.252834	 0.000010
 -3.750377	 7.565607	 3.286270	 -1.964164	 -0.816781	 -0.252836	 0.000010
 -3.750397	 7.565599	 3.286267	 -1.964162	 -0.816785	 -0.252838	 0.000010
 -3.750416	 7.565591	 3.286264	 -1.964160	 -0.816789	 -0.252839	 0.000010
 -3.750436	 7.565582	 3.286262	 -1.964158	 -0.816793	 -0.252841	 0.000010
 -3.750456	 7.565574	 3.286259	 -1.964156	 -0.816797	 -0.252843	 0.000010
 -3.750475	 7.565566	 3.286257	 -1.964154	 -0.816801	 -0.252845	 0.000010
 -3.750495	 7.565558	 3.286254	 -1.964152	 -0.816805	 -0.252846	 0.000010
 -3.750515	 7.565550	 3.286252	 -1.964150	 -0.816809	 -0.252848	 0.000010
 -3.750534	 7.565542	 3.286249	 -1.964148	 -0.816813	 -0.252850	 0.000010
 -3.750554	 7.565533	 3.286247	 -1.964146	 -0.816817	 -0.252852	 0.000010
 -3.750573	 7.565525	 3.286244	 -1.964144	 -0.816821	 -0.252853	 0.000010
 -3.750593	 7.565517	 3.286242	 -1.964142	 -0.816825	 -0.252855	 0.000010
 -3.750613	 7.565509	 3.286239	 -1.964140	 -0.816829	 -0.252857	 0.000010
 -3.750632	 7.565501	 3.286237	 -1.964138	 -0.816833	 -0.252859	 0.000010
 -3.750652	 7.565493	 3.286234	 -1.964136	 -0.816837	 -0.252860	 0.000010
 -3.750672	 7.565484	 3.286232	 -1.964134	 -0.816841	 -0.252862	 0.000010
 -3.750691	 7.565476	 3.286229	 -1.964132	 -0.816845	 -0.252864	 0.000010
 -3.750711	 7.565468	 3.286227	 -1.964130	 -0.816849	 -0.252866	 0.000010
 -3.750731	 7.565460	 3.286224	 -1.964128	 -0.816853	 -0.252867	 0.000010
 -3.750750	 7.565452	 3.286221	 -1.964126	 -0.816857	 -0.252869	 0.000010
 -3.750770	 7.565444	 3.286219	 -1.964124	 -0.816861	 -0.252871	 0.000010
 -3.750790	 7.565435	 3.286216	 -1.964122	 -0.816866	 -0.252873	 0.000010
 -3.750809	 7.565427	 3.286214	 -1.964120	 -0.816870	 -0.252874	 0.000010
 -3.750829	 7.565419	 3.286211	 -1.964118	 -0.816874	 -0.252876	 0.000010
 -3.750848	 7.565411	 3.286209	 -1.964116	 -0.816878	 -0.252878	 0.000010
 -3.750868	 7.565403	 3.286206	 -1.964114	 -0.816882	 -0.252880	 0.000010
 -3.750888	 7.565395	 3.286204	 -1.964112	 -0.816886	 -0.252881	 0.000010
 -3.750907	 7.565386	 3.286201	 -1.964110	 -0.816890	 -0.252883	 0.000010
 -3.750927	 7.565378	 3.286199	 -1.964108	 -0.816894	 -0.252885	 0.000010
 -3.750947	 7.565370	 3.286196	 -1.964106	 -0.816898	 -0.252887	 0.000010
 -3.750966	 7.565362	 3.286194	 -1.964104	 -0.816902	 -0.252888	 0.000010
 -3.750986	 7.565354	 3.286191	 -1.964102	 -0.816906	 -0.252890	 0.000010
 -3.751006	 7.565346	 3.286189	 -1.964100	 -0.816910	 -0.252892	 0.000010
 -3.751025	 7.565337	 3.286186	 -1.964098	 -0.816914	 -0.252893	 0.000010
 -3.751045	 7.565329	 3.286184	 -1.964096	 -0.816918	 -0.252895	 0.000010
 -3.751064	 7.565321	 3.286181	 -1.964094	 -0.816922	 -0.252897	 0.000010
 -3.751084	 7.565313	 3.286179	 -1.964092	 -0.816926	 -0.252899	 0.000010
 -3.751104	 7.565305	 3.286176	 -1.964090	 -0.816930	 -0.252900	 0.000010
 -3.751123	 7.565297	 3.286173	 -1.964088	 -0.816934	 -0.252902	 0.000010
 -3.751143	 7.565288	 3.286171	 -1.964086	 -0.816938	 -0.252904	 0.000010
 -3.751163	 7.565280	 3.286168	 -1.964084	 -0.816942	 -0.252906	 0.000010
 -3.751182	 7.565272	 3.286166	 -1.964082	 -0.816946	 -0.252907	 0.000010
 -3.751202	 7.565264	 3.286163	 -1.964080	 -0.816950	 -0.252909	 0.000010
 -3.751222	 7.565256	 3.286161	 -1.964078	 -0.816954	 -0.252911	 0.000010
 -3.751241	 7.565248	 3.286158	 -1.964076	 -0.816958	 -0.252913	 0.000010
 -3.751261	 7.565239	 3.286156	 -1.964074	 -0.816962	 -0.252914	 0.000010
 -3.751281	 7.565231	 3.286153	 -1.964072	 -0.816966	 -0.252916	 0.000010
 -3.751300	 7.565223	 3.286151	 -1.964070	 -0.816970	 -0.252918	 0.000010
 -3.751320	 7.565215	 3.286148	 -1.964068	 -0.816974	 -0.252920	 0.000010
 -3.751339	 7.565207	 3.286146	 -1.964066	 -0.816978	 -0.252921	 0.000010
 -3.751359	 7.565199	 3.286143	 -1.964064	 -0.816982	 -0.252923	 0.000010
 -3.751379	 7.565190	 3.286141	 -1.964062	 -0.816986	 -0.252925	 0.000010
 -3.751398	 7.565182	 3.286138	 -1.964060	 -0.816990	 -0.252927	 0.000010
 -3.751418	 7.565174	 3.286136	 -1.964058	 -0.816994	 -0.252928	 0.000010
 -3.751438	 7.565166	 3.286133	 -1.964056	 -0.816998	 -0.252930	 0.000010
 -3.751457	 7.565158	 3.286130	 -1.964054	 -0.817002	 -0.252932	 0.000010
 -3.751477	 7.565150	 3.286128	 -1.964052	 -0.817006	 -0.252934	 0.000010
 -3.751497	 7.565141	 3.286125	 -1.964050	 -0.817010	 -0.252935	 0.000010
 -3.751516	 7.565133	 3.286123	 -1.964048	 -0.817014	 -0.252937	 0.000010
 -3.751536	 7.565125	 3.286120	 -1.964046	 -0.817018	 -0.252939	 0.000010
 -3.751555	 7.565117	 3.286118	 -1.964044	 -0.817022	 -0.252941	 0.000010
 -3.751575	 7.565109	 3.286115	 -1.964042	 -0.817026	 -0.252942	 0.000010
 -3.751595	 7.565100	 3.286113	 -1.964040	 -0.817030	 -0.252944	 0.000010
 -3.751614	 7.565092	 3.286110	 -1.964038	 -0.817034	 -0.252946	 0.000010
 -3.751634	 7.565084	 3.286108	 -1.964036	 -0.817038	 -0.252948	 0.000010
 -3.751654	 7.565076	 3.286105	 -1.964034	 -0.817042	 -0.252949	 0.000010
 -3.751673	 7.565068	 3.286103	 -1.964032	 -0.817046	 -0.252951	 0.000010
 -3.751693	 7.565060	 3.286100	 -1.964030	 -0.817050	 -0.252953	 0.000010
 -3.751713	 7.565051	 3.286098	 -1.964028	 -0.817054	 -0.252955	 0.000010
 -3.751732	 7.565043	 3.286095	 -1.964026	 -0.817058	 -0.252956	 0.000010
 -3.751752	 7.565035	 3.286093	 -1.964024	 -0.817062	 -0.252958	 0.000010
 -3.751772	 7.565027	 3.286090	 -1.964022	 -0.817066	 -0.252960	 0.000010
 -3.751791	 7.565019	 3.286087	 -1.964020	 -0.817070	 -0.252962	 0.000010
 -3.751811	 7.565011	 3.286085	 -1.964018	 -0.817074	 -0.252963	 0.000010
 -3.751830	 7.565002	 3.286082	 -1.964016	 -0.817078	 -0.252965	 0.000010
 -3.751850	 7.564994	 3.286080	 -1.964014	 -0.817082	 -0.252967	 0.000010
 -3.751870	 7.564986	 3.286077	 -1.964012	 -0.817086	 -0.252968	 0.000010
 -3.751889	 7.564978	 3.286075	 -1.964010	 -0.817090	 -0.252970	 0.000010
 -3.751909	 7.564970	 3.286072	 -1.964008	 -0.817094	 -0.252972	 0.000010
 -3.751929	 7.564962	 3.286070	 -1.964006	 -0.817098	 -0.252974	 0.000010
 -3.751948	 7.564953	 3.286067	 -1.964004	 -0.817102	 -0.252975	 0.000010
 -3.751968	 7.564945	 3.286065	 -1.964002	 -0.817106	 -0.252977	 0.000010
 -3.751988	 7.564937	 3.286062	 -1.964000	 -0.817110	 -0.252979	 0.000010
 -3.752007	 7.564929	 3.286060	 -1.963998	 -0.817114	 -0.252981	 0.000010
 -3.752027	 7.564921	 3.286057	 -1.963996	 -0.817118	 -0.252982	 0.000010
 -3.752047	 7.564913	 3.286055	 -1.963994	 -0.817122	 -0.252984	 0.000010
 -3.752066	 7.564904	 3.286052	 -1.963992	 -0.817126	 -0.252986	 0.000010
 -3.752086	 7.564896	 3.286050	 -1.963990	 -0.817130	 -0.252988	 0.000010
 -3.752105	 7.564888	 3.286047	 -1.963988	 -0.817134	 -0.252989	 0.000010
 -3.752125	 7.564880	 3.286044	 -1.963986	 -0.817139	 -0.252991	 0.000010
 -3.752145	 7.564872	 3.286042	 -1.963984	 -0.817143	 -0.252993	 0.000010
 -3.752164	 7.564864	 3.286039	 -1.963982	 -0.817147	 -0.252995	 0.000010
 -3.752184	 7.564855	 3.286037	 -1.963980	 -0.817151	 -0.252996	 0.000010
 -3.752204	 7.564847	 3.286034	 -1.963978	 -0.817155	 -0.252998	 0.000010
 -3.752223	 7.564839	 3.286032	 -1.963976	 -0.817159	 -0.253000	 0.000010
 -3.752243	 7.564831	 3.286029	 -1.963974	 -0.817163	 -0.253002	 0.000010
 -3.752263	 7.564823	 3.286027	 -1.963972	 -0.817167	 -0.253003	 0.000010
 -3.752282	 7.564814	 3.286024	 -1.963970	 -0.817171	 -0.253005	 0.000010
 -3.752302	 7.564806	 3.286022	 -1.963968	 -0.817175	 -0.253007	 0.000010
 -3.752321	 7.564798	 3.286019	 -1.963966	 -0.817179	 -0.253009	 0.000010
 -3.752341	 7.564790	 3.286017	 -1.963964	 -0.817183	 -0.253010	 0.000010
 -3.752361	 7.564782	 3.286014	 -1.963962	 -0.817187	 -0.253012	 0.000010
 -3.752380	 7.564774	 3.286012	 -1.963960	 -0.817191	 -0.253014	 0.000010
 -3.752400	 7.564765	 3.286009	 -1.963958	 -0.817195	 -0.253016	 0.000010
 -3.752420	 7.564757	 3.286006	 -1.963956	 -0.817199	 -0.253017	 0.000010
 -3.752439	 7.564749	 3.286004	 -1.963954	 -0.817203	 -0.253019	 0.000010
 -3.752459	 7.564741	 3.286001	 -1.963952	 -0.817207	 -0.253021	 0.000010
 -3.752479	 7.564733	 3.285999	 -1.963950	 -0.817211	 -0.253023	 0.000010
 -3.752498	 7.564725	 3.285996	 -1.963949	 -0.817215	 -0.253024	 0.000010
 -3.752518	 7.564716	 3.285994	 -1.963947	 -0.817219	 -0.253026	 0.000010
 -3.752537	 7.564708	 3.285991	 -1.963945	 -0.817223	 -0.253028	 0.000010
 -3.752557	 7.564700	 3.285989	 -1.963943	 -0.817227	 -0.253030	 0.000010
 -3.752577	 7.564692	 3.285986	 -1.963941	 -0.817231	 -0.253031	 0.000010
 -3.752596	 7.564684	 3.285984	 -1.963939	 -0.817235	 -0.253033	 0.000010
 -3.752616	 7.564676	 3.285981	 -1.963937	 -0.817239	 -0.253035	 0.000010
 -3.752636	 7.564667	 3.285979	 -1.963935	 -0.817243	 -0.253036	 0.000010
 -3.752655	 7.564659	 3.285976	 -1.963933	 -0.817247	 -0.253038	 0.000010
 -3.752675	 7.564651	 3.285974	 -1.963931	 -0.817251	 -0.253040	 0.000010
 -3.752695	 7.564643	 3.285971	 -1.963929	 -0.817255	 -0.253042	 0.000010
 -3.752714	 7.564635	 3.285969	 -1.963927	 -0.817259	 -0.253043	 0.000010
 -3.752734	 7.564627	 3.285966	 -1.963925	 -0.817263	 -0.253045	 0.000010
 -3.752754	 7.564618	 3.285963	 -1.963923	 -0.817267	 -0.253047	 0.000010
 -3.752773	 7.564610	 3.285961	 -1.963921	 -0.817271	 -0.253049	 0.000010
 -3.752793	 7.564602	 3.285958	 -1.963919	 -0.817275	 -0.253050	 0.000010
 -3.752812	 7.564594	 3.285956	 -1.963917	 -0.817279	 -0.253052	 0.000010
 -3.752832	 7.564586	 3.285953	 -1.963915	 -0.817283	 -0.253054	 0.000010
 -3.752852	 7.564578	 3.285951	 -1.963913	 -0.817287	 -0.253056	 0.000010
 -3.752871	 7.564569	 3.285948	 -1.963911	 -0.817291	 -0.253057	 0.000010
 -3.752891	 7.564561	 3.285946	 -1.963909	 -0.817295	 -0.253059	 0.000010
 -3.752911	 7.564553	 3.285943	 -1.963907	 -0.817299	 -0.253061	 0.000010
 -3.752930	 7.564545	 3.285941	 -1.963905	 -0.817303	 -0.253063	 0.000010
 -3.752950	 7.564537	 3.285938	 -1.963903	 -0.817307	 -0.253064	 0.000010
 -3.752970	 7.564528	 3.285936	 -1.963901	 -0.817311	 -0.253066	 0.000010
 -3.752989	 7.564520	 3.285933	 -1.963899	 -0.817315	 -0.253068	 0.000010
 -3.753009	 7.564512	 3.285931	 -1.963897	 -0.817319	 -0.253070	 0.000010
 -3.753028	 7.564504	 3.285928	 -1.963895	 -0.817323	 -0.253071	 0.000010
 -3.753048	 7.564496	 3.285926	 -1.963893	 -0.817327	 -0.253073	 0.000010
 -3.753068	 7.564488	 3.285923	 -1.963891	 -0.817331	 -0.253075	 0.000010
 -3.753087	 7.564479	 3.285920	 -1.963889	 -0.817335	 -0.253077	 0.000010
 -3.753107	 7.564471	 3.285918	 -1.963887	 -0.817339	 -0.253078	 0.000010
 -3.753127	 7.564463	 3.285915	 -1.963885	 -0.817343	 -0.253080	 0.000010
 -3.753146	 7.564455	 3.285913	 -1.963883	 -0.817347	 -0.253082	 0.000010
 -3.753166	 7.564447	 3.285910	 -1.963881	 -0.817351	 -0.253084	 0.000010
 -3.753186	 7.564439	 3.285908	 -1.963879	 -0.817355	 -0.253085	 0.000010
 -3.753205	 7.564430	 3.285905	 -1.963877	 -0.817359	 -0.253087	 0.000010
 -3.753225	 7.564422	 3.285903	 -1.963875	 -0.817363	 -0.253089	 0.000010
 -3.753245	 7.564414	 3.285900	 -1.963873	 -0.817367	 -0.253091	 0.000010
 -3.753264	 7.564406	 3.285898	 -1.963871	 -0.817371	 -0.253092	 0.000010
 -3.753284	 7.564398	 3.285895	 -1.963869	 -0.817375	 -0.253094	 0.000010
 -3.753303	 7.564390	 3.285893	 -1.963867	 -0.817379	 -0.253096	 0.000010
 -3.753323	 7.564381	 3.285890	 -1.963865	 -0.817383	 -0.253098	 0.000010
 -3.753343	 7.564373	 3.285888	 -1.963863	 -0.817387	 -0.253099	 0.000010
 -3.753362	 7.564365	 3.285885	 -1.963861	 -0.817391	 -0.253101	 0.000010
 -3.753382	 7.564357	 3.285882	 -1.963859	 -0.817395	 -0.253103	 0.000010
 -3.753402	 7.564349	 3.285880	 -1.963857	 -0.817399	 -0.253104	 0.000010
 -3.753421	 7.564340	 3.285877	 -1.963855	 -0.817403	 -0.253106	 0.000010
 -3.753441	 7.564332	 3.285875	 -1.963853	 -0.817407	 -0.253108	 0.000010
 -3.753461	 7.564324	 3.285872	 -1.963851	 -0.817411	 -0.253110	 0.000010
 -3.753480	 7.564316	 3.285870	 -1.963849	 -0.817415	 -0.253111	 0.000010
 -3.753500	 7.564308	 3.285867	 -1.963847	 -0.817419	 -0.253113	 0.000010
 -3.753519	 7.564300	 3.285865	 -1.963845	 -0.817424	 -0.253115	 0.000010
 -3.753539	 7.564291	 3.285862	 -1.963843	 -0.817428	 -0.253117	 0.000010
 -3.753559	 7.564283	 3.285860	 -1.963841	 -0.817432	 -0.253118	 0.000010
 -3.753578	 7.564275	 3.285857	 -1.963839	 -0.817436	 -0.253120	 0.000010
 -3.753598	 7.564267	 3.285855	 -1.963837	 -0.817440	 -0.253122	 0.000010
 -3.753618	 7.564259	 3.285852	 -1.963835	 -0.817444	 -0.253124	 0.000010
 -3.753637	 7.564251	 3.285850	 -1.963833	 -0.817448	 -0.253125	 0.000010
 -3.753657	 7.564242	 3.285847	 -1.963831	 -0.817452	 -0.253127	 0.000010
 -3.753677	 7.564234	 3.285845	 -1.963829	 -0.817456	 -0.253129	 0.000010
 -3.753696	 7.564226	 3.285842	 -1.963827	 -0.817460	 -0.253131	 0.000010
 -3.753716	 7.564218	 3.285839	 -1.963825	 -0.817464	 -0.253132	 0.000010
 -3.753735	 7.564210	 3.285837	 -1.963823	 -0.817468	 -0.253134	 0.000010
 -3.753755	 7.564202	 3.285834	 -1.963821	 -0.817472	 -0.253136	 0.000010
 -3.753775	 7.564193	 3.285832	 -1.963819	 -0.817476	 -0.253138	 0.000010
 -3.753794	 7.564185	 3.285829	 -1.963817	 -0.817480	 -0.253139	 0.000010
 -3.753814	 7.564177	 3.285827	 -1.963815	 -0.817484	 -0.253141	 0.000010
 -3.753834	 7.564169	 3.285824	 -1.963813	 -0.817488	 -0.253143	 0.000010
 -3.753853	 7.564161	 3.285822	 -1.963811	 -0.817492	 -0.253145	 0.000010
 -3.753873	 7.564152	 3.285819	 -1.963809	 -0.817496	 -0.253146	 0.000010
 -3.753893	 7.564144	 3.285817	 -1.963807	 -0.817500	 -0.253148	 0.000010
 -3.753912	 7.564136	 3.285814	 -1.963805	 -0.817504	 -0.253150	 0.000010
 -3.753932	 7.564128	 3.285812	 -1.963803	 -0.817508	 -0.253152	 0.000010
 -3.753951	 7.564120	 3.285809	 -1.963801	 -0.817512	 -0.253153	 0.000010
 -3.753971	 7.564112	 3.285807	 -1.963799	 -0.817516	 -0.253155	 0.000010
 -3.753991	 7.564103	 3.285804	 -1.963797	 -0.817520	 -0.253157	 0.000010
 -3.754010	 7.564095	 3.285801	 -1.963795	 -0.817524	 -0.253159	 0.000010
 -3.754030	 7.564087	 3.285799	 -1.963793	 -0.817528	 -0.253160	 0.000010
 -3.754050	 7.564079	 3.285796	 -1.963791	 -0.817532	 -0.253162	 0.000010
 -3.754069	 7.564071	 3.285794	 -1.963789	 -0.817536	 -0.253164	 0.000010
 -3.754089	 7.564063	 3.285791	 -1.963787	 -0.817540	 -0.253166	 0.000010
 -3.754109	 7.564054	 3.285789	 -1.963785	 -0.817544	 -0.253167	 0.000010
 -3.754128	 7.564046	 3.285786	 -1.963783	 -0.817548	 -0.253169	 0.000010
 -3.754148	 7.564038	 3.285784	 -1.963781	 -0.817552	 -0.253171	 0.000010
 -3.754168	 7.564030	 3.285781	 -1.963779	 -0.817556	 -0.253172	 0.000010
 -3.754187	 7.564022	 3.285779	 -1.963777	 -0.817560	 -0.253174	 0.000010
 -3.754207	 7.564013	 3.285776	 -1.963775	 -0.817564	 -0.253176	 0.000010
 -3.754226	 7.564005	 3.285774	 -1.963773	 -0.817568	 -0.253178	 0.000010
 -3.754246	 7.563997	 3.285771	 -1.963771	 -0.817572	 -0.253179	 0.000010
 -3.754266	 7.563989	 3.285769	 -1.963769	 -0.817576	 -0.253181	 0.000010
 -3.754285	 7.563981	 3.285766	 -1.963767	 -0.817580	 -0.253183	 0.000010
 -3.754305	 7.563973	 3.285764	 -1.963765	 -0.817584	 -0.253185	 0.000010
 -3.754325	 7.563964	 3.285761	 -1.963763	 -0.817588	 -0.253186	 0.000010
 -3.754344	 7.563956	 3.285758	 -1.963761	 -0.817592	 -0.253188	 0.000010
 -3.754364	 7.563948	 3.285756	 -1.963759	 -0.817596	 -0.253190	 0.000010
 -3.754384	 7.563940	 3.285753	 -1.963757	 -0.817600	 -0.253192	 0.000010
 -3.754403	 7.563932	 3.285751	 -1.963755	 -0.817604	 -0.253193	 0.000010
 -3.754423	 7.563924	 3.285748	 -1.963753	 -0.817608	 -0.253195	 0.000010
 -3.754442	 7.563915	 3.285746	 -1.963751	 -0.817612	 -0.253197	 0.000010
 -3.754462	 7.563907	 3.285743	 -1.963749	 -0.817616	 -0.253199	 0.000010
 -3.754482	 7.563899	 3.285741	 -1.963747	 -0.817620	 -0.253200	 0.000010
 -3.754501	 7.563891	 3.285738	 -1.963745	 -0.817624	 -0.253202	 0.000010
 -3.754521	 7.563883	 3.285736	 -1.963743	 -0.817628	 -0.253204	 0.000010
 -3.754541	 7.563874	 3.285733	 -1.963741	 -0.817632	 -0.253206	 0.000010
 -3.754560	 7.563866	 3.285731	 -1.963739	 -0.817636	 -0.253207	 0.000010
 -3.754580	 7.563858	 3.285728	 -1.963737	 -0.817640	 -0.253209	 0.000010
 -3.754600	 7.563850	 3.285726	 -1.963735	 -0.817644	 -0.253211	 0.000010
 -3.754619	 7.563842	 3.285723	 -1.963733	 -0.817648	 -0.253213	 0.000010
 -3.754639	 7.563834	 3.285720	 -1.963731	 -0.817652	 -0.253214	 0.000010
 -3.754658	 7.563825	 3.285718	 -1.963729	 -0.817656	 -0.253216	 0.000010
 -3.754678	 7.563817	 3.285715	 -1.963727	 -0.817660	 -0.253218	 0.000010
 -3.754698	 7.563809	 3.285713	 -1.963725	 -0.817664	 -0.253220	 0.000010
 -3.754717	 7.563801	 3.285710	 -1.963723	 -0.817668	 -0.253221	 0.000010
 -3.754737	 7.563793	 3.285708	 -1.963721	 -0.817672	 -0.253223	 0.000010
 -3.754757	 7.563785	 3.285705	 -1.963719	 -0.817676	 -0.253225	 0.000010
 -3.754776	 7.563776	 3.285703	 -1.963717	 -0.817680	 -0.253227	 0.000010
 -3.754796	 7.563768	 3.285700	 -1.963715	 -0.817684	 -0.253228	 0.000010
 -3.754816	 7.563760	 3.285698	 -1.963713	 -0.817688	 -0.253230	 0.000010
 -3.754835	 7.563752	 3.285695	 -1.963711	 -0.817692	 -0.253232	 0.000010
 -3.754855	 7.563744	 3.285693	 -1.963709	 -0.817696	 -0.253234	 0.000010
 -3.754874	 7.563735	 3.285690	 -1.963707	 -0.817700	 -0.253235	 0.000010
 -3.754894	 7.563727	 3.285688	 -1.963705	 -0.817704	 -0.253237	 0.000010
 -3.754914	 7.563719	 3.285685	 -1.963704	 -0.817708	 -0.253239	 0.000010
 -3.754933	 7.563711	 3.285682	 -1.963702	 -0.817713	 -0.253240	 0.000010
 -3.754953	 7.563703	 3.285680	 -1.963700	 -0.817717	 -0.253242	 0.000010
 -3.754973	 7.563695	 3.285677	 -1.963698	 -0.817721	 -0.253244	 0.000010
 -3.754992	 7.563686	 3.285675	 -1.963696	 -0.817725	 -0.253246	 0.000010
 -3.755012	 7.563678	 3.285672	 -1.963694	 -0.817729	 -0.253247	 0.000010
 -3.755032	 7.563670	 3.285670	 -1.963692	 -0.817733	 -0.253249	 0.000010
 -3.755051	 7.563662	 3.285667	 -1.963690	 -0.817737	 -0.253251	 0.000010
 -3.755071	 7.563654	 3.285665	 -1.963688	 -0.817741	 -0.253253	 0.000010
 -3.755090	 7.563646	 3.285662	 -1.963686	 -0.817745	 -0.253254	 0.000010
 -3.755110	 7.563637	 3.285660	 -1.963684	 -0.817749	 -0.253256	 0.000010
 -3.755130	 7.563629	 3.285657	 -1.963682	 -0.817753	 -0.253258	 0.000010
 -3.755149	 7.563621	 3.285655	 -1.963680	 -0.817757	 -0.253260	 0.000010
 -3.755169	 7.563613	 3.285652	 -1.963678	 -0.817761	 -0.253261	 0.000010
 -3.755189	 7.563605	 3.285650	 -1.963676	 -0.817765	 -0.253263	 0.000010
 -3.755208	 7.563596	 3.285647	 -1.963674	 -0.817769	 -0.253265	 0.000010
 -3.755228	 7.563588	 3.285644	 -1.963672	 -0.817773	 -0.253267	 0.000010
 -3.755248	 7.563580	 3.285642	 -1.963670	 -0.817777	 -0.253268	 0.000010
 -3.755267	 7.563572	 3.285639	 -1.963668	 -0.817781	 -0.253270	 0.000010
 -3.755287	 7.563564	 3.285637	 -1.963666	 -0.817785	 -0.253272	 0.000010
 -3.755306	 7.563556	 3.285634	 -1.963664	 -0.817789	 -0.253274	 0.000010
 -3.755326	 7.563547	 3.285632	 -1.963662	 -0.817793	 -0.253275	 0.000010
 -3.755346	 7.563539	 3.285629	 -1.963660	 -0.817797	 -0.253277	 0.000010
 -3.755365	 7.563531	 3.285627	 -1.963658	 -0.817801	 -0.253279	 0.000010
 -3.755385	 7.563523	 3.285624	 -1.963656	 -0.817805	 -0.253281	 0.000010
 -3.755405	 7.563515	 3.285622	 -1.963654	 -0.817809	 -0.253282	 0.000010
 -3.755424	 7.563507	 3.285619	 -1.963652	 -0.817813	 -0.253284	 0.000010
 -3.755444	 7.563498	 3.285617	 -1.963650	 -0.817817	 -0.253286	 0.000010
 -3.755464	 7.563490	 3.285614	 -1.963648	 -0.817821	 -0.253288	 0.000010
 -3.755483	 7.563482	 3.285612	 -1.963646	 -0.817825	 -0.253289	 0.000010
 -3.755503	 7.563474	 3.285609	 -1.963644	 -0.817829	 -0.253291	 0.000010
 -3.755522	 7.563466	 3.285607	 -1.963642	 -0.817833	 -0.253293	 0.000010
 -3.755542	 7.563457	 3.285604	 -1.963640	 -0.817837	 -0.253295	 0.000010
 -3.755562	 7.563449	 3.285601	 -1.963638	 -0.817841	 -0.253296	 0.000010
 -3.755581	 7.563441	 3.285599	 -1.963636	 -0.817845	 -0.253298	 0.000010
 -3.755601	 7.563433	 3.285596	 -1.963634	 -0.817849	 -0.253300	 0.000010
 -3.755621	 7.563425	 3.285594	 -1.963632	 -0.817853	 -0.253302	 0.000010
 -3.755640	 7.563417	 3.285591	 -1.963630	 -0.817857	 -0.253303	 0.000010
 -3.755660	 7.563408	 3.285589	 -1.963628	 -0.817861	 -0.253305	 0.000010
 -3.755680	 7.563400	 3.285586	 -1.963626	 -0.817865	 -0.253307	 0.000010
 -3.755699	 7.563392	 3.285584	 -1.963624	 -0.817869	 -0.253308	 0.000010
 -3.755719	 7.563384	 3.285581	 -1.963622	 -0.817873	 -0.253310	 0.000010
 -3.755738	 7.563376	 3.285579	 -1.963620	 -0.817877	 -0.253312	 0.000010
 -3.755758	 7.563367	 3.285576	 -1.963618	 -0.817881	 -0.253314	 0.000010
 -3.755778	 7.563359	 3.285574	 -1.963616	 -0.817885	 -0.253315	 0.000010
 -3.755797	 7.563351	 3.285571	 -1.963614	 -0.817889	 -0.253317	 0.000010
 -3.755817	 7.563343	 3.285569	 -1.963612	 -0.817893	 -0.253319	 0.000010
 -3.755837	 7.563335	 3.285566	 -1.963610	 -0.817897	 -0.253321	 0.000010
 -3.755856	 7.563327	 3.285563	 -1.963608	 -0.817901	 -0.253322	 0.000010
 -3.755876	 7.563318	 3.285561	 -1.963606	 -0.817905	 -0.253324	 0.000010
 -3.755896	 7.563310	 3.285558	 -1.963604	 -0.817909	 -0.253326	 0.000010
 -3.755915	 7.563302	 3.285556	 -1.963602	 -0.817913	 -0.253328	 0.000010
 -3.755935	 7.563294	 3.285553	 -1.963600	 -0.817917	 -0.253329	 0.000010
 -3.755954	 7.563286	 3.285551	 -1.963598	 -0.817921	 -0.253331	 0.000010
 -3.755974	 7.563278	 3.285548	 -1.963596	 -0.817925	 -0.253333	 0.000010
 -3.755994	 7.563269	 3.285546	 -1.963594	 -0.817929	 -0.253335	 0.000010
 -3.756013	 7.563261	 3.285543	 -1.963592	 -0.817933	 -0.253336	 0.000010
 -3.756033	 7.563253	 3.285541	 -1.963590	 -0.817937	 -0.253338	 0.000010
 -3.756053	 7.563245	 3.285538	 -1.963588	 -0.817941	 -0.253340	 0.000010
 -3.756072	 7.563237	 3.285536	 -1.963586	 -0.817945	 -0.253342	 0.000010
 -3.756092	 7.563228	 3.285533	 -1.963584	 -0.817949	 -0.253343	 0.000010
 -3.756112	 7.563220	 3.285531	 -1.963582	 -0.817953	 -0.253345	 0.000010
 -3.756131	 7.563212	 3.285528	 -1.963580	 -0.817957	 -0.253347	 0.000010
 -3.756151	 7.563204	 3.285525	 -1.963578	 -0.817961	 -0.253349	 0.000010
 -3.756170	 7.563196	 3.285523	 -1.963576	 -0.817965	 -0.253350	 0.000010
 -3.756190	 7.563188	 3.285520	 -1.963574	 -0.817969	 -0.253352	 0.000010
 -3.756210	 7.563179	 3.285518	 -1.963572	 -0.817973	 -0.253354	 0.000010
 -3.756229	 7.563171	 3.285515	 -1.963570	 -0.817977	 -0.253356	 0.000010
 -3.756249	 7.563163	 3.285513	 -1.963568	 -0.817981	 -0.253357	 0.000010
 -3.756269	 7.563155	 3.285510	 -1.963566	 -0.817985	 -0.253359	 0.000010
 -3.756288	 7.563147	 3.285508	 -1.963564	 -0.817989	 -0.253361	 0.000010
 -3.756308	 7.563138	 3.285505	 -1.963562	 -0.817993	 -0.253363	 0.000010
 -3.756328	 7.563130	 3.285503	 -1.963560	 -0.817997	 -0.253364	 0.000010
 -3.756347	 7.563122	 3.285500	 -1.963558	 -0.818001	 -0.253366	 0.000010
 -3.756367	 7.563114	 3.285498	 -1.963556	 -0.818005	 -0.253368	 0.000010
 -3.756386	 7.563106	 3.285495	 -1.963554	 -0.818010	 -0.253370	 0.000010
 -3.756406	 7.563098	 3.285493	 -1.963552	 -0.818014	 -0.253371	 0.000010
 -3.756426	 7.563089	 3.285490	 -1.963550	 -0.818018	 -0.253373	 0.000010
 -3.756445	 7.563081	 3.285487	 -1.963548	 -0.818022	 -0.253375	 0.000010
 -3.756465	 7.563073	 3.285485	 -1.963546	 -0.818026	 -0.253376	 0.000010
 -3.756485	 7.563065	 3.285482	 -1.963544	 -0.818030	 -0.253378	 0.000010
 -3.756504	 7.563057	 3.285480	 -1.963542	 -0.818034	 -0.253380	 0.000010
 -3.756524	 7.563048	 3.285477	 -1.963540	 -0.818038	 -0.253382	 0.000010
 -3.756544	 7.563040	 3.285475	 -1.963538	 -0.818042	 -0.253383	 0.000010
 -3.756563	 7.563032	 3.285472	 -1.963536	 -0.818046	 -0.253385	 0.000010
 -3.756583	 7.563024	 3.285470	 -1.963534	 -0.818050	 -0.253387	 0.000010
 -3.756602	 7.563016	 3.285467	 -1.963532	 -0.818054	 -0.253389	 0.000010
 -3.756622	 7.563008	 3.285465	 -1.963530	 -0.818058	 -0.253390	 0.000010
 -3.756642	 7.562999	 3.285462	 -1.963528	 -0.818062	 -0.253392	 0.000010
 -3.756661	 7.562991	 3.285460	 -1.963526	 -0.818066	 -0.253394	 0.000010
 -3.756681	 7.562983	 3.285457	 -1.963524	 -0.818070	 -0.253396	 0.000010
 -3.756701	 7.562975	 3.285455	 -1.963522	 -0.818074	 -0.253397	 0.000010
 -3.756720	 7.562967	 3.285452	 -1.963520	 -0.818078	 -0.253399	 0.000010
 -3.756740	 7.562958	 3.285449	 -1.963518	 -0.818082	 -0.253401	 0.000010
 -3.756760	 7.562950	 3.285447	 -1.963516	 -0.818086	 -0.253403	 0.000010
 -3.756779	 7.562942	 3.285444	 -1.963514	 -0.818090	 -0.253404	 0.000010
 -3.756799	 7.562934	 3.285442	 -1.963512	 -0.818094	 -0.253406	 0.000010
 -3.756818	 7.562926	 3.285439	 -1.963510	 -0.818098	 -0.253408	 0.000010
 -3.756838	 7.562918	 3.285437	 -1.963508	 -0.818102	 -0.253410	 0.000010
 -3.756858	 7.562909	 3.285434	 -1.963506	 -0.818106	 -0.253411	 0.000010
 -3.756877	 7.562901	 3.285432	 -1.963504	 -0.818110	 -0.253413	 0.000010
 -3.756897	 7.562893	 3.285429	 -1.963502	 -0.818114	 -0.253415	 0.000010
 -3.756917	 7.562885	 3.285427	 -1.963500	 -0.818118	 -0.253417	 0.000010
 -3.756936	 7.562877	 3.285424	 -1.963498	 -0.818122	 -0.253418	 0.000010
 -3.756956	 7.562869	 3.285422	 -1.963496	 -0.818126	 -0.253420	 0.000010
 -3.756976	 7.562860	 3.285419	 -1.963494	 -0.818130	 -0.253422	 0.000010
 -3.756995	 7.562852	 3.285416	 -1.963492	 -0.818134	 -0.253424	 0.000010
 -3.757015	 7.562844	 3.285414	 -1.963490	 -0.818138	 -0.253425	 0.000010
 -3.757034	 7.562836	 3.285411	 -1.963488	 -0.818142	 -0.253427	 0.000010
 -3.757054	 7.562828	 3.285409	 -1.963486	 -0.818146	 -0.253429	 0.000010
 -3.757074	 7.562819	 3.285406	 -1.963484	 -0.818150	 -0.253431	 0.000010
 -3.757093	 7.562811	 3.285404	 -1.963482	 -0.818154	 -0.253432	 0.000010
 -3.757113	 7.562803	 3.285401	 -1.963480	 -0.818158	 -0.253434	 0.000010
 -3.757133	 7.562795	 3.285399	 -1.963478	 -0.818162	 -0.253436	 0.000010
 -3.757152	 7.562787	 3.285396	 -1.963476	 -0.818166	 -0.253438	 0.000010
 -3.757172	 7.562779	 3.285394	 -1.963474	 -0.818170	 -0.253439	 0.000010
 -3.757191	 7.562770	 3.285391	 -1.963472	 -0.818174	 -0.253441	 0.000010
 -3.757211	 7.562762	 3.285389	 -1.963470	 -0.818178	 -0.253443	 0.000010
 -3.757231	 7.562754	 3.285386	 -1.963468	 -0.818182	 -0.253444	 0.000010
 -3.757250	 7.562746	 3.285384	 -1.963466	 -0.818186	 -0.253446	 0.000010
 -3.757270	 7.562738	 3.285381	 -1.963464	 -0.818190	 -0.253448	 0.000010
 -3.757290	 7.562729	 3.285378	 -1.963462	 -0.818194	 -0.253450	 0.000010
 -3.757309	 7.562721	 3.285376	 -1.963460	 -0.818198	 -0.253451	 0.000010
 -3.757329	 7.562713	 3.285373	 -1.963458	 -0.818202	 -0.253453	 0.000010
 -3.757349	 7.562705	 3.285371	 -1.963456	 -0.818206	 -0.253455	 0.000010
 -3.757368	 7.562697	 3.285368	 -1.963454	 -0.818210	 -0.253457	 0.000010
 -3.757388	 7.562689	 3.285366	 -1.963452	 -0.818214	 -0.253458	 0.000010
 -3.757407	 7.562680	 3.285363	 -1.963450	 -0.818218	 -0.253460	 0.000010
 -3.757427	 7.562672	 3.285361	 -1.963448	 -0.818222	 -0.253462	 0.000010
 -3.757447	 7.562664	 3.285358	 -1.963446	 -0.818226	 -0.253464	 0.000010
 -3.757466	 7.562656	 3.285356	 -1.963444	 -0.818230	 -0.253465	 0.000010
 -3.757486	 7.562648	 3.285353	 -1.963442	 -0.818234	 -0.253467	 0.000010
 -3.757506	 7.562639	 3.285351	 -1.963440	 -0.818238	 -0.253469	 0.000010
 -3.757525	 7.562631	 3.285348	 -1.963438	 -0.818242	 -0.253471	 0.000010
 -3.757545	 7.562623	 3.285346	 -1.963436	 -0.818246	 -0.253472	 0.000010
 -3.757565	 7.562615	 3.285343	 -1.963434	 -0.818250	 -0.253474	 0.000010
 -3.757584	 7.562607	 3.285340	 -1.963432	 -0.818254	 -0.253476	 0.000010
 -3.757604	 7.562598	 3.285338	 -1.963430	 -0.818258	 -0.253478	 0.000010
 -3.757623	 7.562590	 3.285335	 -1.963428	 -0.818262	 -0.253479	 0.000010
 -3.757643	 7.562582	 3.285333	 -1.963426	 -0.818266	 -0.253481	 0.000010
 -3.757663	 7.562574	 3.285330	 -1.963424	 -0.818270	 -0.253483	 0.000010
 -3.757682	 7.562566	 3.285328	 -1.963422	 -0.818274	 -0.253485	 0.000010
 -3.757702	 7.562558	 3.285325	 -1.963420	 -0.818278	 -0.253486	 0.000010
 -3.757722	 7.562549	 3.285323	 -1.963418	 -0.818282	 -0.253488	 0.000010
 -3.757741	 7.562541	 3.285320	 -1.963416	 -0.818286	 -0.253490	 0.000010
 -3.757761	 7.562533	 3.285318	 -1.963414	 -0.818290	 -0.253492	 0.000010
 -3.757781	 7.562525	 3.285315	 -1.963412	 -0.818294	 -0.253493	 0.000010
 -3.757800	 7.562517	 3.285313	 -1.963410	 -0.818298	 -0.253495	 0.000010
 -3.757820	 7.562508	 3.285310	 -1.963408	 -0.818302	 -0.253497	 0.000010
 -3.757839	 7.562500	 3.285308	 -1.963407	 -0.818306	 -0.253499	 0.000010
 -3.757859	 7.562492	 3.285305	 -1.963405	 -0.818310	 -0.253500	 0.000010
 -3.757879	 7.562484	 3.285302	 -1.963403	 -0.818315	 -0.253502	 0.000010
 -3.757898	 7.562476	 3.285300	 -1.963401	 -0.818319	 -0.253504	 0.000010
 -3.757918	 7.562468	 3.285297	 -1.963399	 -0.818323	 -0.253505	 0.000010
 -3.757938	 7.562459	 3.285295	 -1.963397	 -0.818327	 -0.253507	 0.000010
 -3.757957	 7.562451	 3.285292	 -1.963395	 -0.818331	 -0.253509	 0.000010
 -3.757977	 7.562443	 3.285290	 -1.963393	 -0.818335	 -0.253511	 0.000010
 -3.757996	 7.562435	 3.285287	 -1.963391	 -0.818339	 -0.253512	 0.000010
 -3.758016	 7.562427	 3.285285	 -1.963389	 -0.818343	 -0.253514	 0.000010
 -3.758036	 7.562418	 3.285282	 -1.963387	 -0.818347	 -0.253516	 0.000010
 -3.758055	 7.562410	 3.285280	 -1.963385	 -0.818351	 -0.253518	 0.000010
 -3.758075	 7.562402	 3.285277	 -1.963383	 -0.818355	 -0.253519	 0.000010
 -3.758095	 7.562394	 3.285275	 -1.963381	 -0.818359	 -0.253521	 0.000010
 -3.758114	 7.562386	 3.285272	 -1.963379	 -0.818363	 -0.253523	 0.000010
 -3.758134	 7.562378	 3.285269	 -1.963377	 -0.818367	 -0.253525	 0.000010
 -3.758154	 7.562369	 3.285267	 -1.963375	 -0.818371	 -0.253526	 0.000010
 -3.758173	 7.562361	 3.285264	 -1.963373	 -0.818375	 -0.253528	 0.000010
 -3.758193	 7.562353	 3.285262	 -1.963371	 -0.818379	 -0.253530	 0.000010
 -3.758212	 7.562345	 3.285259	 -1.963369	 -0.818383	 -0.253532	 0.000010
 -3.758232	 7.562337	 3.285257	 -1.963367	 -0.818387	 -0.253533	 0.000010
 -3.758252	 7.562328	 3.285254	 -1.963365	 -0.818391	 -0.253535	 0.000010
 -3.758271	 7.562320	 3.285252	 -1.963363	 -0.818395	 -0.253537	 0.000010
 -3.758291	 7.562312	 3.285249	 -1.963361	 -0.818399	 -0.253539	 0.000010
 -3.758311	 7.562304	 3.285247	 -1.963359	 -0.818403	 -0.253540	 0.000010
 -3.758330	 7.562296	 3.285244	 -1.963357	 -0.818407	 -0.253542	 0.000010
 -3.758350	 7.562288	 3.285242	 -1.963355	 -0.818411	 -0.253544	 0.000010
 -3.758370	 7.562279	 3.285239	 -1.963353	 -0.818415	 -0.253546	 0.000010
 -3.758389	 7.562271	 3.285237	 -1.963351	 -0.818419	 -0.253547	 0.000010
 -3.758409	 7.562263	 3.285234	 -1.963349	 -0.818423	 -0.253549	 0.000010
 -3.758428	 7.562255	 3.285231	 -1.963347	 -0.818427	 -0.253551	 0.000010
 -3.758448	 7.562247	 3.285229	 -1.963345	 -0.818431	 -0.253553	 0.000010
 -3.758468	 7.562238	 3.285226	 -1.963343	 -0.818435	 -0.253554	 0.000010
 -3.758487	 7.562230	 3.285224	 -1.963341	 -0.818439	 -0.253556	 0.000010
 -3.758507	 7.562222	 3.285221	 -1.963339	 -0.818443	 -0.253558	 0.000010
 -3.758527	 7.562214	 3.285219	 -1.963337	 -0.818447	 -0.253560	 0.000010
 -3.758546	 7.562206	 3.285216	 -1.963335	 -0.818451	 -0.253561	 0.000010
 -3.758566	 7.562198	 3.285214	 -1.963333	 -0.818455	 -0.253563	 0.000010
 -3.758586	 7.562189	 3.285211	 -1.963331	 -0.818459	 -0.253565	 0.000010
 -3.758605	 7.562181	 3.285209	 -1.963329	 -0.818463	 -0.253567	 0.000010
 -3.758625	 7.562173	 3.285206	 -1.963327	 -0.818467	 -0.253568	 0.000010
 -3.758644	 7.562165	 3.285204	 -1.963325	 -0.818471	 -0.253570	 0.000010
 -3.758664	 7.562157	 3.285201	 -1.963323	 -0.818475	 -0.253572	 0.000010
 -3.758684	 7.562148	 3.285198	 -1.963321	 -0.818479	 -0.253573	 0.000010
 -3.758703	 7.562140	 3.285196	 -1.963319	 -0.818483	 -0.253575	 0.000010
 -3.758723	 7.562132	 3.285193	 -1.963317	 -0.818487	 -0.253577	 0.000010
 -3.758743	 7.562124	 3.285191	 -1.963315	 -0.818491	 -0.253579	 0.000010
 -3.758762	 7.562116	 3.285188	 -1.963313	 -0.818495	 -0.253580	 0.000010
 -3.758782	 7.562107	 3.285186	 -1.963311	 -0.818499	 -0.253582	 0.000010
 -3.758801	 7.562099	 3.285183	 -1.963309	 -0.818503	 -0.253584	 0.000010
 -3.758821	 7.562091	 3.285181	 -1.963307	 -0.818507	 -0.253586	 0.000010
 -3.758841	 7.562083	 3.285178	 -1.963305	 -0.818511	 -0.253587	 0.000010
 -3.758860	 7.562075	 3.285176	 -1.963303	 -0.818515	 -0.253589	 0.000010
 -3.758880	 7.562067	 3.285173	 -1.963301	 -0.818519	 -0.253591	 0.000010
 -3.758900	 7.562058	 3.285171	 -1.963299	 -0.818523	 -0.253593	 0.000010
 -3.758919	 7.562050	 3.285168	 -1.963297	 -0.818527	 -0.253594	 0.000010
 -3.758939	 7.562042	 3.285166	 -1.963295	 -0.818531	 -0.253596	 0.000010
 -3.758959	 7.562034	 3.285163	 -1.963293	 -0.818535	 -0.253598	 0.000010
 -3.758978	 7.562026	 3.285160	 -1.963291	 -0.818539	 -0.253600	 0.000010
 -3.758998	 7.562017	 3.285158	 -1.963289	 -0.818543	 -0.253601	 0.000010
 -3.759017	 7.562009	 3.285155	 -1.963287	 -0.818547	 -0.253603	 0.000010
 -3.759037	 7.562001	 3.285153	 -1.963285	 -0.818551	 -0.253605	 0.000010
 -3.759057	 7.561993	 3.285150	 -1.963283	 -0.818555	 -0.253607	 0.000010
 -3.759076	 7.561985	 3.285148	 -1.963281	 -0.818559	 -0.253608	 0.000010
 -3.759096	 7.561977	 3.285145	 -1.963279	 -0.818563	 -0.253610	 0.000010
 -3.759116	 7.561968	 3.285143	 -1.963277	 -0.818567	 -0.253612	 0.000010
 -3.759135	 7.561960	 3.285140	 -1.963275	 -0.818571	 -0.253614	 0.000010
 -3.759155	 7.561952	 3.285138	 -1.963273	 -0.818575	 -0.253615	 0.000010
 -3.759174	 7.561944	 3.285135	 -1.963271	 -0.818579	 -0.253617	 0.000010
 -3.759194	 7.561936	 3.285133	 -1.963269	 -0.818583	 -0.253619	 0.000010
 -3.759214	 7.561927	 3.285130	 -1.963267	 -0.818587	 -0.253621	 0.000010
 -3.759233	 7.561919	 3.285127	 -1.963265	 -0.818591	 -0.253622	 0.000010
 -3.759253	 7.561911	 3.285125	 -1.963263	 -0.818595	 -0.253624	 0.000010
 -3.759273	 7.561903	 3.285122	 -1.963261	 -0.818599	 -0.253626	 0.000010
 -3.759292	 7.561895	 3.285120	 -1.963259	 -0.818603	 -0.253628	 0.000010
 -3.759312	 7.561886	 3.285117	 -1.963257	 -0.818607	 -0.253629	 0.000010
 -3.759332	 7.561878	 3.285115	 -1.963255	 -0.818611	 -0.253631	 0.000010
 -3.759351	 7.561870	 3.285112	 -1.963253	 -0.818615	 -0.253633	 0.000010
 -3.759371	 7.561862	 3.285110	 -1.963251	 -0.818619	 -0.253634	 0.000010
 -3.759390	 7.561854	 3.285107	 -1.963249	 -0.818623	 -0.253636	 0.000010
 -3.759410	 7.561846	 3.285105	 -1.963247	 -0.818627	 -0.253638	 0.000010
 -3.759430	 7.561837	 3.285102	 -1.963245	 -0.818632	 -0.253640	 0.000010
 -3.759449	 7.561829	 3.285100	 -1.963243	 -0.818636	 -0.253641	 0.000010
 -3.759469	 7.561821	 3.285097	 -1.963241	 -0.818640	 -0.253643	 0.000010
 -3.759489	 7.561813	 3.285095	 -1.963239	 -0.818644	 -0.253645	 0.000010
 -3.759508	 7.561805	 3.285092	 -1.963237	 -0.818648	 -0.253647	 0.000010
 -3.759528	 7.561796	 3.285089	 -1.963235	 -0.818652	 -0.253648	 0.000010
 -3.759548	 7.561788	 3.285087	 -1.963233	 -0.818656	 -0.253650	 0.000010
 -3.759567	 7.561780	 3.285084	 -1.963231	 -0.818660	 -0.253652	 0.000010
 -3.759587	 7.561772	 3.285082	 -1.963229	 -0.818664	 -0.253654	 0.000010
 -3.759606	 7.561764	 3.285079	 -1.963227	 -0.818668	 -0.253655	 0.000010
 -3.759626	 7.561755	 3.285077	 -1.963225	 -0.818672	 -0.253657	 0.000010
 -3.759646	 7.561747	 3.285074	 -1.963223	 -0.818676	 -0.253659	 0.000010
 -3.759665	 7.561739	 3.285072	 -1.963221	 -0.818680	 -0.253661	 0.000010
 -3.759685	 7.561731	 3.285069	 -1.963219	 -0.818684	 -0.253662	 0.000010
 -3.759705	 7.561723	 3.285067	 -1.963217	 -0.818688	 -0.253664	 0.000010
 -3.759724	 7.561715	 3.285064	 -1.963215	 -0.818692	 -0.253666	 0.000010
 -3.759744	 7.561706	 3.285062	 -1.963213	 -0.818696	 -0.253668	 0.000010
 -3.759763	 7.561698	 3.285059	 -1.963211	 -0.818700	 -0.253669	 0.000010
 -3.759783	 7.561690	 3.285056	 -1.963209	 -0.818704	 -0.253671	 0.000010
 -3.759803	 7.561682	 3.285054	 -1.963207	 -0.818708	 -0.253673	 0.000010
 -3.759822	 7.561674	 3.285051	 -1.963205	 -0.818712	 -0.253675	 0.000010
 -3.759842	 7.561665	 3.285049	 -1.963203	 -0.818716	 -0.253676	 0.000010
 -3.759862	 7.561657	 3.285046	 -1.963201	 -0.818720	 -0.253678	 0.000010
 -3.759881	 7.561649	 3.285044	 -1.963199	 -0.818724	 -0.253680	 0.000010
 -3.759901	 7.561641	 3.285041	 -1.963197	 -0.818728	 -0.253682	 0.000010
 -3.759921	 7.561633	 3.285039	 -1.963195	 -0.818732	 -0.253683	 0.000010
 -3.759940	 7.561624	 3.285036	 -1.963193	 -0.818736	 -0.253685	 0.000010
 -3.759960	 7.561616	 3.285034	 -1.963191	 -0.818740	 -0.253687	 0.000010
 -3.759979	 7.561608	 3.285031	 -1.963189	 -0.818744	 -0.253689	 0.000010
 -3.759999	 7.561600	 3.285029	 -1.963187	 -0.818748	 -0.253690	 0.000010
 -3.760019	 7.561592	 3.285026	 -1.963185	 -0.818752	 -0.253692	 0.000010
 -3.760038	 7.561584	 3.285023	 -1.963183	 -0.818756	 -0.253694	 0.000010
 -3.760058	 7.561575	 3.285021	 -1.963181	 -0.818760	 -0.253696	 0.000010
 -3.760078	 7.561567	 3.285018	 -1.963179	 -0.818764	 -0.253697	 0.000010
 -3.760097	 7.561559	 3.285016	 -1.963177	 -0.818768	 -0.253699	 0.000010
 -3.760117	 7.561551	 3.285013	 -1.963175	 -0.818772	 -0.253701	 0.000010
 -3.760136	 7.561543	 3.285011	 -1.963173	 -0.818776	 -0.253702	 0.000010
 -3.760156	 7.561534	 3.285008	 -1.963171	 -0.818780	 -0.253704	 0.000010
 -3.760176	 7.561526	 3.285006	 -1.963169	 -0.818784	 -0.253706	 0.000010
 -3.760195	 7.561518	 3.285003	 -1.963167	 -0.818788	 -0.253708	 0.000010
 -3.760215	 7.561510	 3.285001	 -1.963165	 -0.818792	 -0.253709	 0.000010
 -3.760235	 7.561502	 3.284998	 -1.963163	 -0.818796	 -0.253711	 0.000010
 -3.760254	 7.561493	 3.284996	 -1.963161	 -0.818800	 -0.253713	 0.000010
 -3.760274	 7.561485	 3.284993	 -1.963159	 -0.818804	 -0.253715	 0.000010
 -3.760294	 7.561477	 3.284990	 -1.963157	 -0.818808	 -0.253716	 0.000010
 -3.760313	 7.561469	 3.284988	 -1.963155	 -0.818812	 -0.253718	 0.000010
 -3.760333	 7.561461	 3.284985	 -1.963153	 -0.818816	 -0.253720	 0.000010
 -3.760352	 7.561453	 3.284983	 -1.963151	 -0.818820	 -0.253722	 0.000010
 -3.760372	 7.561444	 3.284980	 -1.963149	 -0.818824	 -0.253723	 0.000010
 -3.760392	 7.561436	 3.284978	 -1.963147	 -0.818828	 -0.253725	 0.000010
 -3.760411	 7.561428	 3.284975	 -1.963145	 -0.818832	 -0.253727	 0.000010
 -3.760431	 7.561420	 3.284973	 -1.963143	 -0.818836	 -0.253729	 0.000010
 -3.760451	 7.561412	 3.284970	 -1.963141	 -0.818840	 -0.253730	 0.000010
 -3.760470	 7.561403	 3.284968	 -1.963139	 -0.818844	 -0.253732	 0.000010
 -3.760490	 7.561395	 3.284965	 -1.963137	 -0.818848	 -0.253734	 0.000010
 -3.760509	 7.561387	 3.284963	 -1.963135	 -0.818852	 -0.253736	 0.000010
 -3.760529	 7.561379	 3.284960	 -1.963133	 -0.818856	 -0.253737	 0.000010
 -3.760549	 7.561371	 3.284958	 -1.963131	 -0.818860	 -0.253739	 0.000010
 -3.760568	 7.561362	 3.284955	 -1.963129	 -0.818864	 -0.253741	 0.000010
 -3.760588	 7.561354	 3.284952	 -1.963127	 -0.818868	 -0.253743	 0.000010
 -3.760608	 7.561346	 3.284950	 -1.963125	 -0.818872	 -0.253744	 0.000010
 -3.760627	 7.561338	 3.284947	 -1.963123	 -0.818876	 -0.253746	 0.000010
 -3.760647	 7.561330	 3.284945	 -1.963121	 -0.818880	 -0.253748	 0.000010
 -3.760667	 7.561322	 3.284942	 -1.963119	 -0.818884	 -0.253750	 0.000010
 -3.760686	 7.561313	 3.284940	 -1.963117	 -0.818888	 -0.253751	 0.000010
 -3.760706	 7.561305	 3.284937	 -1.963115	 -0.818892	 -0.253753	 0.000010
 -3.760725	 7.561297	 3.284935	 -1.963113	 -0.818896	 -0.253755	 0.000010
 -3.760745	 7.561289	 3.284932	 -1.963111	 -0.818900	 -0.253757	 0.000010
 -3.760765	 7.561281	 3.284930	 -1.963109	 -0.818904	 -0.253758	 0.000010
 -3.760784	 7.561272	 3.284927	 -1.963107	 -0.818908	 -0.253760	 0.000010
 -3.760804	 7.561264	 3.284925	 -1.963105	 -0.818912	 -0.253762	 0.000010
 -3.760824	 7.561256	 3.284922	 -1.963103	 -0.818916	 -0.253763	 0.000010
 -3.760843	 7.561248	 3.284919	 -1.963101	 -0.818920	 -0.253765	 0.000010
 -3.760863	 7.561240	 3.284917	 -1.963099	 -0.818924	 -0.253767	 0.000010
 -3.760882	 7.561231	 3.284914	 -1.963097	 -0.818928	 -0.253769	 0.000010
 -3.760902	 7.561223	 3.284912	 -1.963095	 -0.818932	 -0.253770	 0.000010
 -3.760922	 7.561215	 3.284909	 -1.963093	 -0.818936	 -0.253772	 0.000010
 -3.760941	 7.561207	 3.284907	 -1.963091	 -0.818940	 -0.253774	 0.000010
 -3.760961	 7.561199	 3.284904	 -1.963089	 -0.818944	 -0.253776	 0.000010
 -3.760981	 7.561191	 3.284902	 -1.963087	 -0.818948	 -0.253777	 0.000010
 -3.761000	 7.561182	 3.284899	 -1.963085	 -0.818952	 -0.253779	 0.000010
 -3.761020	 7.561174	 3.284897	 -1.963083	 -0.818957	 -0.253781	 0.000010
 -3.761040	 7.561166	 3.284894	 -1.963081	 -0.818961	 -0.253783	 0.000010
 -3.761059	 7.561158	 3.284892	 -1.963079	 -0.818965	 -0.253784	 0.000010
 -3.761079	 7.561150	 3.284889	 -1.963077	 -0.818969	 -0.253786	 0.000010
 -3.761098	 7.561141	 3.284886	 -1.963075	 -0.818973	 -0.253788	 0.000010
 -3.761118	 7.561133	 3.284884	 -1.963073	 -0.818977	 -0.253790	 0.000010
 -3.761138	 7.561125	 3.284881	 -1.963071	 -0.818981	 -0.253791	 0.000010
 -3.761157	 7.561117	 3.284879	 -1.963069	 -0.818985	 -0.253793	 0.000010
 -3.761177	 7.561109	 3.284876	 -1.963067	 -0.818989	 -0.253795	 0.000010
 -3.761197	 7.561100	 3.284874	 -1.963065	 -0.818993	 -0.253797	 0.000010
 -3.761216	 7.561092	 3.284871	 -1.963063	 -0.818997	 -0.253798	 0.000010
 -3.761236	 7.561084	 3.284869	 -1.963061	 -0.819001	 -0.253800	 0.000010
 -3.761255	 7.561076	 3.284866	 -1.963059	 -0.819005	 -0.253802	 0.000010
 -3.761275	 7.561068	 3.284864	 -1.963057	 -0.819009	 -0.253804	 0.000010
 -3.761295	 7.561059	 3.284861	 -1.963055	 -0.819013	 -0.253805	 0.000010
 -3.761314	 7.561051	 3.284859	 -1.963053	 -0.819017	 -0.253807	 0.000010
 -3.761334	 7.561043	 3.284856	 -1.963051	 -0.819021	 -0.253809	 0.000010
 -3.761354	 7.561035	 3.284853	 -1.963049	 -0.819025	 -0.253811	 0.000010
 -3.761373	 7.561027	 3.284851	 -1.963047	 -0.819029	 -0.253812	 0.000010
 -3.761393	 7.561019	 3.284848	 -1.963045	 -0.819033	 -0.253814	 0.000010
 -3.761412	 7.561010	 3.284846	 -1.963043	 -0.819037	 -0.253816	 0.000010
 -3.761432	 7.561002	 3.284843	 -1.963041	 -0.819041	 -0.253818	 0.000010
 -3.761452	 7.560994	 3.284841	 -1.963039	 -0.819045	 -0.253819	 0.000010
 -3.761471	 7.560986	 3.284838	 -1.963037	 -0.819049	 -0.253821	 0.000010
 -3.761491	 7.560978	 3.284836	 -1.963035	 -0.819053	 -0.253823	 0.000010
 -3.761511	 7.560969	 3.284833	 -1.963033	 -0.819057	 -0.253824	 0.000010
 -3.761530	 7.560961	 3.284831	 -1.963031	 -0.819061	 -0.253826	 0.000010
 -3.761550	 7.560953	 3.284828	 -1.963029	 -0.819065	 -0.253828	 0.000010
 -3.761570	 7.560945	 3.284826	 -1.963027	 -0.819069	 -0.253830	 0.000010
 -3.761589	 7.560937	 3.284823	 -1.963025	 -0.819073	 -0.253831	 0.000010
 -3.761609	 7.560928	 3.284820	 -1.963023	 -0.819077	 -0.253833	 0.000010
 -3.761628	 7.560920	 3.284818	 -1.963021	 -0.819081	 -0.253835	 0.000010
 -3.761648	 7.560912	 3.284815	 -1.963019	 -0.819085	 -0.253837	 0.000010
 -3.761668	 7.560904	 3.284813	 -1.963017	 -0.819089	 -0.253838	 0.000010
 -3.761687	 7.560896	 3.284810	 -1.963015	 -0.819093	 -0.253840	 0.000010
 -3.761707	 7.560887	 3.284808	 -1.963013	 -0.819097	 -0.253842	 0.000010
 -3.761727	 7.560879	 3.284805	 -1.963011	 -0.819101	 -0.253844	 0.000010
 -3.761746	 7.560871	 3.284803	 -1.963009	 -0.819105	 -0.253845	 0.000010
 -3.761766	 7.560863	 3.284800	 -1.963007	 -0.819109	 -0.253847	 0.000010
 -3.761785	 7.560855	 3.284798	 -1.963005	 -0.819113	 -0.253849	 0.000010
 -3.761805	 7.560847	 3.284795	 -1.963003	 -0.819117	 -0.253851	 0.000010
 -3.761825	 7.560838	 3.284793	 -1.963002	 -0.819121	 -0.253852	 0.000010
 -3.761844	 7.560830	 3.284790	 -1.963000	 -0.819125	 -0.253854	 0.000010
 -3.761864	 7.560822	 3.284787	 -1.962998	 -0.819129	 -0.253856	 0.000010
 -3.761884	 7.560814	 3.284785	 -1.962996	 -0.819133	 -0.253858	 0.000010
 -3.761903	 7.560806	 3.284782	 -1.962994	 -0.819137	 -0.253859	 0.000010
 -3.761923	 7.560797	 3.284780	 -1.962992	 -0.819141	 -0.253861	 0.000010
 -3.761943	 7.560789	 3.284777	 -1.962990	 -0.819145	 -0.253863	 0.000010
 -3.761962	 7.560781	 3.284775	 -1.962988	 -0.819149	 -0.253865	 0.000010
 -3.761982	 7.560773	 3.284772	 -1.962986	 -0.819153	 -0.253866	 0.000010
 -3.762001	 7.560765	 3.284770	 -1.962984	 -0.819157	 -0.253868	 0.000010
 -3.762021	 7.560756	 3.284767	 -1.962982	 -0.819161	 -0.253870	 0.000010
 -3.762041	 7.560748	 3.284765	 -1.962980	 -0.819165	 -0.253872	 0.000010
 -3.762060	 7.560740	 3.284762	 -1.962978	 -0.819169	 -0.253873	 0.000010
 -3.762080	 7.560732	 3.284760	 -1.962976	 -0.819173	 -0.253875	 0.000010
 -3.762100	 7.560724	 3.284757	 -1.962974	 -0.819177	 -0.253877	 0.000010
 -3.762119	 7.560715	 3.284754	 -1.962972	 -0.819181	 -0.253879	 0.000010
 -3.762139	 7.560707	 3.284752	 -1.962970	 -0.819185	 -0.253880	 0.000010
 -3.762158	 7.560699	 3.284749	 -1.962968	 -0.819189	 -0.253882	 0.000010
 -3.762178	 7.560691	 3.284747	 -1.962966	 -0.819193	 -0.253884	 0.000010
 -3.762198	 7.560683	 3.284744	 -1.962964	 -0.819197	 -0.253885	 0.000010
 -3.762217	 7.560674	 3.284742	 -1.962962	 -0.819201	 -0.253887	 0.000010
 -3.762237	 7.560666	 3.284739	 -1.962960	 -0.819205	 -0.253889	 0.000010
 -3.762257	 7.560658	 3.284737	 -1.962958	 -0.819209	 -0.253891	 0.000010
 -3.762276	 7.560650	 3.284734	 -1.962956	 -0.819213	 -0.253892	 0.000010
 -3.762296	 7.560642	 3.284732	 -1.962954	 -0.819217	 -0.253894	 0.000010
 -3.762315	 7.560634	 3.284729	 -1.962952	 -0.819221	 -0.253896	 0.000010
 -3.762335	 7.560625	 3.284727	 -1.962950	 -0.819225	 -0.253898	 0.000010
 -3.762355	 7.560617	 3.284724	 -1.962948	 -0.819229	 -0.253899	 0.000010
 -3.762374	 7.560609	 3.284721	 -1.962946	 -0.819233	 -0.253901	 0.000010
 -3.762394	 7.560601	 3.284719	 -1.962944	 -0.819237	 -0.253903	 0.000010
 -3.762414	 7.560593	 3.284716	 -1.962942	 -0.819241	 -0.253905	 0.000010
 -3.762433	 7.560584	 3.284714	 -1.962940	 -0.819245	 -0.253906	 0.000010
 -3.762453	 7.560576	 3.284711	 -1.962938	 -0.819249	 -0.253908	 0.000010
 -3.762473	 7.560568	 3.284709	 -1.962936	 -0.819253	 -0.253910	 0.000010
 -3.762492	 7.560560	 3.284706	 -1.962934	 -0.819257	 -0.253912	 0.000010
 -3.762512	 7.560552	 3.284704	 -1.962932	 -0.819261	 -0.253913	 0.000010
 -3.762531	 7.560543	 3.284701	 -1.962930	 -0.819265	 -0.253915	 0.000010
 -3.762551	 7.560535	 3.284699	 -1.962928	 -0.819269	 -0.253917	 0.000010
 -3.762571	 7.560527	 3.284696	 -1.962926	 -0.819273	 -0.253919	 0.000010
 -3.762590	 7.560519	 3.284694	 -1.962924	 -0.819277	 -0.253920	 0.000010
 -3.762610	 7.560511	 3.284691	 -1.962922	 -0.819281	 -0.253922	 0.000010
 -3.762630	 7.560502	 3.284688	 -1.962920	 -0.819285	 -0.253924	 0.000010
 -3.762649	 7.560494	 3.284686	 -1.962918	 -0.819289	 -0.253926	 0.000010
 -3.762669	 7.560486	 3.284683	 -1.962916	 -0.819294	 -0.253927	 0.000010
 -3.762688	 7.560478	 3.284681	 -1.962914	 -0.819298	 -0.253929	 0.000010
 -3.762708	 7.560470	 3.284678	 -1.962912	 -0.819302	 -0.253931	 0.000010
 -3.762728	 7.560461	 3.284676	 -1.962910	 -0.819306	 -0.253933	 0.000010
 -3.762747	 7.560453	 3.284673	 -1.962908	 -0.819310	 -0.253934	 0.000010
 -3.762767	 7.560445	 3.284671	 -1.962906	 -0.819314	 -0.253936	 0.000010
 -3.762787	 7.560437	 3.284668	 -1.962904	 -0.819318	 -0.253938	 0.000010
 -3.762806	 7.560429	 3.284666	 -1.962902	 -0.819322	 -0.253940	 0.000010
 -3.762826	 7.560421	 3.284663	 -1.962900	 -0.819326	 -0.253941	 0.000010
 -3.762845	 7.560412	 3.284661	 -1.962898	 -0.819330	 -0.253943	 0.000010
 -3.762865	 7.560404	 3.284658	 -1.962896	 -0.819334	 -0.253945	 0.000010
 -3.762885	 7.560396	 3.284655	 -1.962894	 -0.819338	 -0.253946	 0.000010
 -3.762904	 7.560388	 3.284653	 -1.962892	 -0.819342	 -0.253948	 0.000010
 -3.762924	 7.560380	 3.284650	 -1.962890	 -0.819346	 -0.253950	 0.000010
 -3.762944	 7.560371	 3.284648	 -1.962888	 -0.819350	 -0.253952	 0.000010
 -3.762963	 7.560363	 3.284645	 -1.962886	 -0.819354	 -0.253953	 0.000010
 -3.762983	 7.560355	 3.284643	 -1.962884	 -0.819358	 -0.253955	 0.000010
 -3.763002	 7.560347	 3.284640	 -1.962882	 -0.819362	 -0.253957	 0.000010
 -3.763022	 7.560339	 3.284638	 -1.962880	 -0.819366	 -0.253959	 0.000010
