 -0.639812	 0.687318	 0.297980	 -4.880598	 -3.765779	 -1.632612	 0.001000
 -0.644693	 0.683552	 0.296347	 -4.854182	 -3.794157	 -1.644915	 0.001000
 -0.649547	 0.679758	 0.294702	 -4.827569	 -3.822374	 -1.657148	 0.001000
 -0.654374	 0.675935	 0.293045	 -4.800761	 -3.850428	 -1.669311	 0.001000
 -0.659175	 0.672085	 0.291376	 -4.773761	 -3.878319	 -1.681402	 0.001000
 -0.663949	 0.668207	 0.289694	 -4.746567	 -3.906044	 -1.693422	 0.001000
 -0.668695	 0.664300	 0.288001	 -4.719183	 -3.933604	 -1.705371	 0.001000
 -0.673415	 0.660367	 0.286295	 -4.691610	 -3.960996	 -1.717246	 0.001000
 -0.678106	 0.656406	 0.284578	 -4.663848	 -3.988221	 -1.729049	 0.001000
 -0.682770	 0.652418	 0.282849	 -4.635898	 -4.015275	 -1.740778	 0.001000
 -0.687406	 0.648402	 0.281108	 -4.607763	 -4.042160	 -1.752434	 0.001000
 -0.692014	 0.644360	 0.279356	 -4.579443	 -4.068873	 -1.764015	 0.001000
 -0.696593	 0.640291	 0.277592	 -4.550940	 -4.095413	 -1.775521	 0.001000
 -0.701144	 0.636196	 0.275816	 -4.522255	 -4.121780	 -1.786952	 0.001000
 -0.705666	 0.632074	 0.274029	 -4.493389	 -4.147972	 -1.798308	 0.001000
 -0.710160	 0.627926	 0.272231	 -4.464344	 -4.173988	 -1.809587	 0.001000
 -0.714624	 0.623752	 0.270421	 -4.435120	 -4.199827	 -1.820789	 0.001000
 -0.719059	 0.619552	 0.268601	 -4.405720	 -4.225489	 -1.831914	 0.001000
 -0.723465	 0.615327	 0.266769	 -4.376145	 -4.250971	 -1.842962	 0.001000
 -0.727841	 0.611076	 0.264926	 -4.346396	 -4.276274	 -1.853932	 0.001000
 -0.732188	 0.606800	 0.263072	 -4.316474	 -4.301396	 -1.864823	 0.001000
 -0.736504	 0.602498	 0.261207	 -4.286380	 -4.326336	 -1.875636	 0.001000
 -0.740790	 0.598172	 0.259331	 -4.256117	 -4.351093	 -1.886369	 0.001000
 -0.745046	 0.593821	 0.257445	 -4.225685	 -4.375666	 -1.897022	 0.001000
 -0.749272	 0.589445	 0.255548	 -4.195086	 -4.400054	 -1.907595	 0.001000
 -0.753467	 0.585045	 0.253640	 -4.164321	 -4.424256	 -1.918088	 0.001000
 -0.757632	 0.580621	 0.251722	 -4.133392	 -4.448272	 -1.928500	 0.001000
 -0.761765	 0.576173	 0.249794	 -4.102300	 -4.472100	 -1.938830	 0.001000
 -0.765867	 0.571700	 0.247855	 -4.071046	 -4.495739	 -1.949079	 0.001000
 -0.769938	 0.567205	 0.245906	 -4.039632	 -4.519189	 -1.959245	 0.001000
 -0.773978	 0.562686	 0.243947	 -4.008059	 -4.542448	 -1.969329	 0.001000
 -0.777986	 0.558143	 0.241977	 -3.976329	 -4.565516	 -1.979330	 0.001000
 -0.781962	 0.553578	 0.239998	 -3.944444	 -4.588391	 -1.989247	 0.001000
 -0.785907	 0.548989	 0.238009	 -3.912403	 -4.611074	 -1.999081	 0.001000
 -0.789819	 0.544378	 0.236010	 -3.880210	 -4.633562	 -2.008831	 0.001000
 -0.793699	 0.539745	 0.234001	 -3.847865	 -4.655856	 -2.018496	 0.001000
 -0.797547	 0.535089	 0.231982	 -3.815370	 -4.677953	 -2.028076	 0.001000
 -0.801363	 0.530411	 0.229954	 -3.782727	 -4.699855	 -2.037571	 0.001000
 -0.805145	 0.525711	 0.227917	 -3.749936	 -4.721558	 -2.046980	 0.001000
 -0.808895	 0.520989	 0.225870	 -3.717000	 -4.743064	 -2.056304	 0.001000
 -0.812612	 0.516246	 0.223813	 -3.683920	 -4.764370	 -2.065541	 0.001000
 -0.816296	 0.511482	 0.221748	 -3.650696	 -4.785476	 -2.074691	 0.001000
 -0.819947	 0.506696	 0.219673	 -3.617332	 -4.806382	 -2.083755	 0.001000
 -0.823564	 0.501890	 0.217589	 -3.583828	 -4.827086	 -2.092731	 0.001000
 -0.827148	 0.497063	 0.215497	 -3.550186	 -4.847588	 -2.101619	 0.001000
 -0.830698	 0.492215	 0.213395	 -3.516407	 -4.867887	 -2.110420	 0.001000
 -0.834215	 0.487347	 0.211285	 -3.482493	 -4.887982	 -2.119132	 0.001000
 -0.837697	 0.482459	 0.209166	 -3.448445	 -4.907873	 -2.127755	 0.001000
 -0.841146	 0.477552	 0.207038	 -3.414266	 -4.927558	 -2.136290	 0.001000
 -0.844560	 0.472624	 0.204902	 -3.379955	 -4.947037	 -2.144735	 0.001000
 -0.847940	 0.467677	 0.202757	 -3.345516	 -4.966310	 -2.153090	 0.001000
 -0.851285	 0.462711	 0.200604	 -3.310949	 -4.985375	 -2.161356	 0.001000
 -0.854596	 0.457725	 0.198442	 -3.276256	 -5.004232	 -2.169531	 0.001000
 -0.857873	 0.452721	 0.196273	 -3.241439	 -5.022881	 -2.177616	 0.001000
 -0.861114	 0.447698	 0.194095	 -3.206498	 -5.041320	 -2.185610	 0.001000
 -0.864320	 0.442657	 0.191910	 -3.171437	 -5.059548	 -2.193513	 0.001000
 -0.867492	 0.437597	 0.189716	 -3.136255	 -5.077566	 -2.201324	 0.001000
 -0.870628	 0.432520	 0.187515	 -3.100956	 -5.095373	 -2.209044	 0.001000
 -0.873729	 0.427424	 0.185306	 -3.065540	 -5.112967	 -2.216672	 0.001000
 -0.876795	 0.422311	 0.183089	 -3.030008	 -5.130349	 -2.224207	 0.001000
 -0.879825	 0.417181	 0.180865	 -2.994364	 -5.147517	 -2.231651	 0.001000
 -0.882819	 0.412034	 0.178633	 -2.958607	 -5.164472	 -2.239001	 0.001000
 -0.885778	 0.406869	 0.176394	 -2.922740	 -5.181212	 -2.246259	 0.001000
 -0.888700	 0.401688	 0.174148	 -2.886765	 -5.197737	 -2.253423	 0.001000
 -0.891587	 0.396490	 0.171894	 -2.850682	 -5.214046	 -2.260494	 0.001000
 -0.894438	 0.391276	 0.169634	 -2.814493	 -5.230139	 -2.267470	 0.001000
 -0.897252	 0.386046	 0.167367	 -2.778201	 -5.246015	 -2.274353	 0.001000
 -0.900031	 0.380800	 0.165092	 -2.741806	 -5.261674	 -2.281142	 0.001000
 -0.902772	 0.375538	 0.162811	 -2.705311	 -5.277115	 -2.287837	 0.001000
 -0.905478	 0.370261	 0.160523	 -2.668717	 -5.292338	 -2.294436	 0.001000
 -0.908146	 0.364969	 0.158229	 -2.632024	 -5.307342	 -2.300941	 0.001000
 -0.910778	 0.359661	 0.155928	 -2.595236	 -5.322126	 -2.307351	 0.001000
 -0.913374	 0.354339	 0.153620	 -2.558354	 -5.336691	 -2.313665	 0.001000
 -0.915932	 0.349003	 0.151307	 -2.521379	 -5.351035	 -2.319884	 0.001000
 -0.918453	 0.343652	 0.148987	 -2.484313	 -5.365159	 -2.326007	 0.001000
 -0.920938	 0.338286	 0.146661	 -2.447157	 -5.379061	 -2.332034	 0.001000
 -0.923385	 0.332907	 0.144329	 -2.409914	 -5.392741	 -2.337965	 0.001000
 -0.925795	 0.327515	 0.141991	 -2.372585	 -5.406200	 -2.343800	 0.001000
 -0.928167	 0.322108	 0.139647	 -2.335170	 -5.419436	 -2.349538	 0.001000
 -0.930503	 0.316689	 0.137298	 -2.297673	 -5.432449	 -2.355180	 0.001000
 -0.932800	 0.311257	 0.134942	 -2.260095	 -5.445238	 -2.360725	 0.001000
 -0.935060	 0.305811	 0.132582	 -2.222437	 -5.457804	 -2.366172	 0.001000
 -0.937283	 0.300354	 0.130215	 -2.184701	 -5.470145	 -2.371523	 0.001000
 -0.939467	 0.294883	 0.127844	 -2.146888	 -5.482262	 -2.376776	 0.001000
 -0.941614	 0.289401	 0.125467	 -2.109001	 -5.494155	 -2.381932	 0.001000
 -0.943723	 0.283907	 0.123085	 -2.071041	 -5.505821	 -2.386990	 0.001000
 -0.945794	 0.278401	 0.120698	 -2.033009	 -5.517263	 -2.391950	 0.001000
 -0.947827	 0.272884	 0.118306	 -1.994908	 -5.528478	 -2.396813	 0.001000
 -0.949822	 0.267355	 0.115910	 -1.956738	 -5.539468	 -2.401577	 0.001000
 -0.951779	 0.261816	 0.113508	 -1.918501	 -5.550230	 -2.406243	 0.001000
 -0.953697	 0.256266	 0.111102	 -1.880200	 -5.560766	 -2.410811	 0.001000
 -0.955578	 0.250705	 0.108691	 -1.841836	 -5.571075	 -2.415280	 0.001000
 -0.957420	 0.245134	 0.106276	 -1.803410	 -5.581156	 -2.419651	 0.001000
 -0.959223	 0.239553	 0.103856	 -1.764924	 -5.591010	 -2.423923	 0.001000
 -0.960988	 0.233962	 0.101432	 -1.726380	 -5.600636	 -2.428096	 0.001000
 -0.962714	 0.228361	 0.099004	 -1.687779	 -5.610034	 -2.432170	 0.001000
 -0.964402	 0.222751	 0.096572	 -1.649123	 -5.619203	 -2.436146	 0.001000
 -0.966051	 0.217132	 0.094136	 -1.610414	 -5.628144	 -2.440022	 0.001000
 -0.967662	 0.211504	 0.091696	 -1.571653	 -5.636856	 -2.443799	 0.001000
 -0.969233	 0.205867	 0.089252	 -1.532842	 -5.645339	 -2.447477	 0.001000
 -0.970766	 0.200221	 0.086804	 -1.493983	 -5.653593	 -2.451055	 0.001000
 -0.972260	 0.194568	 0.084353	 -1.455077	 -5.661617	 -2.454534	 0.001000
 -0.973715	 0.188906	 0.081899	 -1.416126	 -5.669412	 -2.457913	 0.001000
 -0.975131	 0.183237	 0.079441	 -1.377132	 -5.676977	 -2.461193	 0.001000
 -0.976508	 0.177560	 0.076980	 -1.338096	 -5.684312	 -2.464373	 0.001000
 -0.977846	 0.171876	 0.074515	 -1.299020	 -5.691417	 -2.467454	 0.001000
 -0.979145	 0.166184	 0.072048	 -1.259906	 -5.698293	 -2.470434	 0.001000
 -0.980405	 0.160486	 0.069577	 -1.220754	 -5.704937	 -2.473315	 0.001000
 -0.981626	 0.154781	 0.067104	 -1.181568	 -5.711352	 -2.476096	 0.001000
 -0.982808	 0.149070	 0.064628	 -1.142348	 -5.717536	 -2.478777	 0.001000
 -0.983950	 0.143352	 0.062149	 -1.103097	 -5.723490	 -2.481358	 0.001000
 -0.985053	 0.137629	 0.059668	 -1.063815	 -5.729213	 -2.483839	 0.001000
 -0.986117	 0.131899	 0.057184	 -1.024505	 -5.734705	 -2.486221	 0.001000
 -0.987141	 0.126165	 0.054698	 -0.985167	 -5.739967	 -2.488502	 0.001000
 -0.988127	 0.120425	 0.052209	 -0.945805	 -5.744997	 -2.490683	 0.001000
 -0.989072	 0.114680	 0.049719	 -0.906419	 -5.749797	 -2.492764	 0.001000
 -0.989979	 0.108930	 0.047226	 -0.867012	 -5.754367	 -2.494745	 0.001000
 -0.990846	 0.103175	 0.044731	 -0.827584	 -5.758705	 -2.496626	 0.001000
 -0.991673	 0.097417	 0.042234	 -0.788137	 -5.762813	 -2.498406	 0.001000
 -0.992462	 0.091654	 0.039736	 -0.748673	 -5.766689	 -2.500087	 0.001000
 -0.993210	 0.085887	 0.037236	 -0.709194	 -5.770335	 -2.501668	 0.001000
 -0.993919	 0.080117	 0.034734	 -0.669702	 -5.773750	 -2.503148	 0.001000
 -0.994589	 0.074343	 0.032231	 -0.630197	 -5.776935	 -2.504529	 0.001000
 -0.995219	 0.068566	 0.029727	 -0.590682	 -5.779888	 -2.505809	 0.001000
 -0.995810	 0.062786	 0.027221	 -0.551158	 -5.782611	 -2.506990	 0.001000
 -0.996361	 0.057004	 0.024714	 -0.511627	 -5.785104	 -2.508071	 0.001000
 -0.996873	 0.051219	 0.022206	 -0.472091	 -5.787366	 -2.509051	 0.001000
 -0.997345	 0.045431	 0.019697	 -0.432550	 -5.789397	 -2.509932	 0.001000
 -0.997777	 0.039642	 0.017187	 -0.393008	 -5.791198	 -2.510713	 0.001000
 -0.998170	 0.033851	 0.014676	 -0.353465	 -5.792770	 -2.511394	 0.001000
 -0.998524	 0.028058	 0.012165	 -0.313922	 -5.794110	 -2.511975	 0.001000
 -0.998838	 0.022264	 0.009653	 -0.274383	 -5.795222	 -2.512457	 0.001000
 -0.999112	 0.016469	 0.007140	 -0.234847	 -5.796103	 -2.512839	 0.001000
 -0.999347	 0.010672	 0.004627	 -0.195318	 -5.796754	 -2.513122	 0.001000
 -0.999542	 0.004876	 0.002114	 -0.155796	 -5.797176	 -2.513305	 0.001000
 -0.999698	 -0.000921	 -0.000399	 -0.116283	 -5.797369	 -2.513388	 0.001000
 -0.999815	 -0.006719	 -0.002912	 -0.076781	 -5.797333	 -2.513373	 0.001000
 -0.999891	 -0.012516	 -0.005426	 -0.037291	 -5.797067	 -2.513258	 0.001000
 -0.999929	 -0.018313	 -0.007939	 0.002185	 -5.796573	 -2.513043	 0.001000
 -0.999926	 -0.024110	 -0.010452	 0.041645	 -5.795851	 -2.512730	 0.001000
 -0.999885	 -0.029906	 -0.012965	 0.081089	 -5.794899	 -2.512318	 0.001000
 -0.999804	 -0.035701	 -0.015477	 0.120513	 -5.793720	 -2.511807	 0.001000
 -0.999683	 -0.041494	 -0.017989	 0.159918	 -5.792313	 -2.511197	 0.001000
 -0.999523	 -0.047287	 -0.020500	 0.199300	 -5.790679	 -2.510488	 0.001000
 -0.999324	 -0.053077	 -0.023011	 0.238659	 -5.788817	 -2.509681	 0.001000
 -0.999085	 -0.058866	 -0.025520	 0.277993	 -5.786727	 -2.508775	 0.001000
 -0.998807	 -0.064653	 -0.028029	 0.317301	 -5.784411	 -2.507771	 0.001000
 -0.998490	 -0.070437	 -0.030537	 0.356580	 -5.781869	 -2.506669	 0.001000
 -0.998133	 -0.076219	 -0.033044	 0.395829	 -5.779100	 -2.505468	 0.001000
 -0.997738	 -0.081998	 -0.035549	 0.435047	 -5.776105	 -2.504170	 0.001000
 -0.997303	 -0.087774	 -0.038053	 0.474232	 -5.772885	 -2.502774	 0.001000
 -0.996828	 -0.093547	 -0.040556	 0.513383	 -5.769439	 -2.501280	 0.001000
 -0.996315	 -0.099317	 -0.043057	 0.552497	 -5.765769	 -2.499688	 0.001000
 -0.995762	 -0.105082	 -0.045557	 0.591575	 -5.761873	 -2.498000	 0.001000
 -0.995171	 -0.110844	 -0.048055	 0.630612	 -5.757754	 -2.496214	 0.001000
 -0.994540	 -0.116602	 -0.050551	 0.669610	 -5.753410	 -2.494331	 0.001000
 -0.993871	 -0.122355	 -0.053045	 0.708565	 -5.748843	 -2.492351	 0.001000
 -0.993162	 -0.128104	 -0.055538	 0.747476	 -5.744052	 -2.490274	 0.001000
 -0.992415	 -0.133848	 -0.058028	 0.786342	 -5.739039	 -2.488100	 0.001000
 -0.991628	 -0.139587	 -0.060516	 0.825161	 -5.733804	 -2.485831	 0.001000
 -0.990803	 -0.145321	 -0.063002	 0.863932	 -5.728346	 -2.483464	 0.001000
 -0.989939	 -0.151050	 -0.065486	 0.902653	 -5.722667	 -2.481002	 0.001000
 -0.989036	 -0.156772	 -0.067967	 0.941323	 -5.716766	 -2.478444	 0.001000
 -0.988095	 -0.162489	 -0.070445	 0.979939	 -5.710645	 -2.475791	 0.001000
 -0.987115	 -0.168200	 -0.072921	 1.018502	 -5.704304	 -2.473041	 0.001000
 -0.986097	 -0.173904	 -0.075394	 1.057008	 -5.697743	 -2.470197	 0.001000
 -0.985040	 -0.179602	 -0.077864	 1.095457	 -5.690962	 -2.467257	 0.001000
 -0.983944	 -0.185293	 -0.080331	 1.133847	 -5.683962	 -2.464222	 0.001000
 -0.982810	 -0.190977	 -0.082795	 1.172177	 -5.676744	 -2.461093	 0.001000
 -0.981638	 -0.196653	 -0.085257	 1.210445	 -5.669308	 -2.457869	 0.001000
 -0.980428	 -0.202323	 -0.087714	 1.248650	 -5.661654	 -2.454551	 0.001000
 -0.979179	 -0.207984	 -0.090169	 1.286790	 -5.653784	 -2.451139	 0.001000
 -0.977892	 -0.213638	 -0.092620	 1.324863	 -5.645697	 -2.447633	 0.001000
 -0.976567	 -0.219284	 -0.095068	 1.362869	 -5.637394	 -2.444033	 0.001000
 -0.975205	 -0.224921	 -0.097512	 1.400806	 -5.628875	 -2.440340	 0.001000
 -0.973804	 -0.230550	 -0.099952	 1.438672	 -5.620142	 -2.436554	 0.001000
 -0.972365	 -0.236170	 -0.102389	 1.476466	 -5.611194	 -2.432675	 0.001000
 -0.970889	 -0.241781	 -0.104821	 1.514186	 -5.602032	 -2.428703	 0.001000
 -0.969374	 -0.247383	 -0.107250	 1.551832	 -5.592657	 -2.424638	 0.001000
 -0.967823	 -0.252976	 -0.109675	 1.589401	 -5.583070	 -2.420482	 0.001000
 -0.966233	 -0.258559	 -0.112095	 1.626892	 -5.573270	 -2.416233	 0.001000
 -0.964606	 -0.264132	 -0.114511	 1.664304	 -5.563259	 -2.411893	 0.001000
 -0.962942	 -0.269696	 -0.116923	 1.701636	 -5.553036	 -2.407461	 0.001000
 -0.961240	 -0.275249	 -0.119331	 1.738885	 -5.542604	 -2.402938	 0.001000
 -0.959502	 -0.280791	 -0.121734	 1.776051	 -5.531962	 -2.398324	 0.001000
 -0.957725	 -0.286323	 -0.124132	 1.813132	 -5.521110	 -2.393620	 0.001000
 -0.955912	 -0.291844	 -0.126526	 1.850127	 -5.510050	 -2.388825	 0.001000
 -0.954062	 -0.297354	 -0.128914	 1.887034	 -5.498782	 -2.383940	 0.001000
 -0.952175	 -0.302853	 -0.131298	 1.923852	 -5.487307	 -2.378965	 0.001000
 -0.950251	 -0.308340	 -0.133677	 1.960580	 -5.475625	 -2.373900	 0.001000
 -0.948291	 -0.313816	 -0.136051	 1.997216	 -5.463737	 -2.368747	 0.001000
 -0.946294	 -0.319280	 -0.138420	 2.033759	 -5.451644	 -2.363504	 0.001000
 -0.944260	 -0.324732	 -0.140784	 2.070207	 -5.439347	 -2.358172	 0.001000
 -0.942190	 -0.330171	 -0.143142	 2.106560	 -5.426845	 -2.352752	 0.001000
 -0.940083	 -0.335598	 -0.145494	 2.142815	 -5.414140	 -2.347244	 0.001000
 -0.937940	 -0.341012	 -0.147842	 2.178972	 -5.401232	 -2.341648	 0.001000
 -0.935761	 -0.346413	 -0.150183	 2.215029	 -5.388123	 -2.335965	 0.001000
 -0.933546	 -0.351801	 -0.152519	 2.250985	 -5.374812	 -2.330194	 0.001000
 -0.931295	 -0.357176	 -0.154850	 2.286839	 -5.361301	 -2.324337	 0.001000
 -0.929008	 -0.362537	 -0.157174	 2.322589	 -5.347590	 -2.318392	 0.001000
 -0.926686	 -0.367885	 -0.159492	 2.358233	 -5.333680	 -2.312362	 0.001000
 -0.924328	 -0.373219	 -0.161805	 2.393772	 -5.319572	 -2.306245	 0.001000
 -0.921934	 -0.378538	 -0.164111	 2.429202	 -5.305266	 -2.300043	 0.001000
 -0.919505	 -0.383843	 -0.166411	 2.464524	 -5.290763	 -2.293756	 0.001000
 -0.917040	 -0.389134	 -0.168705	 2.499735	 -5.276064	 -2.287383	 0.001000
 -0.914540	 -0.394410	 -0.170992	 2.534835	 -5.261170	 -2.280926	 0.001000
 -0.912005	 -0.399671	 -0.173273	 2.569822	 -5.246081	 -2.274384	 0.001000
 -0.909436	 -0.404917	 -0.175547	 2.604695	 -5.230799	 -2.267759	 0.001000
 -0.906831	 -0.410148	 -0.177815	 2.639453	 -5.215323	 -2.261049	 0.001000
 -0.904192	 -0.415364	 -0.180076	 2.674094	 -5.199655	 -2.254257	 0.001000
 -0.901517	 -0.420563	 -0.182330	 2.708618	 -5.183796	 -2.247381	 0.001000
 -0.898809	 -0.425747	 -0.184578	 2.743022	 -5.167746	 -2.240423	 0.001000
 -0.896066	 -0.430915	 -0.186818	 2.777307	 -5.151506	 -2.233382	 0.001000
 -0.893288	 -0.436066	 -0.189052	 2.811469	 -5.135078	 -2.226260	 0.001000
 -0.890477	 -0.441201	 -0.191278	 2.845510	 -5.118461	 -2.219056	 0.001000
 -0.887631	 -0.446320	 -0.193497	 2.879426	 -5.101656	 -2.211771	 0.001000
 -0.884752	 -0.451422	 -0.195709	 2.913217	 -5.084665	 -2.204404	 0.001000
 -0.881839	 -0.456506	 -0.197913	 2.946882	 -5.067489	 -2.196958	 0.001000
 -0.878892	 -0.461574	 -0.200110	 2.980420	 -5.050127	 -2.189431	 0.001000
 -0.875912	 -0.466624	 -0.202299	 3.013829	 -5.032581	 -2.181824	 0.001000
 -0.872898	 -0.471656	 -0.204481	 3.047108	 -5.014853	 -2.174138	 0.001000
 -0.869851	 -0.476671	 -0.206655	 3.080256	 -4.996941	 -2.166373	 0.001000
 -0.866770	 -0.481668	 -0.208822	 3.113272	 -4.978849	 -2.158529	 0.001000
 -0.863657	 -0.486647	 -0.210980	 3.146155	 -4.960576	 -2.150607	 0.001000
 -0.860511	 -0.491608	 -0.213131	 3.178904	 -4.942123	 -2.142607	 0.001000
 -0.857332	 -0.496550	 -0.215274	 3.211517	 -4.923491	 -2.134529	 0.001000
 -0.854121	 -0.501473	 -0.217408	 3.243993	 -4.904681	 -2.126374	 0.001000
 -0.850877	 -0.506378	 -0.219534	 3.276332	 -4.885695	 -2.118143	 0.001000
 -0.847600	 -0.511264	 -0.221653	 3.308532	 -4.866532	 -2.109835	 0.001000
 -0.844292	 -0.516130	 -0.223762	 3.340592	 -4.847193	 -2.101451	 0.001000
 -0.840951	 -0.520977	 -0.225864	 3.372510	 -4.827681	 -2.092992	 0.001000
 -0.837579	 -0.525805	 -0.227957	 3.404287	 -4.807995	 -2.084457	 0.001000
 -0.834174	 -0.530613	 -0.230041	 3.435920	 -4.788136	 -2.075848	 0.001000
 -0.830738	 -0.535401	 -0.232117	 3.467410	 -4.768106	 -2.067164	 0.001000
 -0.827271	 -0.540169	 -0.234184	 3.498753	 -4.747906	 -2.058406	 0.001000
 -0.823772	 -0.544917	 -0.236243	 3.529951	 -4.727535	 -2.049575	 0.001000
 -0.820242	 -0.549645	 -0.238292	 3.561001	 -4.706996	 -2.040670	 0.001000
 -0.816681	 -0.554352	 -0.240333	 3.591902	 -4.686289	 -2.031693	 0.001000
 -0.813089	 -0.559038	 -0.242365	 3.622654	 -4.665415	 -2.022643	 0.001000
 -0.809467	 -0.563703	 -0.244387	 3.653255	 -4.644375	 -2.013522	 0.001000
 -0.805813	 -0.568348	 -0.246401	 3.683705	 -4.623170	 -2.004328	 0.001000
 -0.802130	 -0.572971	 -0.248405	 3.714002	 -4.601802	 -1.995064	 0.001000
 -0.798416	 -0.577573	 -0.250400	 3.744146	 -4.580270	 -1.985729	 0.001000
 -0.794672	 -0.582153	 -0.252386	 3.774134	 -4.558576	 -1.976324	 0.001000
 -0.790897	 -0.586712	 -0.254362	 3.803968	 -4.536721	 -1.966849	 0.001000
 -0.787093	 -0.591248	 -0.256329	 3.833644	 -4.514706	 -1.957305	 0.001000
 -0.783260	 -0.595763	 -0.258286	 3.863164	 -4.492532	 -1.947691	 0.001000
 -0.779397	 -0.600256	 -0.260234	 3.892524	 -4.470199	 -1.938009	 0.001000
 -0.775504	 -0.604726	 -0.262172	 3.921726	 -4.447710	 -1.928259	 0.001000
 -0.771582	 -0.609173	 -0.264100	 3.950766	 -4.425064	 -1.918442	 0.001000
 -0.767632	 -0.613598	 -0.266019	 3.979646	 -4.402264	 -1.908557	 0.001000
 -0.763652	 -0.618001	 -0.267927	 4.008363	 -4.379309	 -1.898605	 0.001000
 -0.759644	 -0.622380	 -0.269826	 4.036917	 -4.356201	 -1.888587	 0.001000
 -0.755607	 -0.626736	 -0.271715	 4.065307	 -4.332941	 -1.878503	 0.001000
 -0.751541	 -0.631069	 -0.273593	 4.093531	 -4.309530	 -1.868353	 0.001000
 -0.747448	 -0.635379	 -0.275461	 4.121590	 -4.285969	 -1.858139	 0.001000
 -0.743326	 -0.639665	 -0.277320	 4.149482	 -4.262259	 -1.847859	 0.001000
 -0.739177	 -0.643927	 -0.279167	 4.177206	 -4.238401	 -1.837516	 0.001000
 -0.735000	 -0.648165	 -0.281005	 4.204762	 -4.214396	 -1.827109	 0.001000
 -0.730795	 -0.652380	 -0.282832	 4.232148	 -4.190246	 -1.816639	 0.001000
 -0.726563	 -0.656570	 -0.284649	 4.259364	 -4.165950	 -1.806106	 0.001000
 -0.722303	 -0.660736	 -0.286455	 4.286409	 -4.141511	 -1.795510	 0.001000
 -0.718017	 -0.664877	 -0.288250	 4.313281	 -4.116929	 -1.784853	 0.001000
 -0.713704	 -0.668994	 -0.290035	 4.339981	 -4.092205	 -1.774134	 0.001000
 -0.709364	 -0.673087	 -0.291809	 4.366507	 -4.067341	 -1.763355	 0.001000
 -0.704997	 -0.677154	 -0.293573	 4.392859	 -4.042337	 -1.752514	 0.001000
 -0.700604	 -0.681196	 -0.295325	 4.419035	 -4.017194	 -1.741614	 0.001000
 -0.696185	 -0.685213	 -0.297067	 4.445035	 -3.991915	 -1.730654	 0.001000
 -0.691740	 -0.689205	 -0.298797	 4.470858	 -3.966499	 -1.719636	 0.001000
 -0.687269	 -0.693172	 -0.300517	 4.496503	 -3.940947	 -1.708558	 0.001000
 -0.682773	 -0.697113	 -0.302226	 4.521970	 -3.915262	 -1.697422	 0.001000
 -0.678251	 -0.701028	 -0.303923	 4.547258	 -3.889443	 -1.686229	 0.001000
 -0.673704	 -0.704918	 -0.305609	 4.572365	 -3.863492	 -1.674978	 0.001000
 -0.669131	 -0.708781	 -0.307284	 4.597292	 -3.837411	 -1.663671	 0.001000
 -0.664534	 -0.712618	 -0.308948	 4.622037	 -3.811199	 -1.652307	 0.001000
 -0.659912	 -0.716430	 -0.310600	 4.646600	 -3.784859	 -1.640888	 0.001000
 -0.655265	 -0.720215	 -0.312241	 4.670979	 -3.758392	 -1.629413	 0.001000
 -0.650594	 -0.723973	 -0.313871	 4.695175	 -3.731797	 -1.617883	 0.001000
 -0.645899	 -0.727705	 -0.315488	 4.719187	 -3.705078	 -1.606299	 0.001000
 -0.641180	 -0.731410	 -0.317095	 4.743013	 -3.678234	 -1.594661	 0.001000
 -0.636437	 -0.735088	 -0.318689	 4.766654	 -3.651266	 -1.582970	 0.001000
 -0.631670	 -0.738739	 -0.320272	 4.790108	 -3.624177	 -1.571226	 0.001000
 -0.626880	 -0.742363	 -0.321844	 4.813374	 -3.596967	 -1.559429	 0.001000
 -0.622067	 -0.745960	 -0.323403	 4.836453	 -3.569637	 -1.547580	 0.001000
 -0.617230	 -0.749530	 -0.324951	 4.859343	 -3.542188	 -1.535680	 0.001000
 -0.612371	 -0.753072	 -0.326486	 4.882044	 -3.514621	 -1.523729	 0.001000
 -0.607489	 -0.756587	 -0.328010	 4.904554	 -3.486938	 -1.511727	 0.001000
 -0.602584	 -0.760074	 -0.329522	 4.926875	 -3.459140	 -1.499676	 0.001000
 -0.597658	 -0.763533	 -0.331021	 4.949004	 -3.431227	 -1.487574	 0.001000
 -0.592709	 -0.766964	 -0.332509	 4.970941	 -3.403201	 -1.475424	 0.001000
 -0.587738	 -0.770367	 -0.333984	 4.992686	 -3.375063	 -1.463225	 0.001000
 -0.582745	 -0.773742	 -0.335448	 5.014237	 -3.346815	 -1.450978	 0.001000
 -0.577731	 -0.777089	 -0.336899	 5.035596	 -3.318457	 -1.438684	 0.001000
 -0.572695	 -0.780408	 -0.338337	 5.056759	 -3.289990	 -1.426343	 0.001000
 -0.567638	 -0.783698	 -0.339764	 5.077728	 -3.261416	 -1.413955	 0.001000
 -0.562561	 -0.786959	 -0.341178	 5.098502	 -3.232735	 -1.401520	 0.001000
 -0.557462	 -0.790192	 -0.342579	 5.119079	 -3.203949	 -1.389041	 0.001000
 -0.552343	 -0.793396	 -0.343968	 5.139460	 -3.175060	 -1.376516	 0.001000
 -0.547204	 -0.796571	 -0.345345	 5.159644	 -3.146067	 -1.363947	 0.001000
 -0.542044	 -0.799717	 -0.346709	 5.179630	 -3.116973	 -1.351333	 0.001000
 -0.536864	 -0.802834	 -0.348060	 5.199418	 -3.087778	 -1.338676	 0.001000
 -0.531665	 -0.805922	 -0.349399	 5.219008	 -3.058484	 -1.325976	 0.001000
 -0.526446	 -0.808980	 -0.350725	 5.238398	 -3.029092	 -1.313233	 0.001000
 -0.521207	 -0.812009	 -0.352038	 5.257588	 -2.999603	 -1.300448	 0.001000
 -0.515950	 -0.815009	 -0.353338	 5.276578	 -2.970018	 -1.287622	 0.001000
 -0.510673	 -0.817979	 -0.354626	 5.295367	 -2.940338	 -1.274755	 0.001000
 -0.505378	 -0.820919	 -0.355901	 5.313955	 -2.910564	 -1.261847	 0.001000
 -0.500064	 -0.823830	 -0.357163	 5.332341	 -2.880698	 -1.248899	 0.001000
 -0.494732	 -0.826710	 -0.358411	 5.350525	 -2.850741	 -1.235911	 0.001000
 -0.489381	 -0.829561	 -0.359647	 5.368507	 -2.820694	 -1.222884	 0.001000
 -0.484013	 -0.832382	 -0.360870	 5.386285	 -2.790558	 -1.209819	 0.001000
 -0.478626	 -0.835172	 -0.362080	 5.403859	 -2.760334	 -1.196716	 0.001000
 -0.473222	 -0.837933	 -0.363277	 5.421230	 -2.730023	 -1.183575	 0.001000
 -0.467801	 -0.840663	 -0.364460	 5.438396	 -2.699627	 -1.170397	 0.001000
 -0.462363	 -0.843362	 -0.365631	 5.455357	 -2.669147	 -1.157183	 0.001000
 -0.456907	 -0.846032	 -0.366788	 5.472113	 -2.638584	 -1.143933	 0.001000
 -0.451435	 -0.848670	 -0.367932	 5.488663	 -2.607939	 -1.130647	 0.001000
 -0.445947	 -0.851278	 -0.369062	 5.505007	 -2.577213	 -1.117326	 0.001000
 -0.440442	 -0.853855	 -0.370180	 5.521145	 -2.546408	 -1.103970	 0.001000
 -0.434921	 -0.856402	 -0.371284	 5.537075	 -2.515524	 -1.090581	 0.001000
 -0.429383	 -0.858917	 -0.372374	 5.552799	 -2.484563	 -1.077158	 0.001000
 -0.423831	 -0.861402	 -0.373452	 5.568315	 -2.453526	 -1.063703	 0.001000
 -0.418262	 -0.863855	 -0.374515	 5.583622	 -2.422414	 -1.050215	 0.001000
 -0.412679	 -0.866278	 -0.375565	 5.598722	 -2.391229	 -1.036694	 0.001000
 -0.407080	 -0.868669	 -0.376602	 5.613612	 -2.359971	 -1.023143	 0.001000
 -0.401466	 -0.871029	 -0.377625	 5.628294	 -2.328642	 -1.009561	 0.001000
 -0.395838	 -0.873358	 -0.378635	 5.642766	 -2.297243	 -0.995948	 0.001000
 -0.390195	 -0.875655	 -0.379631	 5.657029	 -2.265775	 -0.982305	 0.001000
 -0.384538	 -0.877921	 -0.380613	 5.671081	 -2.234239	 -0.968633	 0.001000
 -0.378867	 -0.880155	 -0.381582	 5.684923	 -2.202636	 -0.954932	 0.001000
 -0.373182	 -0.882358	 -0.382537	 5.698555	 -2.170969	 -0.941203	 0.001000
 -0.367484	 -0.884528	 -0.383478	 5.711976	 -2.139237	 -0.927446	 0.001000
 -0.361772	 -0.886668	 -0.384405	 5.725185	 -2.107441	 -0.913661	 0.001000
 -0.356047	 -0.888775	 -0.385319	 5.738183	 -2.075585	 -0.899850	 0.001000
 -0.350308	 -0.890851	 -0.386219	 5.750969	 -2.043667	 -0.886013	 0.001000
 -0.344557	 -0.892894	 -0.387105	 5.763544	 -2.011690	 -0.872150	 0.001000
 -0.338794	 -0.894906	 -0.387977	 5.775906	 -1.979655	 -0.858261	 0.001000
 -0.333018	 -0.896886	 -0.388835	 5.788055	 -1.947563	 -0.844348	 0.001000
 -0.327230	 -0.898833	 -0.389680	 5.799992	 -1.915414	 -0.830410	 0.001000
 -0.321430	 -0.900749	 -0.390510	 5.811716	 -1.883212	 -0.816449	 0.001000
 -0.315618	 -0.902632	 -0.391326	 5.823226	 -1.850955	 -0.802465	 0.001000
 -0.309795	 -0.904483	 -0.392129	 5.834524	 -1.818646	 -0.788457	 0.001000
 -0.303960	 -0.906302	 -0.392917	 5.845607	 -1.786286	 -0.774428	 0.001000
 -0.298115	 -0.908088	 -0.393692	 5.856477	 -1.753876	 -0.760377	 0.001000
 -0.292258	 -0.909842	 -0.394452	 5.867133	 -1.721417	 -0.746305	 0.001000
 -0.286391	 -0.911563	 -0.395198	 5.877575	 -1.688911	 -0.732212	 0.001000
 -0.280514	 -0.913252	 -0.395931	 5.887802	 -1.656358	 -0.718099	 0.001000
 -0.274626	 -0.914908	 -0.396649	 5.897815	 -1.623760	 -0.703967	 0.001000
 -0.268728	 -0.916532	 -0.397353	 5.907613	 -1.591118	 -0.689815	 0.001000
 -0.262820	 -0.918123	 -0.398043	 5.917196	 -1.558433	 -0.675645	 0.001000
 -0.256903	 -0.919682	 -0.398718	 5.926565	 -1.525706	 -0.661456	 0.001000
 -0.250977	 -0.921207	 -0.399380	 5.935718	 -1.492939	 -0.647250	 0.001000
 -0.245041	 -0.922700	 -0.400027	 5.944656	 -1.460132	 -0.633027	 0.001000
 -0.239096	 -0.924160	 -0.400660	 5.953378	 -1.427287	 -0.618788	 0.001000
 -0.233143	 -0.925588	 -0.401279	 5.961885	 -1.394405	 -0.604532	 0.001000
 -0.227181	 -0.926982	 -0.401883	 5.970177	 -1.361488	 -0.590261	 0.001000
 -0.221211	 -0.928344	 -0.402474	 5.978253	 -1.328535	 -0.575975	 0.001000
 -0.215233	 -0.929672	 -0.403050	 5.986113	 -1.295550	 -0.561674	 0.001000
 -0.209247	 -0.930968	 -0.403611	 5.993757	 -1.262532	 -0.547360	 0.001000
 -0.203253	 -0.932230	 -0.404159	 6.001185	 -1.229483	 -0.533032	 0.001000
 -0.197252	 -0.933460	 -0.404692	 6.008397	 -1.196404	 -0.518691	 0.001000
 -0.191243	 -0.934656	 -0.405210	 6.015393	 -1.163296	 -0.504337	 0.001000
 -0.185228	 -0.935819	 -0.405715	 6.022173	 -1.130160	 -0.489972	 0.001000
 -0.179206	 -0.936950	 -0.406205	 6.028737	 -1.096999	 -0.475595	 0.001000
 -0.173177	 -0.938047	 -0.406680	 6.035085	 -1.063811	 -0.461207	 0.001000
 -0.167142	 -0.939110	 -0.407141	 6.041216	 -1.030600	 -0.446808	 0.001000
 -0.161101	 -0.940141	 -0.407588	 6.047131	 -0.997366	 -0.432400	 0.001000
 -0.155053	 -0.941138	 -0.408021	 6.052829	 -0.964111	 -0.417983	 0.001000
 -0.149001	 -0.942103	 -0.408439	 6.058312	 -0.930834	 -0.403556	 0.001000
 -0.142942	 -0.943033	 -0.408842	 6.063578	 -0.897539	 -0.389121	 0.001000
 -0.136879	 -0.943931	 -0.409231	 6.068627	 -0.864225	 -0.374678	 0.001000
 -0.130810	 -0.944795	 -0.409606	 6.073461	 -0.830894	 -0.360228	 0.001000
 -0.124737	 -0.945626	 -0.409966	 6.078078	 -0.797547	 -0.345771	 0.001000
 -0.118659	 -0.946424	 -0.410312	 6.082478	 -0.764185	 -0.331307	 0.001000
 -0.112576	 -0.947188	 -0.410643	 6.086663	 -0.730810	 -0.316837	 0.001000
 -0.106489	 -0.947919	 -0.410960	 6.090631	 -0.697422	 -0.302363	 0.001000
 -0.100399	 -0.948616	 -0.411262	 6.094383	 -0.664023	 -0.287883	 0.001000
 -0.094304	 -0.949280	 -0.411550	 6.097919	 -0.630614	 -0.273399	 0.001000
 -0.088206	 -0.949911	 -0.411824	 6.101239	 -0.597196	 -0.258911	 0.001000
 -0.082105	 -0.950508	 -0.412083	 6.104343	 -0.563770	 -0.244419	 0.001000
 -0.076001	 -0.951072	 -0.412327	 6.107231	 -0.530338	 -0.229925	 0.001000
 -0.069894	 -0.951602	 -0.412557	 6.109903	 -0.496900	 -0.215428	 0.001000
 -0.063784	 -0.952099	 -0.412772	 6.112359	 -0.463457	 -0.200930	 0.001000
 -0.057671	 -0.952562	 -0.412973	 6.114599	 -0.430012	 -0.186430	 0.001000
 -0.051557	 -0.952992	 -0.413160	 6.116625	 -0.396564	 -0.171929	 0.001000
 -0.045440	 -0.953389	 -0.413332	 6.118434	 -0.363116	 -0.157428	 0.001000
 -0.039322	 -0.953752	 -0.413489	 6.120028	 -0.329667	 -0.142926	 0.001000
 -0.033202	 -0.954082	 -0.413632	 6.121407	 -0.296220	 -0.128426	 0.001000
 -0.027080	 -0.954378	 -0.413760	 6.122571	 -0.262776	 -0.113926	 0.001000
 -0.020958	 -0.954641	 -0.413874	 6.123520	 -0.229335	 -0.099428	 0.001000
 -0.014834	 -0.954870	 -0.413974	 6.124254	 -0.195899	 -0.084933	 0.001000
 -0.008710	 -0.955066	 -0.414059	 6.124773	 -0.162469	 -0.070439	 0.001000
 -0.002585	 -0.955228	 -0.414129	 6.125078	 -0.129046	 -0.055949	 0.001000
 0.003540	 -0.955357	 -0.414185	 6.125169	 -0.095631	 -0.041462	 0.001000
 0.009665	 -0.955453	 -0.414227	 6.125045	 -0.062225	 -0.026980	 0.001000
 0.015790	 -0.955515	 -0.414254	 6.124707	 -0.028830	 -0.012502	 0.001000
 0.021915	 -0.955544	 -0.414266	 6.124155	 0.004554	 0.001972	 0.001000
 0.028039	 -0.955539	 -0.414264	 6.123390	 0.037925	 0.016439	 0.001000
 0.034162	 -0.955502	 -0.414248	 6.122411	 0.071282	 0.030901	 0.001000
 0.040285	 -0.955430	 -0.414217	 6.121219	 0.104624	 0.045356	 0.001000
 0.046406	 -0.955326	 -0.414171	 6.119814	 0.137950	 0.059804	 0.001000
 0.052526	 -0.955188	 -0.414112	 6.118196	 0.171259	 0.074245	 0.001000
 0.058644	 -0.955016	 -0.414037	 6.116365	 0.204550	 0.088678	 0.001000
 0.064760	 -0.954812	 -0.413949	 6.114322	 0.237822	 0.103103	 0.001000
 0.070875	 -0.954574	 -0.413846	 6.112067	 0.271073	 0.117518	 0.001000
 0.076987	 -0.954303	 -0.413728	 6.109600	 0.304302	 0.131925	 0.001000
 0.083096	 -0.953999	 -0.413596	 6.106921	 0.337509	 0.146321	 0.001000
 0.089203	 -0.953661	 -0.413450	 6.104030	 0.370692	 0.160707	 0.001000
 0.095307	 -0.953291	 -0.413289	 6.100929	 0.403850	 0.175083	 0.001000
 0.101408	 -0.952887	 -0.413114	 6.097616	 0.436983	 0.189447	 0.001000
 0.107506	 -0.952450	 -0.412925	 6.094093	 0.470088	 0.203799	 0.001000
 0.113600	 -0.951980	 -0.412721	 6.090360	 0.503165	 0.218139	 0.001000
 0.119690	 -0.951476	 -0.412503	 6.086416	 0.536212	 0.232467	 0.001000
 0.125777	 -0.950940	 -0.412270	 6.082263	 0.569230	 0.246781	 0.001000
 0.131859	 -0.950371	 -0.412023	 6.077900	 0.602216	 0.261082	 0.001000
 0.137937	 -0.949769	 -0.411762	 6.073328	 0.635169	 0.275368	 0.001000
 0.144010	 -0.949134	 -0.411487	 6.068547	 0.668089	 0.289640	 0.001000
 0.150079	 -0.948466	 -0.411197	 6.063557	 0.700974	 0.303898	 0.001000
 0.156142	 -0.947765	 -0.410893	 6.058359	 0.733824	 0.318139	 0.001000
 0.162201	 -0.947031	 -0.410575	 6.052953	 0.766636	 0.332365	 0.001000
 0.168254	 -0.946264	 -0.410243	 6.047340	 0.799411	 0.346574	 0.001000
 0.174301	 -0.945465	 -0.409896	 6.041519	 0.832147	 0.360766	 0.001000
 0.180343	 -0.944633	 -0.409536	 6.035492	 0.864843	 0.374941	 0.001000
 0.186378	 -0.943768	 -0.409161	 6.029257	 0.897498	 0.389098	 0.001000
 0.192407	 -0.942870	 -0.408772	 6.022817	 0.930110	 0.403237	 0.001000
 0.198430	 -0.941940	 -0.408368	 6.016171	 0.962680	 0.417357	 0.001000
 0.204446	 -0.940977	 -0.407951	 6.009319	 0.995205	 0.431458	 0.001000
 0.210456	 -0.939982	 -0.407519	 6.002262	 1.027685	 0.445540	 0.001000
 0.216458	 -0.938954	 -0.407074	 5.995000	 1.060119	 0.459601	 0.001000
 0.222453	 -0.937894	 -0.406614	 5.987534	 1.092505	 0.473641	 0.001000
 0.228440	 -0.936802	 -0.406141	 5.979864	 1.124843	 0.487661	 0.001000
 0.234420	 -0.935677	 -0.405653	 5.971991	 1.157131	 0.501659	 0.001000
 0.240392	 -0.934520	 -0.405151	 5.963914	 1.189369	 0.515636	 0.001000
 0.246356	 -0.933331	 -0.404636	 5.955635	 1.221555	 0.529590	 0.001000
 0.252312	 -0.932109	 -0.404106	 5.947153	 1.253689	 0.543521	 0.001000
 0.258259	 -0.930855	 -0.403563	 5.938469	 1.285769	 0.557429	 0.001000
 0.264197	 -0.929570	 -0.403005	 5.929584	 1.317794	 0.571313	 0.001000
 0.270127	 -0.928252	 -0.402434	 5.920498	 1.349764	 0.585173	 0.001000
 0.276047	 -0.926902	 -0.401849	 5.911211	 1.381677	 0.599009	 0.001000
 0.281959	 -0.925520	 -0.401250	 5.901724	 1.413532	 0.612820	 0.001000
 0.287860	 -0.924107	 -0.400637	 5.892037	 1.445329	 0.626605	 0.001000
 0.293752	 -0.922661	 -0.400010	 5.882151	 1.477066	 0.640364	 0.001000
 0.299635	 -0.921184	 -0.399370	 5.872066	 1.508743	 0.654097	 0.001000
 0.305507	 -0.919676	 -0.398716	 5.861782	 1.540357	 0.667803	 0.001000
 0.311368	 -0.918135	 -0.398048	 5.851301	 1.571909	 0.681482	 0.001000
 0.317220	 -0.916563	 -0.397367	 5.840623	 1.603397	 0.695133	 0.001000
 0.323060	 -0.914960	 -0.396671	 5.829747	 1.634820	 0.708757	 0.001000
 0.328890	 -0.913325	 -0.395963	 5.818675	 1.666178	 0.722352	 0.001000
 0.334709	 -0.911659	 -0.395240	 5.807407	 1.697469	 0.735917	 0.001000
 0.340516	 -0.909961	 -0.394504	 5.795944	 1.728692	 0.749454	 0.001000
 0.346312	 -0.908233	 -0.393755	 5.784285	 1.759847	 0.762961	 0.001000
 0.352096	 -0.906473	 -0.392992	 5.772433	 1.790932	 0.776437	 0.001000
 0.357869	 -0.904682	 -0.392216	 5.760386	 1.821946	 0.789883	 0.001000
 0.363629	 -0.902860	 -0.391426	 5.748146	 1.852889	 0.803298	 0.001000
 0.369377	 -0.901007	 -0.390622	 5.735713	 1.883759	 0.816681	 0.001000
 0.375113	 -0.899123	 -0.389806	 5.723087	 1.914555	 0.830033	 0.001000
 0.380836	 -0.897209	 -0.388976	 5.710270	 1.945277	 0.843352	 0.001000
 0.386546	 -0.895264	 -0.388132	 5.697262	 1.975924	 0.856639	 0.001000
 0.392244	 -0.893288	 -0.387276	 5.684063	 2.006494	 0.869892	 0.001000
 0.397928	 -0.891281	 -0.386406	 5.670673	 2.036987	 0.883112	 0.001000
 0.403598	 -0.889244	 -0.385523	 5.657094	 2.067401	 0.896298	 0.001000
 0.409256	 -0.887177	 -0.384626	 5.643326	 2.097736	 0.909449	 0.001000
 0.414899	 -0.885079	 -0.383717	 5.629369	 2.127991	 0.922566	 0.001000
 0.420528	 -0.882951	 -0.382794	 5.615225	 2.158165	 0.935647	 0.001000
 0.426143	 -0.880793	 -0.381859	 5.600893	 2.188257	 0.948693	 0.001000
 0.431744	 -0.878605	 -0.380910	 5.586374	 2.218265	 0.961703	 0.001000
 0.437331	 -0.876386	 -0.379948	 5.571669	 2.248190	 0.974677	 0.001000
 0.442902	 -0.874138	 -0.378974	 5.556779	 2.278030	 0.987614	 0.001000
 0.448459	 -0.871860	 -0.377986	 5.541703	 2.307784	 1.000513	 0.001000
 0.454001	 -0.869552	 -0.376985	 5.526443	 2.337451	 1.013375	 0.001000
 0.459527	 -0.867215	 -0.375972	 5.510999	 2.367031	 1.026199	 0.001000
 0.465038	 -0.864848	 -0.374946	 5.495373	 2.396522	 1.038984	 0.001000
 0.470534	 -0.862451	 -0.373907	 5.479563	 2.425923	 1.051731	 0.001000
 0.476013	 -0.860025	 -0.372855	 5.463571	 2.455234	 1.064439	 0.001000
 0.481477	 -0.857570	 -0.371791	 5.447399	 2.484454	 1.077107	 0.001000
 0.486924	 -0.855086	 -0.370714	 5.431045	 2.513582	 1.089735	 0.001000
 0.492355	 -0.852572	 -0.369624	 5.414511	 2.542616	 1.102322	 0.001000
 0.497770	 -0.850030	 -0.368522	 5.397798	 2.571557	 1.114869	 0.001000
 0.503168	 -0.847458	 -0.367407	 5.380907	 2.600403	 1.127375	 0.001000
 0.508549	 -0.844858	 -0.366279	 5.363837	 2.629153	 1.139839	 0.001000
 0.513912	 -0.842228	 -0.365139	 5.346589	 2.657806	 1.152262	 0.001000
 0.519259	 -0.839571	 -0.363987	 5.329165	 2.686362	 1.164642	 0.001000
 0.524588	 -0.836884	 -0.362823	 5.311564	 2.714820	 1.176979	 0.001000
 0.529900	 -0.834169	 -0.361646	 5.293788	 2.743178	 1.189274	 0.001000
 0.535193	 -0.831426	 -0.360456	 5.275837	 2.771437	 1.201525	 0.001000
 0.540469	 -0.828655	 -0.359255	 5.257712	 2.799594	 1.213732	 0.001000
 0.545727	 -0.825855	 -0.358041	 5.239414	 2.827649	 1.225895	 0.001000
 0.550966	 -0.823028	 -0.356815	 5.220943	 2.855602	 1.238014	 0.001000
 0.556187	 -0.820172	 -0.355577	 5.202299	 2.883452	 1.250088	 0.001000
 0.561390	 -0.817289	 -0.354327	 5.183484	 2.911196	 1.262116	 0.001000
 0.566573	 -0.814377	 -0.353065	 5.164499	 2.938836	 1.274099	 0.001000
 0.571738	 -0.811438	 -0.351791	 5.145343	 2.966370	 1.286036	 0.001000
 0.576883	 -0.808472	 -0.350505	 5.126018	 2.993797	 1.297927	 0.001000
 0.582009	 -0.805478	 -0.349207	 5.106525	 3.021116	 1.309771	 0.001000
 0.587116	 -0.802457	 -0.347897	 5.086864	 3.048326	 1.321568	 0.001000
 0.592202	 -0.799409	 -0.346576	 5.067035	 3.075427	 1.333317	 0.001000
 0.597269	 -0.796333	 -0.345242	 5.047040	 3.102418	 1.345019	 0.001000
 0.602316	 -0.793231	 -0.343897	 5.026880	 3.129298	 1.356672	 0.001000
 0.607343	 -0.790102	 -0.342541	 5.006554	 3.156067	 1.368277	 0.001000
 0.612350	 -0.786946	 -0.341172	 4.986064	 3.182722	 1.379834	 0.001000
 0.617336	 -0.783763	 -0.339792	 4.965411	 3.209264	 1.391341	 0.001000
 0.622301	 -0.780554	 -0.338401	 4.944595	 3.235692	 1.402798	 0.001000
 0.627246	 -0.777318	 -0.336998	 4.923616	 3.262005	 1.414206	 0.001000
 0.632170	 -0.774056	 -0.335584	 4.902477	 3.288202	 1.425563	 0.001000
 0.637072	 -0.770768	 -0.334159	 4.881177	 3.314283	 1.436870	 0.001000
 0.641953	 -0.767454	 -0.332722	 4.859718	 3.340246	 1.448126	 0.001000
 0.646813	 -0.764113	 -0.331274	 4.838099	 3.366091	 1.459331	 0.001000
 0.651651	 -0.760747	 -0.329814	 4.816322	 3.391817	 1.470485	 0.001000
 0.656467	 -0.757355	 -0.328344	 4.794388	 3.417423	 1.481586	 0.001000
 0.661262	 -0.753938	 -0.326862	 4.772297	 3.442909	 1.492635	 0.001000
 0.666034	 -0.750495	 -0.325369	 4.750050	 3.468274	 1.503632	 0.001000
 0.670784	 -0.747027	 -0.323866	 4.727648	 3.493516	 1.514575	 0.001000
 0.675512	 -0.743533	 -0.322351	 4.705092	 3.518636	 1.525466	 0.001000
 0.680217	 -0.740015	 -0.320826	 4.682383	 3.543633	 1.536303	 0.001000
 0.684899	 -0.736471	 -0.319290	 4.659520	 3.568505	 1.547086	 0.001000
 0.689559	 -0.732902	 -0.317742	 4.636506	 3.593252	 1.557815	 0.001000
 0.694195	 -0.729309	 -0.316185	 4.613341	 3.617874	 1.568489	 0.001000
 0.698809	 -0.725691	 -0.314616	 4.590025	 3.642369	 1.579109	 0.001000
 0.703399	 -0.722049	 -0.313037	 4.566560	 3.666736	 1.589673	 0.001000
 0.707965	 -0.718382	 -0.311447	 4.542946	 3.690976	 1.600182	 0.001000
 0.712508	 -0.714691	 -0.309847	 4.519185	 3.715087	 1.610635	 0.001000
 0.717027	 -0.710976	 -0.308237	 4.495276	 3.739069	 1.621032	 0.001000
 0.721523	 -0.707237	 -0.306615	 4.471221	 3.762921	 1.631373	 0.001000
 0.725994	 -0.703474	 -0.304984	 4.447021	 3.786642	 1.641657	 0.001000
 0.730441	 -0.699688	 -0.303342	 4.422676	 3.810232	 1.651884	 0.001000
 0.734864	 -0.695877	 -0.301691	 4.398188	 3.833689	 1.662054	 0.001000
 0.739262	 -0.692044	 -0.300029	 4.373557	 3.857014	 1.672166	 0.001000
 0.743635	 -0.688187	 -0.298356	 4.348783	 3.880205	 1.682220	 0.001000
 0.747984	 -0.684306	 -0.296674	 4.323869	 3.903261	 1.692216	 0.001000
 0.752308	 -0.680403	 -0.294982	 4.298814	 3.926183	 1.702154	 0.001000
 0.756607	 -0.676477	 -0.293280	 4.273620	 3.948969	 1.712032	 0.001000
 0.760880	 -0.672528	 -0.291568	 4.248287	 3.971619	 1.721852	 0.001000
 0.765129	 -0.668556	 -0.289846	 4.222817	 3.994132	 1.731612	 0.001000
 0.769351	 -0.664562	 -0.288114	 4.197210	 4.016507	 1.741313	 0.001000
 0.773549	 -0.660546	 -0.286373	 4.171466	 4.038744	 1.750953	 0.001000
 0.777720	 -0.656507	 -0.284622	 4.145588	 4.060842	 1.760534	 0.001000
 0.781866	 -0.652446	 -0.282861	 4.119575	 4.082801	 1.770054	 0.001000
 0.785985	 -0.648363	 -0.281091	 4.093429	 4.104619	 1.779513	 0.001000
 0.790079	 -0.644259	 -0.279312	 4.067150	 4.126296	 1.788911	 0.001000
 0.794146	 -0.640132	 -0.277523	 4.040740	 4.147832	 1.798247	 0.001000
 0.798187	 -0.635985	 -0.275725	 4.014200	 4.169225	 1.807522	 0.001000
 0.802201	 -0.631815	 -0.273917	 3.987529	 4.190476	 1.816735	 0.001000
 0.806188	 -0.627625	 -0.272100	 3.960729	 4.211584	 1.825886	 0.001000
 0.810149	 -0.623413	 -0.270275	 3.933802	 4.232547	 1.834975	 0.001000
 0.814083	 -0.619181	 -0.268440	 3.906747	 4.253366	 1.844000	 0.001000
 0.817990	 -0.614927	 -0.266596	 3.879566	 4.274039	 1.852963	 0.001000
 0.821869	 -0.610653	 -0.264743	 3.852260	 4.294567	 1.861863	 0.001000
 0.825721	 -0.606359	 -0.262881	 3.824830	 4.314948	 1.870699	 0.001000
 0.829546	 -0.602044	 -0.261010	 3.797276	 4.335182	 1.879471	 0.001000
 0.833344	 -0.597709	 -0.259131	 3.769599	 4.355268	 1.888179	 0.001000
 0.837113	 -0.593353	 -0.257242	 3.741801	 4.375206	 1.896823	 0.001000
 0.840855	 -0.588978	 -0.255346	 3.713882	 4.394995	 1.905402	 0.001000
 0.844569	 -0.584583	 -0.253440	 3.685843	 4.414635	 1.913917	 0.001000
 0.848255	 -0.580169	 -0.251526	 3.657686	 4.434125	 1.922367	 0.001000
 0.851912	 -0.575734	 -0.249604	 3.629410	 4.453464	 1.930751	 0.001000
 0.855542	 -0.571281	 -0.247673	 3.601018	 4.472652	 1.939070	 0.001000
 0.859143	 -0.566808	 -0.245734	 3.572509	 4.491688	 1.947323	 0.001000
 0.862715	 -0.562317	 -0.243787	 3.543886	 4.510572	 1.955510	 0.001000
 0.866259	 -0.557806	 -0.241831	 3.515148	 4.529303	 1.963630	 0.001000
 0.869774	 -0.553277	 -0.239868	 3.486297	 4.547881	 1.971685	 0.001000
 0.873261	 -0.548729	 -0.237896	 3.457334	 4.566305	 1.979672	 0.001000
 0.876718	 -0.544163	 -0.235916	 3.428259	 4.584575	 1.987593	 0.001000
 0.880146	 -0.539578	 -0.233929	 3.399074	 4.602689	 1.995446	 0.001000
 0.883545	 -0.534975	 -0.231933	 3.369780	 4.620648	 2.003232	 0.001000
 0.886915	 -0.530355	 -0.229930	 3.340377	 4.638451	 2.010950	 0.001000
 0.890255	 -0.525716	 -0.227919	 3.310867	 4.656098	 2.018601	 0.001000
 0.893566	 -0.521060	 -0.225900	 3.281250	 4.673587	 2.026183	 0.001000
 0.896848	 -0.516386	 -0.223874	 3.251528	 4.690919	 2.033697	 0.001000
 0.900099	 -0.511696	 -0.221841	 3.221702	 4.708092	 2.041142	 0.001000
 0.903321	 -0.506987	 -0.219799	 3.191771	 4.725107	 2.048519	 0.001000
 0.906513	 -0.502262	 -0.217751	 3.161738	 4.741963	 2.055827	 0.001000
 0.909674	 -0.497520	 -0.215695	 3.131604	 4.758660	 2.063065	 0.001000
 0.912806	 -0.492762	 -0.213632	 3.101369	 4.775196	 2.070235	 0.001000
 0.915907	 -0.487987	 -0.211562	 3.071034	 4.791572	 2.077334	 0.001000
 0.918978	 -0.483195	 -0.209484	 3.040600	 4.807786	 2.084364	 0.001000
 0.922019	 -0.478387	 -0.207400	 3.010069	 4.823839	 2.091324	 0.001000
 0.925029	 -0.473563	 -0.205309	 2.979441	 4.839731	 2.098213	 0.001000
 0.928008	 -0.468724	 -0.203211	 2.948717	 4.855459	 2.105032	 0.001000
 0.930957	 -0.463868	 -0.201106	 2.917899	 4.871025	 2.111781	 0.001000
 0.933875	 -0.458997	 -0.198994	 2.886987	 4.886428	 2.118458	 0.001000
 0.936762	 -0.454111	 -0.196875	 2.855982	 4.901667	 2.125065	 0.001000
 0.939618	 -0.449209	 -0.194750	 2.824886	 4.916741	 2.131600	 0.001000
 0.942443	 -0.444292	 -0.192619	 2.793699	 4.931651	 2.138064	 0.001000
 0.945237	 -0.439361	 -0.190481	 2.762422	 4.946395	 2.144457	 0.001000
 0.947999	 -0.434414	 -0.188336	 2.731057	 4.960975	 2.150777	 0.001000
 0.950730	 -0.429453	 -0.186185	 2.699604	 4.975388	 2.157026	 0.001000
 0.953430	 -0.424478	 -0.184028	 2.668064	 4.989634	 2.163202	 0.001000
 0.956098	 -0.419488	 -0.181865	 2.636439	 5.003714	 2.169307	 0.001000
 0.958734	 -0.414485	 -0.179696	 2.604729	 5.017627	 2.175338	 0.001000
 0.961339	 -0.409467	 -0.177520	 2.572935	 5.031372	 2.181297	 0.001000
 0.963912	 -0.404436	 -0.175339	 2.541059	 5.044949	 2.187184	 0.001000
 0.966453	 -0.399391	 -0.173152	 2.509102	 5.058358	 2.192997	 0.001000
 0.968962	 -0.394332	 -0.170959	 2.477064	 5.071598	 2.198737	 0.001000
 0.971439	 -0.389261	 -0.168760	 2.444946	 5.084669	 2.204403	 0.001000
 0.973884	 -0.384176	 -0.166556	 2.412750	 5.097570	 2.209997	 0.001000
 0.976297	 -0.379078	 -0.164346	 2.380477	 5.110301	 2.215516	 0.001000
 0.978677	 -0.373968	 -0.162130	 2.348127	 5.122862	 2.220962	 0.001000
 0.981025	 -0.368845	 -0.159909	 2.315702	 5.135252	 2.226333	 0.001000
 0.983341	 -0.363710	 -0.157683	 2.283203	 5.147471	 2.231631	 0.001000
 0.985624	 -0.358563	 -0.155451	 2.250631	 5.159518	 2.236854	 0.001000
 0.987875	 -0.353403	 -0.153215	 2.217986	 5.171394	 2.242003	 0.001000
 0.990093	 -0.348232	 -0.150973	 2.185270	 5.183098	 2.247077	 0.001000
 0.992278	 -0.343049	 -0.148725	 2.152484	 5.194629	 2.252076	 0.001000
 0.994431	 -0.337854	 -0.146473	 2.119629	 5.205988	 2.257000	 0.001000
 0.996550	 -0.332648	 -0.144216	 2.086706	 5.217173	 2.261850	 0.001000
 0.998637	 -0.327431	 -0.141955	 2.053716	 5.228185	 2.266624	 0.001000
 1.000691	 -0.322203	 -0.139688	 2.020660	 5.239024	 2.271323	 0.001000
 1.002711	 -0.316964	 -0.137417	 1.987539	 5.249688	 2.275946	 0.001000
 1.004699	 -0.311714	 -0.135141	 1.954355	 5.260178	 2.280494	 0.001000
 1.006653	 -0.306454	 -0.132860	 1.921108	 5.270493	 2.284966	 0.001000
 1.008574	 -0.301183	 -0.130575	 1.887799	 5.280633	 2.289362	 0.001000
 1.010462	 -0.295903	 -0.128286	 1.854430	 5.290598	 2.293682	 0.001000
 1.012317	 -0.290612	 -0.125992	 1.821001	 5.300387	 2.297926	 0.001000
 1.014138	 -0.285312	 -0.123694	 1.787513	 5.310001	 2.302094	 0.001000
 1.015925	 -0.280002	 -0.121392	 1.753968	 5.319438	 2.306186	 0.001000
 1.017679	 -0.274682	 -0.119086	 1.720367	 5.328699	 2.310201	 0.001000
 1.019399	 -0.269353	 -0.116776	 1.686711	 5.337783	 2.314139	 0.001000
 1.021086	 -0.264016	 -0.114462	 1.653001	 5.346690	 2.318001	 0.001000
 1.022739	 -0.258669	 -0.112144	 1.619237	 5.355420	 2.321785	 0.001000
 1.024358	 -0.253313	 -0.109822	 1.585421	 5.363973	 2.325493	 0.001000
 1.025944	 -0.247950	 -0.107496	 1.551555	 5.372348	 2.329124	 0.001000
 1.027495	 -0.242577	 -0.105167	 1.517638	 5.380545	 2.332678	 0.001000
 1.029013	 -0.237197	 -0.102835	 1.483673	 5.388563	 2.336154	 0.001000
 1.030497	 -0.231808	 -0.100498	 1.449660	 5.396404	 2.339553	 0.001000
 1.031946	 -0.226412	 -0.098159	 1.415601	 5.404065	 2.342875	 0.001000
 1.033362	 -0.221008	 -0.095816	 1.381496	 5.411548	 2.346119	 0.001000
 1.034743	 -0.215596	 -0.093470	 1.347346	 5.418852	 2.349285	 0.001000
 1.036091	 -0.210177	 -0.091121	 1.313153	 5.425976	 2.352374	 0.001000
 1.037404	 -0.204751	 -0.088768	 1.278918	 5.432921	 2.355385	 0.001000
 1.038683	 -0.199318	 -0.086413	 1.244642	 5.439686	 2.358318	 0.001000
 1.039928	 -0.193879	 -0.084054	 1.210325	 5.446271	 2.361173	 0.001000
 1.041138	 -0.188432	 -0.081693	 1.175970	 5.452676	 2.363950	 0.001000
 1.042314	 -0.182980	 -0.079329	 1.141577	 5.458901	 2.366648	 0.001000
 1.043455	 -0.177521	 -0.076963	 1.107146	 5.464945	 2.369269	 0.001000
 1.044563	 -0.172056	 -0.074593	 1.072681	 5.470809	 2.371811	 0.001000
 1.045635	 -0.166585	 -0.072222	 1.038180	 5.476491	 2.374275	 0.001000
 1.046673	 -0.161109	 -0.069847	 1.003646	 5.481993	 2.376660	 0.001000
 1.047677	 -0.155627	 -0.067471	 0.969079	 5.487314	 2.378967	 0.001000
 1.048646	 -0.150139	 -0.065092	 0.934482	 5.492453	 2.381195	 0.001000
 1.049581	 -0.144647	 -0.062711	 0.899854	 5.497411	 2.383344	 0.001000
 1.050480	 -0.139149	 -0.060327	 0.865196	 5.502187	 2.385415	 0.001000
 1.051346	 -0.133647	 -0.057942	 0.830511	 5.506782	 2.387407	 0.001000
 1.052176	 -0.128140	 -0.055554	 0.795799	 5.511194	 2.389320	 0.001000
 1.052972	 -0.122629	 -0.053165	 0.761061	 5.515425	 2.391154	 0.001000
 1.053733	 -0.117114	 -0.050774	 0.726298	 5.519473	 2.392909	 0.001000
 1.054459	 -0.111594	 -0.048381	 0.691512	 5.523340	 2.394585	 0.001000
 1.055151	 -0.106071	 -0.045986	 0.656703	 5.527023	 2.396183	 0.001000
 1.055808	 -0.100544	 -0.043590	 0.621873	 5.530525	 2.397701	 0.001000
 1.056429	 -0.095013	 -0.041192	 0.587022	 5.533844	 2.399139	 0.001000
 1.057016	 -0.089480	 -0.038793	 0.552153	 5.536980	 2.400499	 0.001000
 1.057569	 -0.083943	 -0.036393	 0.517265	 5.539933	 2.401779	 0.001000
 1.058086	 -0.078403	 -0.033991	 0.482360	 5.542704	 2.402981	 0.001000
 1.058568	 -0.072860	 -0.031588	 0.447439	 5.545291	 2.404102	 0.001000
 1.059016	 -0.067315	 -0.029184	 0.412504	 5.547696	 2.405145	 0.001000
 1.059428	 -0.061767	 -0.026779	 0.377555	 5.549917	 2.406108	 0.001000
 1.059806	 -0.056217	 -0.024373	 0.342593	 5.551956	 2.406992	 0.001000
 1.060148	 -0.050665	 -0.021966	 0.307620	 5.553811	 2.407796	 0.001000
 1.060456	 -0.045111	 -0.019558	 0.272637	 5.555483	 2.408521	 0.001000
 1.060729	 -0.039556	 -0.017149	 0.237644	 5.556971	 2.409166	 0.001000
 1.060966	 -0.033999	 -0.014740	 0.202644	 5.558276	 2.409732	 0.001000
 1.061169	 -0.028441	 -0.012331	 0.167636	 5.559398	 2.410218	 0.001000
 1.061336	 -0.022881	 -0.009920	 0.132623	 5.560337	 2.410625	 0.001000
 1.061469	 -0.017321	 -0.007510	 0.097604	 5.561091	 2.410953	 0.001000
 1.061567	 -0.011760	 -0.005099	 0.062582	 5.561663	 2.411200	 0.001000
 1.061629	 -0.006198	 -0.002688	 0.027558	 5.562051	 2.411369	 0.001000
 1.061657	 -0.000636	 -0.000276	 -0.007468	 5.562255	 2.411457	 0.001000
 1.061649	 0.004926	 0.002135	 -0.042494	 5.562276	 2.411466	 0.001000
 1.061607	 0.010489	 0.004547	 -0.077519	 5.562114	 2.411396	 0.001000
 1.061529	 0.016051	 0.006958	 -0.112542	 5.561768	 2.411246	 0.001000
 1.061417	 0.021612	 0.009369	 -0.147562	 5.561238	 2.411016	 0.001000
 1.061269	 0.027174	 0.011780	 -0.182578	 5.560525	 2.410707	 0.001000
 1.061087	 0.032734	 0.014191	 -0.217589	 5.559629	 2.410319	 0.001000
 1.060869	 0.038294	 0.016601	 -0.252594	 5.558549	 2.409851	 0.001000
 1.060617	 0.043852	 0.019011	 -0.287590	 5.557286	 2.409303	 0.001000
 1.060329	 0.049410	 0.021421	 -0.322579	 5.555839	 2.408676	 0.001000
 1.060006	 0.054965	 0.023829	 -0.357557	 5.554209	 2.407969	 0.001000
 1.059649	 0.060520	 0.026237	 -0.392525	 5.552396	 2.407183	 0.001000
 1.059256	 0.066072	 0.028644	 -0.427480	 5.550400	 2.406317	 0.001000
 1.058829	 0.071622	 0.031051	 -0.462423	 5.548220	 2.405373	 0.001000
 1.058366	 0.077171	 0.033456	 -0.497351	 5.545857	 2.404348	 0.001000
 1.057869	 0.082717	 0.035860	 -0.532264	 5.543312	 2.403245	 0.001000
 1.057337	 0.088260	 0.038264	 -0.567160	 5.540583	 2.402062	 0.001000
 1.056770	 0.093800	 0.040666	 -0.602039	 5.537672	 2.400799	 0.001000
 1.056168	 0.099338	 0.043067	 -0.636899	 5.534577	 2.399458	 0.001000
 1.055531	 0.104873	 0.045466	 -0.671740	 5.531300	 2.398037	 0.001000
 1.054859	 0.110404	 0.047864	 -0.706559	 5.527841	 2.396538	 0.001000
 1.054152	 0.115932	 0.050261	 -0.741357	 5.524199	 2.394959	 0.001000
 1.053411	 0.121456	 0.052656	 -0.776131	 5.520375	 2.393301	 0.001000
 1.052635	 0.126976	 0.055049	 -0.810882	 5.516368	 2.391564	 0.001000
 1.051824	 0.132493	 0.057440	 -0.845606	 5.512179	 2.389748	 0.001000
 1.050978	 0.138005	 0.059830	 -0.880305	 5.507808	 2.387853	 0.001000
 1.050098	 0.143513	 0.062218	 -0.914975	 5.503256	 2.385879	 0.001000
 1.049183	 0.149016	 0.064604	 -0.949617	 5.498521	 2.383826	 0.001000
 1.048233	 0.154515	 0.066988	 -0.984230	 5.493605	 2.381695	 0.001000
 1.047249	 0.160008	 0.069369	 -1.018811	 5.488508	 2.379485	 0.001000
 1.046230	 0.165497	 0.071749	 -1.053360	 5.483229	 2.377197	 0.001000
 1.045177	 0.170980	 0.074126	 -1.087877	 5.477769	 2.374830	 0.001000
 1.044089	 0.176458	 0.076501	 -1.122359	 5.472128	 2.372384	 0.001000
 1.042967	 0.181930	 0.078873	 -1.156805	 5.466307	 2.369860	 0.001000
 1.041810	 0.187396	 0.081243	 -1.191215	 5.460304	 2.367258	 0.001000
 1.040619	 0.192856	 0.083610	 -1.225588	 5.454122	 2.364577	 0.001000
 1.039393	 0.198311	 0.085975	 -1.259922	 5.447758	 2.361819	 0.001000
 1.038133	 0.203758	 0.088337	 -1.294216	 5.441215	 2.358982	 0.001000
 1.036839	 0.209200	 0.090696	 -1.328470	 5.434492	 2.356067	 0.001000
 1.035511	 0.214634	 0.093052	 -1.362681	 5.427590	 2.353075	 0.001000
 1.034148	 0.220062	 0.095405	 -1.396849	 5.420507	 2.350005	 0.001000
 1.032751	 0.225482	 0.097755	 -1.430973	 5.413246	 2.346856	 0.001000
 1.031320	 0.230895	 0.100102	 -1.465052	 5.405805	 2.343631	 0.001000
 1.029855	 0.236301	 0.102445	 -1.499085	 5.398186	 2.340327	 0.001000
 1.028356	 0.241699	 0.104786	 -1.533070	 5.390388	 2.336947	 0.001000
 1.026823	 0.247090	 0.107123	 -1.567006	 5.382412	 2.333489	 0.001000
 1.025256	 0.252472	 0.109456	 -1.600893	 5.374258	 2.329953	 0.001000
 1.023655	 0.257846	 0.111786	 -1.634729	 5.365925	 2.326341	 0.001000
 1.022020	 0.263212	 0.114113	 -1.668513	 5.357416	 2.322652	 0.001000
 1.020352	 0.268570	 0.116435	 -1.702245	 5.348728	 2.318886	 0.001000
 1.018650	 0.273918	 0.118754	 -1.735922	 5.339864	 2.315043	 0.001000
 1.016914	 0.279258	 0.121069	 -1.769544	 5.330823	 2.311123	 0.001000
 1.015144	 0.284589	 0.123380	 -1.803110	 5.321605	 2.307127	 0.001000
 1.013341	 0.289911	 0.125687	 -1.836619	 5.312211	 2.303054	 0.001000
 1.011504	 0.295223	 0.127990	 -1.870069	 5.302641	 2.298905	 0.001000
 1.009634	 0.300526	 0.130289	 -1.903460	 5.292896	 2.294680	 0.001000
 1.007731	 0.305819	 0.132584	 -1.936790	 5.282975	 2.290379	 0.001000
 1.005794	 0.311101	 0.134874	 -1.970059	 5.272879	 2.286002	 0.001000
 1.003824	 0.316374	 0.137160	 -2.003265	 5.262608	 2.281549	 0.001000
 1.001821	 0.321637	 0.139442	 -2.036407	 5.252162	 2.277021	 0.001000
 0.999784	 0.326889	 0.141719	 -2.069484	 5.241543	 2.272417	 0.001000
 0.997715	 0.332131	 0.143991	 -2.102496	 5.230749	 2.267737	 0.001000
 0.995612	 0.337361	 0.146259	 -2.135440	 5.219782	 2.262983	 0.001000
 0.993477	 0.342581	 0.148522	 -2.168316	 5.208642	 2.258153	 0.001000
 0.991309	 0.347790	 0.150780	 -2.201123	 5.197330	 2.253248	 0.001000
 0.989107	 0.352987	 0.153033	 -2.233860	 5.185844	 2.248269	 0.001000
 0.986874	 0.358173	 0.155282	 -2.266526	 5.174187	 2.243215	 0.001000
 0.984607	 0.363347	 0.157525	 -2.299119	 5.162357	 2.238087	 0.001000
 0.982308	 0.368510	 0.159763	 -2.331639	 5.150356	 2.232884	 0.001000
 0.979976	 0.373660	 0.161996	 -2.364085	 5.138185	 2.227607	 0.001000
 0.977612	 0.378798	 0.164224	 -2.396455	 5.125842	 2.222256	 0.001000
 0.975216	 0.383924	 0.166446	 -2.428748	 5.113329	 2.216831	 0.001000
 0.972787	 0.389037	 0.168663	 -2.460964	 5.100647	 2.211333	 0.001000
 0.970326	 0.394138	 0.170874	 -2.493101	 5.087794	 2.205761	 0.001000
 0.967833	 0.399226	 0.173080	 -2.525158	 5.074773	 2.200116	 0.001000
 0.965308	 0.404301	 0.175280	 -2.557134	 5.061583	 2.194397	 0.001000
 0.962751	 0.409362	 0.177474	 -2.589029	 5.048225	 2.188606	 0.001000
 0.960162	 0.414410	 0.179663	 -2.620841	 5.034698	 2.182741	 0.001000
 0.957541	 0.419445	 0.181846	 -2.652569	 5.021004	 2.176805	 0.001000
 0.954888	 0.424466	 0.184022	 -2.684211	 5.007143	 2.170795	 0.001000
 0.952204	 0.429473	 0.186193	 -2.715768	 4.993116	 2.164714	 0.001000
 0.949488	 0.434466	 0.188358	 -2.747238	 4.978922	 2.158560	 0.001000
 0.946741	 0.439445	 0.190516	 -2.778620	 4.964562	 2.152335	 0.001000
 0.943962	 0.444410	 0.192669	 -2.809912	 4.950037	 2.146038	 0.001000
 0.941152	 0.449360	 0.194815	 -2.841115	 4.935347	 2.139669	 0.001000
 0.938311	 0.454295	 0.196954	 -2.872226	 4.920493	 2.133229	 0.001000
 0.935439	 0.459216	 0.199088	 -2.903245	 4.905475	 2.126718	 0.001000
 0.932536	 0.464121	 0.201214	 -2.934171	 4.890293	 2.120136	 0.001000
 0.929602	 0.469011	 0.203335	 -2.965002	 4.874948	 2.113484	 0.001000
 0.926637	 0.473886	 0.205448	 -2.995739	 4.859441	 2.106761	 0.001000
 0.923641	 0.478746	 0.207555	 -3.026379	 4.843771	 2.099967	 0.001000
 0.920615	 0.483590	 0.209655	 -3.056922	 4.827940	 2.093104	 0.001000
 0.917558	 0.488418	 0.211748	 -3.087366	 4.811948	 2.086171	 0.001000
 0.914470	 0.493229	 0.213834	 -3.117711	 4.795795	 2.079168	 0.001000
 0.911353	 0.498025	 0.215913	 -3.147956	 4.779482	 2.072096	 0.001000
 0.908205	 0.502805	 0.217985	 -3.178100	 4.763010	 2.064954	 0.001000
 0.905026	 0.507568	 0.220050	 -3.208141	 4.746378	 2.057744	 0.001000
 0.901818	 0.512314	 0.222108	 -3.238079	 4.729588	 2.050464	 0.001000
 0.898580	 0.517044	 0.224158	 -3.267913	 4.712640	 2.043117	 0.001000
 0.895312	 0.521756	 0.226202	 -3.297641	 4.695534	 2.035701	 0.001000
 0.892015	 0.526452	 0.228237	 -3.327264	 4.678271	 2.028217	 0.001000
 0.888687	 0.531130	 0.230266	 -3.356778	 4.660852	 2.020665	 0.001000
 0.885331	 0.535791	 0.232286	 -3.386185	 4.643277	 2.013045	 0.001000
 0.881944	 0.540434	 0.234299	 -3.415482	 4.625547	 2.005358	 0.001000
 0.878529	 0.545060	 0.236305	 -3.444670	 4.607661	 1.997605	 0.001000
 0.875084	 0.549668	 0.238302	 -3.473746	 4.589622	 1.989784	 0.001000
 0.871611	 0.554257	 0.240292	 -3.502710	 4.571429	 1.981896	 0.001000
 0.868108	 0.558829	 0.242274	 -3.531561	 4.553083	 1.973942	 0.001000
 0.864576	 0.563382	 0.244248	 -3.560297	 4.534584	 1.965923	 0.001000
 0.861016	 0.567916	 0.246214	 -3.588919	 4.515933	 1.957837	 0.001000
 0.857427	 0.572432	 0.248172	 -3.617425	 4.497131	 1.949685	 0.001000
 0.853810	 0.576929	 0.250121	 -3.645814	 4.478178	 1.941469	 0.001000
 0.850164	 0.581407	 0.252063	 -3.674085	 4.459075	 1.933187	 0.001000
 0.846490	 0.585867	 0.253996	 -3.702237	 4.439823	 1.924840	 0.001000
 0.842788	 0.590306	 0.255921	 -3.730269	 4.420421	 1.916429	 0.001000
 0.839057	 0.594727	 0.257837	 -3.758181	 4.400871	 1.907953	 0.001000
 0.835299	 0.599128	 0.259745	 -3.785971	 4.381174	 1.899413	 0.001000
 0.831513	 0.603509	 0.261645	 -3.813638	 4.361329	 1.890810	 0.001000
 0.827699	 0.607870	 0.263535	 -3.841182	 4.341338	 1.882143	 0.001000
 0.823858	 0.612211	 0.265418	 -3.868601	 4.321201	 1.873413	 0.001000
 0.819990	 0.616533	 0.267291	 -3.895895	 4.300918	 1.864620	 0.001000
 0.816094	 0.620834	 0.269156	 -3.923063	 4.280492	 1.855764	 0.001000
 0.812171	 0.625114	 0.271011	 -3.950103	 4.259921	 1.846845	 0.001000
 0.808221	 0.629374	 0.272858	 -3.977016	 4.239207	 1.837865	 0.001000
 0.804244	 0.633613	 0.274696	 -4.003799	 4.218350	 1.828823	 0.001000
 0.800240	 0.637832	 0.276525	 -4.030453	 4.197351	 1.819719	 0.001000
 0.796209	 0.642029	 0.278345	 -4.056975	 4.176212	 1.810554	 0.001000
 0.792152	 0.646205	 0.280155	 -4.083366	 4.154931	 1.801328	 0.001000
 0.788069	 0.650360	 0.281956	 -4.109624	 4.133511	 1.792042	 0.001000
 0.783959	 0.654494	 0.283748	 -4.135749	 4.111951	 1.782695	 0.001000
 0.779824	 0.658606	 0.285531	 -4.161740	 4.090253	 1.773288	 0.001000
 0.775662	 0.662696	 0.287304	 -4.187595	 4.068417	 1.763821	 0.001000
 0.771474	 0.666764	 0.289068	 -4.213314	 4.046443	 1.754295	 0.001000
 0.767261	 0.670811	 0.290823	 -4.238896	 4.024334	 1.744709	 0.001000
 0.763022	 0.674835	 0.292567	 -4.264340	 4.002088	 1.735065	 0.001000
 0.758758	 0.678837	 0.294302	 -4.289645	 3.979708	 1.725362	 0.001000
 0.754468	 0.682817	 0.296028	 -4.314811	 3.957193	 1.715601	 0.001000
 0.750153	 0.686774	 0.297743	 -4.339836	 3.934544	 1.705782	 0.001000
 0.745813	 0.690709	 0.299449	 -4.364720	 3.911763	 1.695905	 0.001000
 0.741449	 0.694620	 0.301145	 -4.389461	 3.888849	 1.685971	 0.001000
 0.737059	 0.698509	 0.302831	 -4.414060	 3.865804	 1.675980	 0.001000
 0.732645	 0.702375	 0.304507	 -4.438515	 3.842628	 1.665933	 0.001000
 0.728207	 0.706218	 0.306173	 -4.462825	 3.819323	 1.655829	 0.001000
 0.723744	 0.710037	 0.307829	 -4.486989	 3.795888	 1.645669	 0.001000
 0.719257	 0.713833	 0.309474	 -4.511007	 3.772325	 1.635453	 0.001000
 0.714746	 0.717605	 0.311110	 -4.534878	 3.748634	 1.625183	 0.001000
 0.710211	 0.721354	 0.312735	 -4.558601	 3.724816	 1.614857	 0.001000
 0.705652	 0.725079	 0.314350	 -4.582175	 3.700872	 1.604476	 0.001000
 0.701070	 0.728779	 0.315954	 -4.605600	 3.676802	 1.594041	 0.001000
 0.696465	 0.732456	 0.317548	 -4.628874	 3.652608	 1.583552	 0.001000
 0.691836	 0.736109	 0.319132	 -4.651997	 3.628290	 1.573009	 0.001000
 0.687184	 0.739737	 0.320705	 -4.674968	 3.603850	 1.562413	 0.001000
 0.682509	 0.743341	 0.322267	 -4.697786	 3.579287	 1.551764	 0.001000
 0.677811	 0.746920	 0.323819	 -4.720450	 3.554602	 1.541062	 0.001000
 0.673091	 0.750475	 0.325360	 -4.742960	 3.529797	 1.530308	 0.001000
 0.668348	 0.754005	 0.326891	 -4.765315	 3.504872	 1.519502	 0.001000
 0.663582	 0.757510	 0.328410	 -4.787514	 3.479828	 1.508645	 0.001000
 0.658795	 0.760989	 0.329919	 -4.809556	 3.454666	 1.497736	 0.001000
 0.653985	 0.764444	 0.331416	 -4.831441	 3.429386	 1.486776	 0.001000
 0.649154	 0.767873	 0.332903	 -4.853168	 3.403990	 1.475766	 0.001000
 0.644301	 0.771277	 0.334379	 -4.874736	 3.378478	 1.464705	 0.001000
 0.639426	 0.774656	 0.335844	 -4.896143	 3.352851	 1.453595	 0.001000
 0.634530	 0.778009	 0.337297	 -4.917391	 3.327110	 1.442435	 0.001000
 0.629612	 0.781336	 0.338740	 -4.938477	 3.301255	 1.431227	 0.001000
 0.624674	 0.784637	 0.340171	 -4.959401	 3.275289	 1.419969	 0.001000
 0.619714	 0.787912	 0.341591	 -4.980163	 3.249211	 1.408663	 0.001000
 0.614734	 0.791162	 0.343000	 -5.000761	 3.223022	 1.397309	 0.001000
 0.609734	 0.794385	 0.344397	 -5.021196	 3.196723	 1.385908	 0.001000
 0.604712	 0.797581	 0.345783	 -5.041465	 3.170315	 1.374459	 0.001000
 0.599671	 0.800752	 0.347157	 -5.061569	 3.143799	 1.362963	 0.001000
 0.594609	 0.803895	 0.348520	 -5.081507	 3.117176	 1.351421	 0.001000
 0.589528	 0.807013	 0.349872	 -5.101277	 3.090446	 1.339833	 0.001000
 0.584427	 0.810103	 0.351211	 -5.120881	 3.063611	 1.328199	 0.001000
 0.579306	 0.813167	 0.352540	 -5.140315	 3.036672	 1.316519	 0.001000
 0.574165	 0.816203	 0.353856	 -5.159581	 3.009628	 1.304795	 0.001000
 0.569006	 0.819213	 0.355161	 -5.178678	 2.982482	 1.293026	 0.001000
 0.563827	 0.822195	 0.356454	 -5.197604	 2.955234	 1.281213	 0.001000
 0.558629	 0.825151	 0.357735	 -5.216359	 2.927885	 1.269356	 0.001000
 0.553413	 0.828079	 0.359005	 -5.234942	 2.900435	 1.257455	 0.001000
 0.548178	 0.830979	 0.360262	 -5.253353	 2.872886	 1.245512	 0.001000
 0.542925	 0.833852	 0.361507	 -5.271591	 2.845239	 1.233526	 0.001000
 0.537653	 0.836697	 0.362741	 -5.289656	 2.817495	 1.221497	 0.001000
 0.532364	 0.839515	 0.363963	 -5.307546	 2.789654	 1.209427	 0.001000
 0.527056	 0.842304	 0.365172	 -5.325262	 2.761717	 1.197316	 0.001000
 0.521731	 0.845066	 0.366369	 -5.342802	 2.733686	 1.185163	 0.001000
 0.516388	 0.847800	 0.367554	 -5.360166	 2.705561	 1.172970	 0.001000
 0.511028	 0.850505	 0.368727	 -5.377353	 2.677343	 1.160736	 0.001000
 0.505650	 0.853183	 0.369888	 -5.394363	 2.649033	 1.148463	 0.001000
 0.500256	 0.855832	 0.371037	 -5.411195	 2.620632	 1.136150	 0.001000
 0.494845	 0.858452	 0.372173	 -5.427849	 2.592141	 1.123798	 0.001000
 0.489417	 0.861044	 0.373297	 -5.444324	 2.563561	 1.111407	 0.001000
 0.483973	 0.863608	 0.374408	 -5.460618	 2.534893	 1.098979	 0.001000
 0.478512	 0.866143	 0.375507	 -5.476733	 2.506138	 1.086512	 0.001000
 0.473035	 0.868649	 0.376593	 -5.492667	 2.477297	 1.074008	 0.001000
 0.467543	 0.871126	 0.377667	 -5.508419	 2.448370	 1.061467	 0.001000
 0.462034	 0.873575	 0.378729	 -5.523990	 2.419359	 1.048890	 0.001000
 0.456510	 0.875994	 0.379778	 -5.539378	 2.390265	 1.036277	 0.001000
 0.450971	 0.878384	 0.380814	 -5.554583	 2.361088	 1.023627	 0.001000
 0.445416	 0.880745	 0.381838	 -5.569604	 2.331830	 1.010943	 0.001000
 0.439847	 0.883077	 0.382849	 -5.584441	 2.302492	 0.998223	 0.001000
 0.434262	 0.885380	 0.383847	 -5.599094	 2.273074	 0.985470	 0.001000
 0.428663	 0.887653	 0.384832	 -5.613561	 2.243578	 0.972682	 0.001000
 0.423050	 0.889896	 0.385805	 -5.627843	 2.214004	 0.959861	 0.001000
 0.417422	 0.892110	 0.386765	 -5.641938	 2.184354	 0.947006	 0.001000
 0.411780	 0.894295	 0.387712	 -5.655847	 2.154628	 0.934119	 0.001000
 0.406124	 0.896449	 0.388646	 -5.669569	 2.124828	 0.921199	 0.001000
 0.400454	 0.898574	 0.389567	 -5.683102	 2.094954	 0.908248	 0.001000
 0.394771	 0.900669	 0.390475	 -5.696448	 2.065008	 0.895265	 0.001000
 0.389075	 0.902734	 0.391371	 -5.709605	 2.034990	 0.882251	 0.001000
 0.383365	 0.904769	 0.392253	 -5.722573	 2.004902	 0.869207	 0.001000
 0.377643	 0.906774	 0.393122	 -5.735351	 1.974745	 0.856132	 0.001000
 0.371907	 0.908749	 0.393978	 -5.747940	 1.944518	 0.843028	 0.001000
 0.366159	 0.910693	 0.394821	 -5.760337	 1.914225	 0.829894	 0.001000
 0.360399	 0.912608	 0.395651	 -5.772544	 1.883865	 0.816732	 0.001000
 0.354627	 0.914491	 0.396468	 -5.784559	 1.853440	 0.803542	 0.001000
 0.348842	 0.916345	 0.397272	 -5.796383	 1.822950	 0.790323	 0.001000
 0.343046	 0.918168	 0.398062	 -5.808014	 1.792397	 0.777077	 0.001000
 0.337238	 0.919960	 0.398839	 -5.819452	 1.761781	 0.763804	 0.001000
 0.331418	 0.921722	 0.399603	 -5.830698	 1.731105	 0.750505	 0.001000
 0.325587	 0.923453	 0.400353	 -5.841750	 1.700368	 0.737179	 0.001000
 0.319746	 0.925153	 0.401090	 -5.852608	 1.669571	 0.723828	 0.001000
 0.313893	 0.926823	 0.401814	 -5.863272	 1.638717	 0.710451	 0.001000
 0.308030	 0.928462	 0.402525	 -5.873741	 1.607806	 0.697050	 0.001000
 0.302156	 0.930070	 0.403222	 -5.884014	 1.576838	 0.683624	 0.001000
 0.296272	 0.931646	 0.403905	 -5.894093	 1.545815	 0.670174	 0.001000
 0.290378	 0.933192	 0.404576	 -5.903976	 1.514739	 0.656701	 0.001000
 0.284474	 0.934707	 0.405232	 -5.913662	 1.483609	 0.643205	 0.001000
 0.278560	 0.936191	 0.405875	 -5.923152	 1.452427	 0.629687	 0.001000
 0.272637	 0.937643	 0.406505	 -5.932445	 1.421195	 0.616147	 0.001000
 0.266705	 0.939064	 0.407121	 -5.941541	 1.389913	 0.602585	 0.001000
 0.260763	 0.940454	 0.407724	 -5.950439	 1.358582	 0.589001	 0.001000
 0.254813	 0.941813	 0.408313	 -5.959140	 1.327203	 0.575398	 0.001000
 0.248854	 0.943140	 0.408888	 -5.967642	 1.295778	 0.561774	 0.001000
 0.242886	 0.944436	 0.409450	 -5.975946	 1.264308	 0.548130	 0.001000
 0.236910	 0.945700	 0.409998	 -5.984051	 1.232792	 0.534467	 0.001000
 0.230926	 0.946933	 0.410533	 -5.991956	 1.201234	 0.520785	 0.001000
 0.224934	 0.948134	 0.411053	 -5.999663	 1.169633	 0.507085	 0.001000
 0.218934	 0.949304	 0.411560	 -6.007170	 1.137991	 0.493367	 0.001000
 0.212927	 0.950442	 0.412054	 -6.014476	 1.106309	 0.479631	 0.001000
 0.206913	 0.951548	 0.412533	 -6.021583	 1.074588	 0.465879	 0.001000
 0.200891	 0.952622	 0.412999	 -6.028489	 1.042828	 0.452110	 0.001000
 0.194863	 0.953665	 0.413451	 -6.035194	 1.011032	 0.438325	 0.001000
 0.188827	 0.954676	 0.413890	 -6.041698	 0.979200	 0.424524	 0.001000
 0.182786	 0.955656	 0.414314	 -6.048001	 0.947333	 0.410709	 0.001000
 0.176738	 0.956603	 0.414725	 -6.054103	 0.915432	 0.396879	 0.001000
 0.170684	 0.957518	 0.415122	 -6.060003	 0.883499	 0.383034	 0.001000
 0.164624	 0.958402	 0.415505	 -6.065701	 0.851535	 0.369176	 0.001000
 0.158558	 0.959253	 0.415874	 -6.071196	 0.819540	 0.355305	 0.001000
 0.152487	 0.960073	 0.416229	 -6.076490	 0.787516	 0.341422	 0.001000
 0.146410	 0.960860	 0.416571	 -6.081581	 0.755463	 0.327526	 0.001000
 0.140329	 0.961616	 0.416898	 -6.086469	 0.723383	 0.313618	 0.001000
 0.134242	 0.962339	 0.417212	 -6.091154	 0.691278	 0.299699	 0.001000
 0.128151	 0.963031	 0.417512	 -6.095636	 0.659147	 0.285769	 0.001000
 0.122055	 0.963690	 0.417797	 -6.099915	 0.626993	 0.271829	 0.001000
 0.115955	 0.964317	 0.418069	 -6.103990	 0.594816	 0.257879	 0.001000
 0.109851	 0.964911	 0.418327	 -6.107862	 0.562617	 0.243919	 0.001000
 0.103744	 0.965474	 0.418571	 -6.111530	 0.530398	 0.229951	 0.001000
 0.097632	 0.966004	 0.418801	 -6.114994	 0.498159	 0.215974	 0.001000
 0.091517	 0.966503	 0.419017	 -6.118254	 0.465902	 0.201990	 0.001000
 0.085399	 0.966969	 0.419219	 -6.121310	 0.433628	 0.187997	 0.001000
 0.079277	 0.967402	 0.419407	 -6.124162	 0.401338	 0.173998	 0.001000
 0.073153	 0.967804	 0.419581	 -6.126809	 0.369033	 0.159993	 0.001000
 0.067027	 0.968173	 0.419741	 -6.129252	 0.336714	 0.145981	 0.001000
 0.060897	 0.968509	 0.419887	 -6.131491	 0.304382	 0.131964	 0.001000
 0.054766	 0.968814	 0.420019	 -6.133524	 0.272038	 0.117942	 0.001000
 0.048632	 0.969086	 0.420137	 -6.135353	 0.239684	 0.103915	 0.001000
 0.042497	 0.969325	 0.420241	 -6.136977	 0.207321	 0.089884	 0.001000
 0.036360	 0.969533	 0.420331	 -6.138397	 0.174949	 0.075850	 0.001000
 0.030222	 0.969708	 0.420407	 -6.139611	 0.142570	 0.061812	 0.001000
 0.024082	 0.969850	 0.420468	 -6.140620	 0.110185	 0.047772	 0.001000
 0.017941	 0.969960	 0.420516	 -6.141424	 0.077795	 0.033730	 0.001000
 0.011800	 0.970038	 0.420550	 -6.142024	 0.045401	 0.019686	 0.001000
 0.005658	 0.970084	 0.420570	 -6.142418	 0.013004	 0.005640	 0.001000
 -0.000485	 0.970097	 0.420575	 -6.142607	 -0.019394	 -0.008406	 0.001000
 -0.006627	 0.970077	 0.420567	 -6.142590	 -0.051793	 -0.022452	 0.001000
 -0.012770	 0.970025	 0.420544	 -6.142369	 -0.084191	 -0.036498	 0.001000
 -0.018912	 0.969941	 0.420508	 -6.141943	 -0.116588	 -0.050543	 0.001000
 -0.025054	 0.969825	 0.420457	 -6.141311	 -0.148981	 -0.064587	 0.001000
 -0.031195	 0.969676	 0.420393	 -6.140474	 -0.181371	 -0.078629	 0.001000
 -0.037336	 0.969494	 0.420314	 -6.139432	 -0.213755	 -0.092669	 0.001000
 -0.043475	 0.969281	 0.420221	 -6.138186	 -0.246134	 -0.106706	 0.001000
 -0.049613	 0.969034	 0.420115	 -6.136734	 -0.278505	 -0.120740	 0.001000
 -0.055750	 0.968756	 0.419994	 -6.135077	 -0.310868	 -0.134771	 0.001000
 -0.061885	 0.968445	 0.419859	 -6.133215	 -0.343221	 -0.148797	 0.001000
 -0.068019	 0.968102	 0.419710	 -6.131148	 -0.375563	 -0.162819	 0.001000
 -0.074150	 0.967726	 0.419548	 -6.128877	 -0.407894	 -0.176836	 0.001000
 -0.080279	 0.967318	 0.419371	 -6.126400	 -0.440212	 -0.190847	 0.001000
 -0.086405	 0.966878	 0.419180	 -6.123719	 -0.472516	 -0.204852	 0.001000
 -0.092529	 0.966406	 0.418975	 -6.120834	 -0.504805	 -0.218850	 0.001000
 -0.098649	 0.965901	 0.418756	 -6.117744	 -0.537077	 -0.232842	 0.001000
 -0.104767	 0.965364	 0.418523	 -6.114450	 -0.569332	 -0.246825	 0.001000
 -0.110882	 0.964794	 0.418276	 -6.110951	 -0.601569	 -0.260801	 0.001000
 -0.116993	 0.964193	 0.418016	 -6.107248	 -0.633786	 -0.274769	 0.001000
 -0.123100	 0.963559	 0.417741	 -6.103342	 -0.665982	 -0.288727	 0.001000
 -0.129203	 0.962893	 0.417452	 -6.099231	 -0.698157	 -0.302676	 0.001000
 -0.135302	 0.962195	 0.417150	 -6.094917	 -0.730309	 -0.316615	 0.001000
 -0.141397	 0.961465	 0.416833	 -6.090399	 -0.762436	 -0.330544	 0.001000
 -0.147488	 0.960702	 0.416502	 -6.085678	 -0.794539	 -0.344461	 0.001000
 -0.153573	 0.959908	 0.416158	 -6.080754	 -0.826615	 -0.358368	 0.001000
 -0.159654	 0.959081	 0.415800	 -6.075626	 -0.858664	 -0.372262	 0.001000
 -0.165730	 0.958222	 0.415427	 -6.070296	 -0.890684	 -0.386144	 0.001000
 -0.171800	 0.957332	 0.415041	 -6.064763	 -0.922675	 -0.400014	 0.001000
 -0.177865	 0.956409	 0.414641	 -6.059028	 -0.954635	 -0.413870	 0.001000
 -0.183924	 0.955454	 0.414227	 -6.053090	 -0.986564	 -0.427712	 0.001000
 -0.189977	 0.954468	 0.413800	 -6.046950	 -1.018459	 -0.441540	 0.001000
 -0.196024	 0.953449	 0.413358	 -6.040608	 -1.050321	 -0.455353	 0.001000
 -0.202065	 0.952399	 0.412903	 -6.034065	 -1.082147	 -0.469151	 0.001000
 -0.208099	 0.951317	 0.412433	 -6.027320	 -1.113937	 -0.482933	 0.001000
 -0.214126	 0.950203	 0.411951	 -6.020374	 -1.145690	 -0.496699	 0.001000
 -0.220146	 0.949057	 0.411454	 -6.013228	 -1.177405	 -0.510449	 0.001000
 -0.226160	 0.947880	 0.410943	 -6.005880	 -1.209080	 -0.524181	 0.001000
 -0.232165	 0.946671	 0.410419	 -5.998332	 -1.240714	 -0.537896	 0.001000
 -0.238164	 0.945430	 0.409881	 -5.990584	 -1.272307	 -0.551593	 0.001000
 -0.244154	 0.944158	 0.409330	 -5.982637	 -1.303857	 -0.565271	 0.001000
 -0.250137	 0.942854	 0.408764	 -5.974489	 -1.335363	 -0.578930	 0.001000
 -0.256111	 0.941518	 0.408186	 -5.966143	 -1.366824	 -0.592570	 0.001000
 -0.262078	 0.940152	 0.407593	 -5.957597	 -1.398239	 -0.606189	 0.001000
 -0.268035	 0.938753	 0.406987	 -5.948853	 -1.429607	 -0.619789	 0.001000
 -0.273984	 0.937324	 0.406367	 -5.939911	 -1.460927	 -0.633367	 0.001000
 -0.279924	 0.935863	 0.405734	 -5.930770	 -1.492197	 -0.646924	 0.001000
 -0.285855	 0.934371	 0.405087	 -5.921432	 -1.523417	 -0.660459	 0.001000
 -0.291776	 0.932847	 0.404426	 -5.911897	 -1.554586	 -0.673972	 0.001000
 -0.297688	 0.931293	 0.403752	 -5.902164	 -1.585702	 -0.687462	 0.001000
 -0.303590	 0.929707	 0.403065	 -5.892235	 -1.616764	 -0.700929	 0.001000
 -0.309482	 0.928090	 0.402364	 -5.882109	 -1.647772	 -0.714372	 0.001000
 -0.315365	 0.926442	 0.401650	 -5.871788	 -1.678724	 -0.727791	 0.001000
 -0.321236	 0.924764	 0.400922	 -5.861271	 -1.709619	 -0.741185	 0.001000
 -0.327098	 0.923054	 0.400181	 -5.850559	 -1.740456	 -0.754554	 0.001000
 -0.332948	 0.921314	 0.399426	 -5.839653	 -1.771235	 -0.767898	 0.001000
 -0.338788	 0.919542	 0.398658	 -5.828552	 -1.801953	 -0.781215	 0.001000
 -0.344616	 0.917740	 0.397877	 -5.817256	 -1.832610	 -0.794506	 0.001000
 -0.350434	 0.915908	 0.397082	 -5.805768	 -1.863205	 -0.807771	 0.001000
 -0.356239	 0.914045	 0.396275	 -5.794086	 -1.893737	 -0.821007	 0.001000
 -0.362034	 0.912151	 0.395454	 -5.782212	 -1.924205	 -0.834216	 0.001000
