 21.254123	 -19.489469	 -8.506288	 0.803221	 0.761480	 0.291647	 0.001000
 21.254926	 -19.488707	 -8.505997	 0.803190	 0.761508	 0.291659	 0.001000
 21.255730	 -19.487946	 -8.505705	 0.803159	 0.761537	 0.291671	 0.001000
 21.256533	 -19.487184	 -8.505413	 0.803128	 0.761565	 0.291684	 0.001000
 21.257336	 -19.486422	 -8.505122	 0.803098	 0.761593	 0.291696	 0.001000
 21.258139	 -19.485661	 -8.504830	 0.803067	 0.761622	 0.291709	 0.001000
 21.258942	 -19.484899	 -8.504538	 0.803036	 0.761650	 0.291721	 0.001000
 21.259745	 -19.484138	 -8.504247	 0.803005	 0.761678	 0.291733	 0.001000
 21.260548	 -19.483376	 -8.503955	 0.802974	 0.761707	 0.291746	 0.001000
 21.261351	 -19.482614	 -8.503663	 0.802943	 0.761735	 0.291758	 0.001000
 21.262154	 -19.481852	 -8.503371	 0.802912	 0.761763	 0.291770	 0.001000
 21.262957	 -19.481091	 -8.503080	 0.802881	 0.761791	 0.291783	 0.001000
 21.263760	 -19.480329	 -8.502788	 0.802850	 0.761820	 0.291795	 0.001000
 21.264563	 -19.479567	 -8.502496	 0.802820	 0.761848	 0.291807	 0.001000
 21.265366	 -19.478805	 -8.502204	 0.802789	 0.761876	 0.291820	 0.001000
 21.266168	 -19.478043	 -8.501912	 0.802758	 0.761905	 0.291832	 0.001000
 21.266971	 -19.477281	 -8.501621	 0.802727	 0.761933	 0.291844	 0.001000
 21.267774	 -19.476520	 -8.501329	 0.802696	 0.761961	 0.291857	 0.001000
 21.268577	 -19.475758	 -8.501037	 0.802665	 0.761990	 0.291869	 0.001000
 21.269379	 -19.474996	 -8.500745	 0.802634	 0.762018	 0.291881	 0.001000
 21.270182	 -19.474234	 -8.500453	 0.802603	 0.762046	 0.291894	 0.001000
 21.270984	 -19.473472	 -8.500161	 0.802572	 0.762074	 0.291906	 0.001000
 21.271787	 -19.472709	 -8.499869	 0.802542	 0.762103	 0.291919	 0.001000
 21.272590	 -19.471947	 -8.499577	 0.802511	 0.762131	 0.291931	 0.001000
 21.273392	 -19.471185	 -8.499285	 0.802480	 0.762159	 0.291943	 0.001000
 21.274195	 -19.470423	 -8.498993	 0.802449	 0.762188	 0.291956	 0.001000
 21.274997	 -19.469661	 -8.498702	 0.802418	 0.762216	 0.291968	 0.001000
 21.275799	 -19.468899	 -8.498410	 0.802387	 0.762244	 0.291980	 0.001000
 21.276602	 -19.468136	 -8.498118	 0.802356	 0.762272	 0.291993	 0.001000
 21.277404	 -19.467374	 -8.497826	 0.802325	 0.762301	 0.292005	 0.001000
 21.278206	 -19.466612	 -8.497534	 0.802294	 0.762329	 0.292017	 0.001000
 21.279009	 -19.465850	 -8.497242	 0.802263	 0.762357	 0.292030	 0.001000
 21.279811	 -19.465087	 -8.496950	 0.802232	 0.762385	 0.292042	 0.001000
 21.280613	 -19.464325	 -8.496657	 0.802202	 0.762414	 0.292054	 0.001000
 21.281415	 -19.463562	 -8.496365	 0.802171	 0.762442	 0.292067	 0.001000
 21.282218	 -19.462800	 -8.496073	 0.802140	 0.762470	 0.292079	 0.001000
 21.283020	 -19.462037	 -8.495781	 0.802109	 0.762499	 0.292091	 0.001000
 21.283822	 -19.461275	 -8.495489	 0.802078	 0.762527	 0.292104	 0.001000
 21.284624	 -19.460512	 -8.495197	 0.802047	 0.762555	 0.292116	 0.001000
 21.285426	 -19.459750	 -8.494905	 0.802016	 0.762583	 0.292128	 0.001000
 21.286228	 -19.458987	 -8.494613	 0.801985	 0.762612	 0.292141	 0.001000
 21.287030	 -19.458225	 -8.494321	 0.801954	 0.762640	 0.292153	 0.001000
 21.287832	 -19.457462	 -8.494029	 0.801923	 0.762668	 0.292165	 0.001000
 21.288634	 -19.456699	 -8.493736	 0.801892	 0.762696	 0.292178	 0.001000
 21.289436	 -19.455937	 -8.493444	 0.801861	 0.762725	 0.292190	 0.001000
 21.290238	 -19.455174	 -8.493152	 0.801830	 0.762753	 0.292202	 0.001000
 21.291039	 -19.454411	 -8.492860	 0.801800	 0.762781	 0.292215	 0.001000
 21.291841	 -19.453648	 -8.492568	 0.801769	 0.762810	 0.292227	 0.001000
 21.292643	 -19.452886	 -8.492275	 0.801738	 0.762838	 0.292239	 0.001000
 21.293445	 -19.452123	 -8.491983	 0.801707	 0.762866	 0.292252	 0.001000
 21.294246	 -19.451360	 -8.491691	 0.801676	 0.762894	 0.292264	 0.001000
 21.295048	 -19.450597	 -8.491399	 0.801645	 0.762923	 0.292276	 0.001000
 21.295850	 -19.449834	 -8.491106	 0.801614	 0.762951	 0.292289	 0.001000
 21.296651	 -19.449071	 -8.490814	 0.801583	 0.762979	 0.292301	 0.001000
 21.297453	 -19.448308	 -8.490522	 0.801552	 0.763007	 0.292313	 0.001000
 21.298255	 -19.447545	 -8.490229	 0.801521	 0.763036	 0.292326	 0.001000
 21.299056	 -19.446782	 -8.489937	 0.801490	 0.763064	 0.292338	 0.001000
 21.299858	 -19.446019	 -8.489645	 0.801459	 0.763092	 0.292350	 0.001000
 21.300659	 -19.445256	 -8.489352	 0.801428	 0.763120	 0.292363	 0.001000
 21.301460	 -19.444493	 -8.489060	 0.801397	 0.763149	 0.292375	 0.001000
 21.302262	 -19.443730	 -8.488768	 0.801366	 0.763177	 0.292387	 0.001000
 21.303063	 -19.442966	 -8.488475	 0.801336	 0.763205	 0.292400	 0.001000
 21.303865	 -19.442203	 -8.488183	 0.801305	 0.763233	 0.292412	 0.001000
 21.304666	 -19.441440	 -8.487891	 0.801274	 0.763262	 0.292424	 0.001000
 21.305467	 -19.440677	 -8.487598	 0.801243	 0.763290	 0.292437	 0.001000
 21.306268	 -19.439914	 -8.487306	 0.801212	 0.763318	 0.292449	 0.001000
 21.307070	 -19.439150	 -8.487013	 0.801181	 0.763346	 0.292461	 0.001000
 21.307871	 -19.438387	 -8.486721	 0.801150	 0.763375	 0.292474	 0.001000
 21.308672	 -19.437623	 -8.486428	 0.801119	 0.763403	 0.292486	 0.001000
 21.309473	 -19.436860	 -8.486136	 0.801088	 0.763431	 0.292498	 0.001000
 21.310274	 -19.436097	 -8.485843	 0.801057	 0.763459	 0.292511	 0.001000
 21.311075	 -19.435333	 -8.485551	 0.801026	 0.763487	 0.292523	 0.001000
 21.311876	 -19.434570	 -8.485258	 0.800995	 0.763516	 0.292535	 0.001000
 21.312677	 -19.433806	 -8.484966	 0.800964	 0.763544	 0.292548	 0.001000
 21.313478	 -19.433043	 -8.484673	 0.800933	 0.763572	 0.292560	 0.001000
 21.314279	 -19.432279	 -8.484381	 0.800902	 0.763600	 0.292572	 0.001000
 21.315080	 -19.431515	 -8.484088	 0.800871	 0.763629	 0.292585	 0.001000
 21.315881	 -19.430752	 -8.483795	 0.800840	 0.763657	 0.292597	 0.001000
 21.316682	 -19.429988	 -8.483503	 0.800809	 0.763685	 0.292609	 0.001000
 21.317482	 -19.429224	 -8.483210	 0.800778	 0.763713	 0.292622	 0.001000
 21.318283	 -19.428461	 -8.482918	 0.800747	 0.763742	 0.292634	 0.001000
 21.319084	 -19.427697	 -8.482625	 0.800716	 0.763770	 0.292646	 0.001000
 21.319885	 -19.426933	 -8.482332	 0.800685	 0.763798	 0.292659	 0.001000
 21.320685	 -19.426169	 -8.482040	 0.800654	 0.763826	 0.292671	 0.001000
 21.321486	 -19.425406	 -8.481747	 0.800623	 0.763854	 0.292683	 0.001000
 21.322287	 -19.424642	 -8.481454	 0.800592	 0.763883	 0.292696	 0.001000
 21.323087	 -19.423878	 -8.481162	 0.800561	 0.763911	 0.292708	 0.001000
 21.323888	 -19.423114	 -8.480869	 0.800530	 0.763939	 0.292720	 0.001000
 21.324688	 -19.422350	 -8.480576	 0.800500	 0.763967	 0.292733	 0.001000
 21.325489	 -19.421586	 -8.480283	 0.800469	 0.763996	 0.292745	 0.001000
 21.326289	 -19.420822	 -8.479991	 0.800438	 0.764024	 0.292757	 0.001000
 21.327090	 -19.420058	 -8.479698	 0.800407	 0.764052	 0.292770	 0.001000
 21.327890	 -19.419294	 -8.479405	 0.800376	 0.764080	 0.292782	 0.001000
 21.328691	 -19.418530	 -8.479112	 0.800345	 0.764108	 0.292794	 0.001000
 21.329491	 -19.417766	 -8.478820	 0.800314	 0.764137	 0.292806	 0.001000
 21.330291	 -19.417002	 -8.478527	 0.800283	 0.764165	 0.292819	 0.001000
 21.331092	 -19.416238	 -8.478234	 0.800252	 0.764193	 0.292831	 0.001000
 21.331892	 -19.415473	 -8.477941	 0.800221	 0.764221	 0.292843	 0.001000
 21.332692	 -19.414709	 -8.477648	 0.800190	 0.764249	 0.292856	 0.001000
 21.333492	 -19.413945	 -8.477355	 0.800159	 0.764278	 0.292868	 0.001000
 21.334292	 -19.413181	 -8.477063	 0.800128	 0.764306	 0.292880	 0.001000
 21.335092	 -19.412416	 -8.476770	 0.800097	 0.764334	 0.292893	 0.001000
 21.335893	 -19.411652	 -8.476477	 0.800066	 0.764362	 0.292905	 0.001000
 21.336693	 -19.410888	 -8.476184	 0.800035	 0.764390	 0.292917	 0.001000
 21.337493	 -19.410123	 -8.475891	 0.800004	 0.764419	 0.292930	 0.001000
 21.338293	 -19.409359	 -8.475598	 0.799973	 0.764447	 0.292942	 0.001000
 21.339093	 -19.408594	 -8.475305	 0.799942	 0.764475	 0.292954	 0.001000
 21.339893	 -19.407830	 -8.475012	 0.799911	 0.764503	 0.292967	 0.001000
 21.340692	 -19.407065	 -8.474719	 0.799880	 0.764531	 0.292979	 0.001000
 21.341492	 -19.406301	 -8.474426	 0.799849	 0.764560	 0.292991	 0.001000
 21.342292	 -19.405536	 -8.474133	 0.799818	 0.764588	 0.293004	 0.001000
 21.343092	 -19.404772	 -8.473840	 0.799787	 0.764616	 0.293016	 0.001000
 21.343892	 -19.404007	 -8.473547	 0.799756	 0.764644	 0.293028	 0.001000
 21.344692	 -19.403242	 -8.473254	 0.799725	 0.764672	 0.293040	 0.001000
 21.345491	 -19.402478	 -8.472961	 0.799694	 0.764701	 0.293053	 0.001000
 21.346291	 -19.401713	 -8.472668	 0.799663	 0.764729	 0.293065	 0.001000
 21.347091	 -19.400948	 -8.472375	 0.799632	 0.764757	 0.293077	 0.001000
 21.347890	 -19.400184	 -8.472082	 0.799601	 0.764785	 0.293090	 0.001000
 21.348690	 -19.399419	 -8.471789	 0.799570	 0.764813	 0.293102	 0.001000
 21.349489	 -19.398654	 -8.471496	 0.799539	 0.764841	 0.293114	 0.001000
 21.350289	 -19.397889	 -8.471203	 0.799508	 0.764870	 0.293127	 0.001000
 21.351089	 -19.397124	 -8.470910	 0.799477	 0.764898	 0.293139	 0.001000
 21.351888	 -19.396359	 -8.470616	 0.799446	 0.764926	 0.293151	 0.001000
 21.352687	 -19.395594	 -8.470323	 0.799415	 0.764954	 0.293164	 0.001000
 21.353487	 -19.394829	 -8.470030	 0.799384	 0.764982	 0.293176	 0.001000
 21.354286	 -19.394064	 -8.469737	 0.799353	 0.765011	 0.293188	 0.001000
 21.355086	 -19.393299	 -8.469444	 0.799321	 0.765039	 0.293200	 0.001000
 21.355885	 -19.392534	 -8.469150	 0.799290	 0.765067	 0.293213	 0.001000
 21.356684	 -19.391769	 -8.468857	 0.799259	 0.765095	 0.293225	 0.001000
 21.357483	 -19.391004	 -8.468564	 0.799228	 0.765123	 0.293237	 0.001000
 21.358283	 -19.390239	 -8.468271	 0.799197	 0.765151	 0.293250	 0.001000
 21.359082	 -19.389474	 -8.467978	 0.799166	 0.765180	 0.293262	 0.001000
 21.359881	 -19.388709	 -8.467684	 0.799135	 0.765208	 0.293274	 0.001000
 21.360680	 -19.387944	 -8.467391	 0.799104	 0.765236	 0.293287	 0.001000
 21.361479	 -19.387178	 -8.467098	 0.799073	 0.765264	 0.293299	 0.001000
 21.362278	 -19.386413	 -8.466804	 0.799042	 0.765292	 0.293311	 0.001000
 21.363077	 -19.385648	 -8.466511	 0.799011	 0.765320	 0.293323	 0.001000
 21.363876	 -19.384882	 -8.466218	 0.798980	 0.765349	 0.293336	 0.001000
 21.364675	 -19.384117	 -8.465924	 0.798949	 0.765377	 0.293348	 0.001000
 21.365474	 -19.383352	 -8.465631	 0.798918	 0.765405	 0.293360	 0.001000
 21.366273	 -19.382586	 -8.465338	 0.798887	 0.765433	 0.293373	 0.001000
 21.367072	 -19.381821	 -8.465044	 0.798856	 0.765461	 0.293385	 0.001000
 21.367871	 -19.381055	 -8.464751	 0.798825	 0.765489	 0.293397	 0.001000
 21.368670	 -19.380290	 -8.464458	 0.798794	 0.765518	 0.293410	 0.001000
 21.369469	 -19.379524	 -8.464164	 0.798763	 0.765546	 0.293422	 0.001000
 21.370267	 -19.378759	 -8.463871	 0.798732	 0.765574	 0.293434	 0.001000
 21.371066	 -19.377993	 -8.463577	 0.798701	 0.765602	 0.293446	 0.001000
 21.371865	 -19.377228	 -8.463284	 0.798670	 0.765630	 0.293459	 0.001000
 21.372663	 -19.376462	 -8.462990	 0.798639	 0.765658	 0.293471	 0.001000
 21.373462	 -19.375696	 -8.462697	 0.798608	 0.765686	 0.293483	 0.001000
 21.374261	 -19.374931	 -8.462403	 0.798577	 0.765715	 0.293496	 0.001000
 21.375059	 -19.374165	 -8.462110	 0.798546	 0.765743	 0.293508	 0.001000
 21.375858	 -19.373399	 -8.461816	 0.798514	 0.765771	 0.293520	 0.001000
 21.376656	 -19.372634	 -8.461523	 0.798483	 0.765799	 0.293532	 0.001000
 21.377455	 -19.371868	 -8.461229	 0.798452	 0.765827	 0.293545	 0.001000
 21.378253	 -19.371102	 -8.460936	 0.798421	 0.765855	 0.293557	 0.001000
 21.379052	 -19.370336	 -8.460642	 0.798390	 0.765883	 0.293569	 0.001000
 21.379850	 -19.369570	 -8.460349	 0.798359	 0.765912	 0.293582	 0.001000
 21.380648	 -19.368804	 -8.460055	 0.798328	 0.765940	 0.293594	 0.001000
 21.381447	 -19.368038	 -8.459762	 0.798297	 0.765968	 0.293606	 0.001000
 21.382245	 -19.367272	 -8.459468	 0.798266	 0.765996	 0.293619	 0.001000
 21.383043	 -19.366506	 -8.459174	 0.798235	 0.766024	 0.293631	 0.001000
 21.383842	 -19.365740	 -8.458881	 0.798204	 0.766052	 0.293643	 0.001000
 21.384640	 -19.364974	 -8.458587	 0.798173	 0.766080	 0.293655	 0.001000
 21.385438	 -19.364208	 -8.458293	 0.798142	 0.766109	 0.293668	 0.001000
 21.386236	 -19.363442	 -8.458000	 0.798111	 0.766137	 0.293680	 0.001000
 21.387034	 -19.362676	 -8.457706	 0.798080	 0.766165	 0.293692	 0.001000
 21.387832	 -19.361910	 -8.457412	 0.798049	 0.766193	 0.293705	 0.001000
 21.388630	 -19.361144	 -8.457119	 0.798017	 0.766221	 0.293717	 0.001000
 21.389428	 -19.360377	 -8.456825	 0.797986	 0.766249	 0.293729	 0.001000
 21.390226	 -19.359611	 -8.456531	 0.797955	 0.766277	 0.293741	 0.001000
 21.391024	 -19.358845	 -8.456238	 0.797924	 0.766305	 0.293754	 0.001000
 21.391822	 -19.358079	 -8.455944	 0.797893	 0.766334	 0.293766	 0.001000
 21.392620	 -19.357312	 -8.455650	 0.797862	 0.766362	 0.293778	 0.001000
 21.393418	 -19.356546	 -8.455356	 0.797831	 0.766390	 0.293791	 0.001000
 21.394216	 -19.355779	 -8.455062	 0.797800	 0.766418	 0.293803	 0.001000
 21.395014	 -19.355013	 -8.454769	 0.797769	 0.766446	 0.293815	 0.001000
 21.395811	 -19.354247	 -8.454475	 0.797738	 0.766474	 0.293827	 0.001000
 21.396609	 -19.353480	 -8.454181	 0.797707	 0.766502	 0.293840	 0.001000
 21.397407	 -19.352714	 -8.453887	 0.797676	 0.766530	 0.293852	 0.001000
 21.398205	 -19.351947	 -8.453593	 0.797644	 0.766559	 0.293864	 0.001000
 21.399002	 -19.351181	 -8.453299	 0.797613	 0.766587	 0.293877	 0.001000
 21.399800	 -19.350414	 -8.453006	 0.797582	 0.766615	 0.293889	 0.001000
 21.400597	 -19.349647	 -8.452712	 0.797551	 0.766643	 0.293901	 0.001000
 21.401395	 -19.348881	 -8.452418	 0.797520	 0.766671	 0.293913	 0.001000
 21.402192	 -19.348114	 -8.452124	 0.797489	 0.766699	 0.293926	 0.001000
 21.402990	 -19.347347	 -8.451830	 0.797458	 0.766727	 0.293938	 0.001000
 21.403787	 -19.346581	 -8.451536	 0.797427	 0.766755	 0.293950	 0.001000
 21.404585	 -19.345814	 -8.451242	 0.797396	 0.766783	 0.293963	 0.001000
 21.405382	 -19.345047	 -8.450948	 0.797365	 0.766812	 0.293975	 0.001000
 21.406180	 -19.344280	 -8.450654	 0.797334	 0.766840	 0.293987	 0.001000
 21.406977	 -19.343513	 -8.450360	 0.797302	 0.766868	 0.293999	 0.001000
 21.407774	 -19.342747	 -8.450066	 0.797271	 0.766896	 0.294012	 0.001000
 21.408571	 -19.341980	 -8.449772	 0.797240	 0.766924	 0.294024	 0.001000
 21.409369	 -19.341213	 -8.449478	 0.797209	 0.766952	 0.294036	 0.001000
 21.410166	 -19.340446	 -8.449184	 0.797178	 0.766980	 0.294048	 0.001000
 21.410963	 -19.339679	 -8.448890	 0.797147	 0.767008	 0.294061	 0.001000
 21.411760	 -19.338912	 -8.448596	 0.797116	 0.767036	 0.294073	 0.001000
 21.412557	 -19.338145	 -8.448302	 0.797085	 0.767064	 0.294085	 0.001000
 21.413354	 -19.337378	 -8.448008	 0.797054	 0.767093	 0.294098	 0.001000
 21.414152	 -19.336611	 -8.447714	 0.797022	 0.767121	 0.294110	 0.001000
 21.414949	 -19.335843	 -8.447420	 0.796991	 0.767149	 0.294122	 0.001000
 21.415746	 -19.335076	 -8.447125	 0.796960	 0.767177	 0.294134	 0.001000
 21.416542	 -19.334309	 -8.446831	 0.796929	 0.767205	 0.294147	 0.001000
 21.417339	 -19.333542	 -8.446537	 0.796898	 0.767233	 0.294159	 0.001000
 21.418136	 -19.332775	 -8.446243	 0.796867	 0.767261	 0.294171	 0.001000
 21.418933	 -19.332007	 -8.445949	 0.796836	 0.767289	 0.294183	 0.001000
 21.419730	 -19.331240	 -8.445655	 0.796805	 0.767317	 0.294196	 0.001000
 21.420527	 -19.330473	 -8.445360	 0.796774	 0.767345	 0.294208	 0.001000
 21.421324	 -19.329705	 -8.445066	 0.796742	 0.767373	 0.294220	 0.001000
 21.422120	 -19.328938	 -8.444772	 0.796711	 0.767402	 0.294233	 0.001000
 21.422917	 -19.328171	 -8.444478	 0.796680	 0.767430	 0.294245	 0.001000
 21.423714	 -19.327403	 -8.444184	 0.796649	 0.767458	 0.294257	 0.001000
 21.424510	 -19.326636	 -8.443889	 0.796618	 0.767486	 0.294269	 0.001000
 21.425307	 -19.325868	 -8.443595	 0.796587	 0.767514	 0.294282	 0.001000
 21.426104	 -19.325101	 -8.443301	 0.796556	 0.767542	 0.294294	 0.001000
 21.426900	 -19.324333	 -8.443006	 0.796525	 0.767570	 0.294306	 0.001000
 21.427697	 -19.323566	 -8.442712	 0.796493	 0.767598	 0.294318	 0.001000
 21.428493	 -19.322798	 -8.442418	 0.796462	 0.767626	 0.294331	 0.001000
 21.429290	 -19.322030	 -8.442123	 0.796431	 0.767654	 0.294343	 0.001000
 21.430086	 -19.321263	 -8.441829	 0.796400	 0.767682	 0.294355	 0.001000
 21.430882	 -19.320495	 -8.441535	 0.796369	 0.767710	 0.294367	 0.001000
 21.431679	 -19.319727	 -8.441240	 0.796338	 0.767738	 0.294380	 0.001000
 21.432475	 -19.318960	 -8.440946	 0.796307	 0.767767	 0.294392	 0.001000
 21.433271	 -19.318192	 -8.440652	 0.796275	 0.767795	 0.294404	 0.001000
 21.434068	 -19.317424	 -8.440357	 0.796244	 0.767823	 0.294417	 0.001000
 21.434864	 -19.316656	 -8.440063	 0.796213	 0.767851	 0.294429	 0.001000
 21.435660	 -19.315888	 -8.439768	 0.796182	 0.767879	 0.294441	 0.001000
 21.436456	 -19.315121	 -8.439474	 0.796151	 0.767907	 0.294453	 0.001000
 21.437253	 -19.314353	 -8.439179	 0.796120	 0.767935	 0.294466	 0.001000
 21.438049	 -19.313585	 -8.438885	 0.796089	 0.767963	 0.294478	 0.001000
 21.438845	 -19.312817	 -8.438591	 0.796057	 0.767991	 0.294490	 0.001000
 21.439641	 -19.312049	 -8.438296	 0.796026	 0.768019	 0.294502	 0.001000
 21.440437	 -19.311281	 -8.438002	 0.795995	 0.768047	 0.294515	 0.001000
 21.441233	 -19.310513	 -8.437707	 0.795964	 0.768075	 0.294527	 0.001000
 21.442029	 -19.309745	 -8.437413	 0.795933	 0.768103	 0.294539	 0.001000
 21.442825	 -19.308977	 -8.437118	 0.795902	 0.768131	 0.294551	 0.001000
 21.443621	 -19.308208	 -8.436823	 0.795871	 0.768159	 0.294564	 0.001000
 21.444416	 -19.307440	 -8.436529	 0.795839	 0.768187	 0.294576	 0.001000
 21.445212	 -19.306672	 -8.436234	 0.795808	 0.768216	 0.294588	 0.001000
 21.446008	 -19.305904	 -8.435940	 0.795777	 0.768244	 0.294600	 0.001000
 21.446804	 -19.305136	 -8.435645	 0.795746	 0.768272	 0.294613	 0.001000
 21.447600	 -19.304367	 -8.435350	 0.795715	 0.768300	 0.294625	 0.001000
 21.448395	 -19.303599	 -8.435056	 0.795684	 0.768328	 0.294637	 0.001000
 21.449191	 -19.302831	 -8.434761	 0.795652	 0.768356	 0.294649	 0.001000
 21.449987	 -19.302062	 -8.434467	 0.795621	 0.768384	 0.294662	 0.001000
 21.450782	 -19.301294	 -8.434172	 0.795590	 0.768412	 0.294674	 0.001000
 21.451578	 -19.300526	 -8.433877	 0.795559	 0.768440	 0.294686	 0.001000
 21.452373	 -19.299757	 -8.433583	 0.795528	 0.768468	 0.294698	 0.001000
 21.453169	 -19.298989	 -8.433288	 0.795497	 0.768496	 0.294711	 0.001000
 21.453964	 -19.298220	 -8.432993	 0.795465	 0.768524	 0.294723	 0.001000
 21.454760	 -19.297452	 -8.432698	 0.795434	 0.768552	 0.294735	 0.001000
 21.455555	 -19.296683	 -8.432404	 0.795403	 0.768580	 0.294747	 0.001000
 21.456351	 -19.295914	 -8.432109	 0.795372	 0.768608	 0.294760	 0.001000
 21.457146	 -19.295146	 -8.431814	 0.795341	 0.768636	 0.294772	 0.001000
 21.457942	 -19.294377	 -8.431519	 0.795310	 0.768664	 0.294784	 0.001000
 21.458737	 -19.293609	 -8.431225	 0.795278	 0.768692	 0.294796	 0.001000
 21.459532	 -19.292840	 -8.430930	 0.795247	 0.768720	 0.294809	 0.001000
 21.460327	 -19.292071	 -8.430635	 0.795216	 0.768748	 0.294821	 0.001000
 21.461123	 -19.291302	 -8.430340	 0.795185	 0.768776	 0.294833	 0.001000
 21.461918	 -19.290534	 -8.430045	 0.795154	 0.768804	 0.294845	 0.001000
 21.462713	 -19.289765	 -8.429751	 0.795122	 0.768832	 0.294858	 0.001000
 21.463508	 -19.288996	 -8.429456	 0.795091	 0.768860	 0.294870	 0.001000
 21.464303	 -19.288227	 -8.429161	 0.795060	 0.768888	 0.294882	 0.001000
 21.465098	 -19.287458	 -8.428866	 0.795029	 0.768916	 0.294894	 0.001000
 21.465893	 -19.286689	 -8.428571	 0.794998	 0.768944	 0.294907	 0.001000
 21.466688	 -19.285920	 -8.428276	 0.794967	 0.768973	 0.294919	 0.001000
 21.467483	 -19.285151	 -8.427981	 0.794935	 0.769001	 0.294931	 0.001000
 21.468278	 -19.284382	 -8.427686	 0.794904	 0.769029	 0.294943	 0.001000
 21.469073	 -19.283613	 -8.427391	 0.794873	 0.769057	 0.294956	 0.001000
 21.469868	 -19.282844	 -8.427096	 0.794842	 0.769085	 0.294968	 0.001000
 21.470663	 -19.282075	 -8.426801	 0.794811	 0.769113	 0.294980	 0.001000
 21.471458	 -19.281306	 -8.426506	 0.794779	 0.769141	 0.294992	 0.001000
 21.472252	 -19.280537	 -8.426211	 0.794748	 0.769169	 0.295005	 0.001000
 21.473047	 -19.279768	 -8.425916	 0.794717	 0.769197	 0.295017	 0.001000
 21.473842	 -19.278999	 -8.425621	 0.794686	 0.769225	 0.295029	 0.001000
 21.474636	 -19.278229	 -8.425326	 0.794655	 0.769253	 0.295041	 0.001000
 21.475431	 -19.277460	 -8.425031	 0.794623	 0.769281	 0.295054	 0.001000
 21.476226	 -19.276691	 -8.424736	 0.794592	 0.769309	 0.295066	 0.001000
 21.477020	 -19.275922	 -8.424441	 0.794561	 0.769337	 0.295078	 0.001000
 21.477815	 -19.275152	 -8.424146	 0.794530	 0.769365	 0.295090	 0.001000
 21.478609	 -19.274383	 -8.423851	 0.794499	 0.769393	 0.295103	 0.001000
 21.479404	 -19.273613	 -8.423556	 0.794467	 0.769421	 0.295115	 0.001000
 21.480198	 -19.272844	 -8.423261	 0.794436	 0.769449	 0.295127	 0.001000
 21.480993	 -19.272075	 -8.422966	 0.794405	 0.769477	 0.295139	 0.001000
 21.481787	 -19.271305	 -8.422671	 0.794374	 0.769505	 0.295152	 0.001000
 21.482582	 -19.270536	 -8.422375	 0.794343	 0.769533	 0.295164	 0.001000
 21.483376	 -19.269766	 -8.422080	 0.794311	 0.769561	 0.295176	 0.001000
 21.484170	 -19.268997	 -8.421785	 0.794280	 0.769589	 0.295188	 0.001000
 21.484965	 -19.268227	 -8.421490	 0.794249	 0.769617	 0.295201	 0.001000
 21.485759	 -19.267457	 -8.421195	 0.794218	 0.769645	 0.295213	 0.001000
 21.486553	 -19.266688	 -8.420899	 0.794186	 0.769673	 0.295225	 0.001000
 21.487347	 -19.265918	 -8.420604	 0.794155	 0.769701	 0.295237	 0.001000
 21.488141	 -19.265148	 -8.420309	 0.794124	 0.769729	 0.295249	 0.001000
 21.488935	 -19.264379	 -8.420014	 0.794093	 0.769757	 0.295262	 0.001000
 21.489730	 -19.263609	 -8.419718	 0.794062	 0.769785	 0.295274	 0.001000
 21.490524	 -19.262839	 -8.419423	 0.794030	 0.769813	 0.295286	 0.001000
 21.491318	 -19.262069	 -8.419128	 0.793999	 0.769841	 0.295298	 0.001000
 21.492112	 -19.261299	 -8.418833	 0.793968	 0.769869	 0.295311	 0.001000
 21.492906	 -19.260529	 -8.418537	 0.793937	 0.769897	 0.295323	 0.001000
 21.493700	 -19.259760	 -8.418242	 0.793905	 0.769925	 0.295335	 0.001000
 21.494493	 -19.258990	 -8.417947	 0.793874	 0.769953	 0.295347	 0.001000
 21.495287	 -19.258220	 -8.417651	 0.793843	 0.769981	 0.295360	 0.001000
 21.496081	 -19.257450	 -8.417356	 0.793812	 0.770009	 0.295372	 0.001000
 21.496875	 -19.256680	 -8.417061	 0.793781	 0.770037	 0.295384	 0.001000
 21.497669	 -19.255910	 -8.416765	 0.793749	 0.770065	 0.295396	 0.001000
 21.498463	 -19.255140	 -8.416470	 0.793718	 0.770093	 0.295408	 0.001000
 21.499256	 -19.254370	 -8.416174	 0.793687	 0.770120	 0.295421	 0.001000
 21.500050	 -19.253599	 -8.415879	 0.793656	 0.770148	 0.295433	 0.001000
 21.500844	 -19.252829	 -8.415584	 0.793624	 0.770176	 0.295445	 0.001000
 21.501637	 -19.252059	 -8.415288	 0.793593	 0.770204	 0.295457	 0.001000
 21.502431	 -19.251289	 -8.414993	 0.793562	 0.770232	 0.295470	 0.001000
 21.503224	 -19.250519	 -8.414697	 0.793531	 0.770260	 0.295482	 0.001000
 21.504018	 -19.249748	 -8.414402	 0.793499	 0.770288	 0.295494	 0.001000
 21.504811	 -19.248978	 -8.414106	 0.793468	 0.770316	 0.295506	 0.001000
 21.505605	 -19.248208	 -8.413811	 0.793437	 0.770344	 0.295519	 0.001000
 21.506398	 -19.247437	 -8.413515	 0.793406	 0.770372	 0.295531	 0.001000
 21.507192	 -19.246667	 -8.413220	 0.793374	 0.770400	 0.295543	 0.001000
 21.507985	 -19.245897	 -8.412924	 0.793343	 0.770428	 0.295555	 0.001000
 21.508778	 -19.245126	 -8.412629	 0.793312	 0.770456	 0.295567	 0.001000
 21.509572	 -19.244356	 -8.412333	 0.793281	 0.770484	 0.295580	 0.001000
 21.510365	 -19.243585	 -8.412037	 0.793249	 0.770512	 0.295592	 0.001000
 21.511158	 -19.242815	 -8.411742	 0.793218	 0.770540	 0.295604	 0.001000
 21.511951	 -19.242044	 -8.411446	 0.793187	 0.770568	 0.295616	 0.001000
 21.512745	 -19.241274	 -8.411151	 0.793156	 0.770596	 0.295629	 0.001000
 21.513538	 -19.240503	 -8.410855	 0.793124	 0.770624	 0.295641	 0.001000
 21.514331	 -19.239732	 -8.410559	 0.793093	 0.770652	 0.295653	 0.001000
 21.515124	 -19.238962	 -8.410264	 0.793062	 0.770680	 0.295665	 0.001000
 21.515917	 -19.238191	 -8.409968	 0.793031	 0.770708	 0.295677	 0.001000
 21.516710	 -19.237420	 -8.409672	 0.792999	 0.770736	 0.295690	 0.001000
 21.517503	 -19.236650	 -8.409377	 0.792968	 0.770764	 0.295702	 0.001000
 21.518296	 -19.235879	 -8.409081	 0.792937	 0.770792	 0.295714	 0.001000
 21.519089	 -19.235108	 -8.408785	 0.792905	 0.770820	 0.295726	 0.001000
 21.519882	 -19.234337	 -8.408489	 0.792874	 0.770848	 0.295739	 0.001000
 21.520675	 -19.233566	 -8.408194	 0.792843	 0.770875	 0.295751	 0.001000
 21.521468	 -19.232796	 -8.407898	 0.792812	 0.770903	 0.295763	 0.001000
 21.522260	 -19.232025	 -8.407602	 0.792780	 0.770931	 0.295775	 0.001000
 21.523053	 -19.231254	 -8.407306	 0.792749	 0.770959	 0.295787	 0.001000
 21.523846	 -19.230483	 -8.407011	 0.792718	 0.770987	 0.295800	 0.001000
 21.524639	 -19.229712	 -8.406715	 0.792687	 0.771015	 0.295812	 0.001000
 21.525431	 -19.228941	 -8.406419	 0.792655	 0.771043	 0.295824	 0.001000
 21.526224	 -19.228170	 -8.406123	 0.792624	 0.771071	 0.295836	 0.001000
 21.527017	 -19.227399	 -8.405827	 0.792593	 0.771099	 0.295848	 0.001000
 21.527809	 -19.226628	 -8.405532	 0.792561	 0.771127	 0.295861	 0.001000
 21.528602	 -19.225856	 -8.405236	 0.792530	 0.771155	 0.295873	 0.001000
 21.529394	 -19.225085	 -8.404940	 0.792499	 0.771183	 0.295885	 0.001000
 21.530187	 -19.224314	 -8.404644	 0.792468	 0.771211	 0.295897	 0.001000
 21.530979	 -19.223543	 -8.404348	 0.792436	 0.771239	 0.295910	 0.001000
 21.531772	 -19.222772	 -8.404052	 0.792405	 0.771267	 0.295922	 0.001000
 21.532564	 -19.222000	 -8.403756	 0.792374	 0.771295	 0.295934	 0.001000
 21.533357	 -19.221229	 -8.403460	 0.792342	 0.771322	 0.295946	 0.001000
 21.534149	 -19.220458	 -8.403164	 0.792311	 0.771350	 0.295958	 0.001000
 21.534941	 -19.219686	 -8.402868	 0.792280	 0.771378	 0.295971	 0.001000
 21.535733	 -19.218915	 -8.402572	 0.792249	 0.771406	 0.295983	 0.001000
 21.536526	 -19.218144	 -8.402276	 0.792217	 0.771434	 0.295995	 0.001000
 21.537318	 -19.217372	 -8.401980	 0.792186	 0.771462	 0.296007	 0.001000
 21.538110	 -19.216601	 -8.401684	 0.792155	 0.771490	 0.296019	 0.001000
 21.538902	 -19.215829	 -8.401388	 0.792123	 0.771518	 0.296032	 0.001000
 21.539694	 -19.215058	 -8.401092	 0.792092	 0.771546	 0.296044	 0.001000
 21.540487	 -19.214286	 -8.400796	 0.792061	 0.771574	 0.296056	 0.001000
 21.541279	 -19.213515	 -8.400500	 0.792030	 0.771602	 0.296068	 0.001000
 21.542071	 -19.212743	 -8.400204	 0.791998	 0.771630	 0.296080	 0.001000
 21.542863	 -19.211971	 -8.399908	 0.791967	 0.771658	 0.296093	 0.001000
 21.543655	 -19.211200	 -8.399612	 0.791936	 0.771685	 0.296105	 0.001000
 21.544446	 -19.210428	 -8.399316	 0.791904	 0.771713	 0.296117	 0.001000
 21.545238	 -19.209656	 -8.399020	 0.791873	 0.771741	 0.296129	 0.001000
 21.546030	 -19.208885	 -8.398724	 0.791842	 0.771769	 0.296141	 0.001000
 21.546822	 -19.208113	 -8.398428	 0.791810	 0.771797	 0.296154	 0.001000
 21.547614	 -19.207341	 -8.398131	 0.791779	 0.771825	 0.296166	 0.001000
 21.548406	 -19.206569	 -8.397835	 0.791748	 0.771853	 0.296178	 0.001000
 21.549197	 -19.205797	 -8.397539	 0.791716	 0.771881	 0.296190	 0.001000
 21.549989	 -19.205025	 -8.397243	 0.791685	 0.771909	 0.296202	 0.001000
 21.550781	 -19.204254	 -8.396947	 0.791654	 0.771937	 0.296215	 0.001000
 21.551573	 -19.203482	 -8.396650	 0.791623	 0.771965	 0.296227	 0.001000
 21.552364	 -19.202710	 -8.396354	 0.791591	 0.771992	 0.296239	 0.001000
 21.553156	 -19.201938	 -8.396058	 0.791560	 0.772020	 0.296251	 0.001000
 21.553947	 -19.201166	 -8.395762	 0.791529	 0.772048	 0.296263	 0.001000
 21.554739	 -19.200394	 -8.395465	 0.791497	 0.772076	 0.296276	 0.001000
 21.555530	 -19.199622	 -8.395169	 0.791466	 0.772104	 0.296288	 0.001000
 21.556322	 -19.198849	 -8.394873	 0.791435	 0.772132	 0.296300	 0.001000
 21.557113	 -19.198077	 -8.394577	 0.791403	 0.772160	 0.296312	 0.001000
 21.557905	 -19.197305	 -8.394280	 0.791372	 0.772188	 0.296324	 0.001000
 21.558696	 -19.196533	 -8.393984	 0.791341	 0.772216	 0.296337	 0.001000
 21.559487	 -19.195761	 -8.393688	 0.791309	 0.772244	 0.296349	 0.001000
 21.560279	 -19.194988	 -8.393391	 0.791278	 0.772271	 0.296361	 0.001000
 21.561070	 -19.194216	 -8.393095	 0.791247	 0.772299	 0.296373	 0.001000
 21.561861	 -19.193444	 -8.392799	 0.791215	 0.772327	 0.296385	 0.001000
 21.562652	 -19.192672	 -8.392502	 0.791184	 0.772355	 0.296398	 0.001000
 21.563444	 -19.191899	 -8.392206	 0.791153	 0.772383	 0.296410	 0.001000
 21.564235	 -19.191127	 -8.391909	 0.791121	 0.772411	 0.296422	 0.001000
 21.565026	 -19.190354	 -8.391613	 0.791090	 0.772439	 0.296434	 0.001000
 21.565817	 -19.189582	 -8.391316	 0.791059	 0.772467	 0.296446	 0.001000
 21.566608	 -19.188810	 -8.391020	 0.791027	 0.772495	 0.296459	 0.001000
 21.567399	 -19.188037	 -8.390724	 0.790996	 0.772522	 0.296471	 0.001000
 21.568190	 -19.187265	 -8.390427	 0.790965	 0.772550	 0.296483	 0.001000
 21.568981	 -19.186492	 -8.390131	 0.790933	 0.772578	 0.296495	 0.001000
 21.569772	 -19.185719	 -8.389834	 0.790902	 0.772606	 0.296507	 0.001000
 21.570563	 -19.184947	 -8.389538	 0.790871	 0.772634	 0.296520	 0.001000
 21.571354	 -19.184174	 -8.389241	 0.790839	 0.772662	 0.296532	 0.001000
 21.572145	 -19.183401	 -8.388945	 0.790808	 0.772690	 0.296544	 0.001000
 21.572935	 -19.182629	 -8.388648	 0.790777	 0.772718	 0.296556	 0.001000
 21.573726	 -19.181856	 -8.388351	 0.790745	 0.772745	 0.296568	 0.001000
 21.574517	 -19.181083	 -8.388055	 0.790714	 0.772773	 0.296581	 0.001000
 21.575308	 -19.180311	 -8.387758	 0.790683	 0.772801	 0.296593	 0.001000
 21.576098	 -19.179538	 -8.387462	 0.790651	 0.772829	 0.296605	 0.001000
 21.576889	 -19.178765	 -8.387165	 0.790620	 0.772857	 0.296617	 0.001000
 21.577680	 -19.177992	 -8.386868	 0.790588	 0.772885	 0.296629	 0.001000
 21.578470	 -19.177219	 -8.386572	 0.790557	 0.772913	 0.296641	 0.001000
 21.579261	 -19.176446	 -8.386275	 0.790526	 0.772941	 0.296654	 0.001000
 21.580051	 -19.175673	 -8.385979	 0.790494	 0.772968	 0.296666	 0.001000
 21.580842	 -19.174900	 -8.385682	 0.790463	 0.772996	 0.296678	 0.001000
 21.581632	 -19.174127	 -8.385385	 0.790432	 0.773024	 0.296690	 0.001000
 21.582423	 -19.173354	 -8.385089	 0.790400	 0.773052	 0.296702	 0.001000
 21.583213	 -19.172581	 -8.384792	 0.790369	 0.773080	 0.296715	 0.001000
 21.584003	 -19.171808	 -8.384495	 0.790338	 0.773108	 0.296727	 0.001000
 21.584794	 -19.171035	 -8.384198	 0.790306	 0.773136	 0.296739	 0.001000
 21.585584	 -19.170262	 -8.383902	 0.790275	 0.773163	 0.296751	 0.001000
 21.586374	 -19.169489	 -8.383605	 0.790244	 0.773191	 0.296763	 0.001000
 21.587165	 -19.168716	 -8.383308	 0.790212	 0.773219	 0.296776	 0.001000
 21.587955	 -19.167942	 -8.383011	 0.790181	 0.773247	 0.296788	 0.001000
 21.588745	 -19.167169	 -8.382715	 0.790149	 0.773275	 0.296800	 0.001000
 21.589535	 -19.166396	 -8.382418	 0.790118	 0.773303	 0.296812	 0.001000
 21.590325	 -19.165623	 -8.382121	 0.790087	 0.773331	 0.296824	 0.001000
 21.591115	 -19.164849	 -8.381824	 0.790055	 0.773358	 0.296836	 0.001000
 21.591905	 -19.164076	 -8.381527	 0.790024	 0.773386	 0.296849	 0.001000
 21.592695	 -19.163302	 -8.381230	 0.789993	 0.773414	 0.296861	 0.001000
 21.593485	 -19.162529	 -8.380934	 0.789961	 0.773442	 0.296873	 0.001000
 21.594275	 -19.161756	 -8.380637	 0.789930	 0.773470	 0.296885	 0.001000
 21.595065	 -19.160982	 -8.380340	 0.789898	 0.773498	 0.296897	 0.001000
 21.595855	 -19.160209	 -8.380043	 0.789867	 0.773526	 0.296910	 0.001000
 21.596645	 -19.159435	 -8.379746	 0.789836	 0.773553	 0.296922	 0.001000
 21.597435	 -19.158662	 -8.379449	 0.789804	 0.773581	 0.296934	 0.001000
 21.598225	 -19.157888	 -8.379152	 0.789773	 0.773609	 0.296946	 0.001000
 21.599014	 -19.157114	 -8.378855	 0.789741	 0.773637	 0.296958	 0.001000
 21.599804	 -19.156341	 -8.378558	 0.789710	 0.773665	 0.296970	 0.001000
 21.600594	 -19.155567	 -8.378261	 0.789679	 0.773693	 0.296983	 0.001000
 21.601384	 -19.154793	 -8.377964	 0.789647	 0.773720	 0.296995	 0.001000
 21.602173	 -19.154020	 -8.377667	 0.789616	 0.773748	 0.297007	 0.001000
 21.602963	 -19.153246	 -8.377370	 0.789585	 0.773776	 0.297019	 0.001000
 21.603752	 -19.152472	 -8.377073	 0.789553	 0.773804	 0.297031	 0.001000
 21.604542	 -19.151698	 -8.376776	 0.789522	 0.773832	 0.297043	 0.001000
 21.605331	 -19.150925	 -8.376479	 0.789490	 0.773860	 0.297056	 0.001000
 21.606121	 -19.150151	 -8.376182	 0.789459	 0.773887	 0.297068	 0.001000
 21.606910	 -19.149377	 -8.375885	 0.789428	 0.773915	 0.297080	 0.001000
 21.607700	 -19.148603	 -8.375588	 0.789396	 0.773943	 0.297092	 0.001000
 21.608489	 -19.147829	 -8.375291	 0.789365	 0.773971	 0.297104	 0.001000
 21.609279	 -19.147055	 -8.374994	 0.789333	 0.773999	 0.297116	 0.001000
 21.610068	 -19.146281	 -8.374697	 0.789302	 0.774027	 0.297129	 0.001000
 21.610857	 -19.145507	 -8.374400	 0.789271	 0.774054	 0.297141	 0.001000
 21.611646	 -19.144733	 -8.374102	 0.789239	 0.774082	 0.297153	 0.001000
 21.612436	 -19.143959	 -8.373805	 0.789208	 0.774110	 0.297165	 0.001000
 21.613225	 -19.143185	 -8.373508	 0.789176	 0.774138	 0.297177	 0.001000
 21.614014	 -19.142411	 -8.373211	 0.789145	 0.774166	 0.297189	 0.001000
 21.614803	 -19.141636	 -8.372914	 0.789114	 0.774193	 0.297202	 0.001000
 21.615592	 -19.140862	 -8.372617	 0.789082	 0.774221	 0.297214	 0.001000
 21.616381	 -19.140088	 -8.372319	 0.789051	 0.774249	 0.297226	 0.001000
 21.617171	 -19.139314	 -8.372022	 0.789019	 0.774277	 0.297238	 0.001000
 21.617960	 -19.138539	 -8.371725	 0.788988	 0.774305	 0.297250	 0.001000
 21.618749	 -19.137765	 -8.371428	 0.788956	 0.774333	 0.297262	 0.001000
 21.619537	 -19.136991	 -8.371130	 0.788925	 0.774360	 0.297275	 0.001000
 21.620326	 -19.136216	 -8.370833	 0.788894	 0.774388	 0.297287	 0.001000
 21.621115	 -19.135442	 -8.370536	 0.788862	 0.774416	 0.297299	 0.001000
 21.621904	 -19.134668	 -8.370238	 0.788831	 0.774444	 0.297311	 0.001000
 21.622693	 -19.133893	 -8.369941	 0.788799	 0.774472	 0.297323	 0.001000
 21.623482	 -19.133119	 -8.369644	 0.788768	 0.774499	 0.297335	 0.001000
 21.624271	 -19.132344	 -8.369347	 0.788737	 0.774527	 0.297348	 0.001000
 21.625059	 -19.131570	 -8.369049	 0.788705	 0.774555	 0.297360	 0.001000
 21.625848	 -19.130795	 -8.368752	 0.788674	 0.774583	 0.297372	 0.001000
 21.626637	 -19.130021	 -8.368454	 0.788642	 0.774611	 0.297384	 0.001000
 21.627425	 -19.129246	 -8.368157	 0.788611	 0.774638	 0.297396	 0.001000
 21.628214	 -19.128471	 -8.367860	 0.788579	 0.774666	 0.297408	 0.001000
 21.629002	 -19.127697	 -8.367562	 0.788548	 0.774694	 0.297421	 0.001000
 21.629791	 -19.126922	 -8.367265	 0.788517	 0.774722	 0.297433	 0.001000
 21.630580	 -19.126147	 -8.366967	 0.788485	 0.774750	 0.297445	 0.001000
 21.631368	 -19.125372	 -8.366670	 0.788454	 0.774777	 0.297457	 0.001000
 21.632157	 -19.124598	 -8.366372	 0.788422	 0.774805	 0.297469	 0.001000
 21.632945	 -19.123823	 -8.366075	 0.788391	 0.774833	 0.297481	 0.001000
 21.633733	 -19.123048	 -8.365778	 0.788359	 0.774861	 0.297494	 0.001000
 21.634522	 -19.122273	 -8.365480	 0.788328	 0.774889	 0.297506	 0.001000
 21.635310	 -19.121498	 -8.365183	 0.788296	 0.774916	 0.297518	 0.001000
 21.636098	 -19.120723	 -8.364885	 0.788265	 0.774944	 0.297530	 0.001000
 21.636887	 -19.119948	 -8.364587	 0.788234	 0.774972	 0.297542	 0.001000
 21.637675	 -19.119173	 -8.364290	 0.788202	 0.775000	 0.297554	 0.001000
 21.638463	 -19.118398	 -8.363992	 0.788171	 0.775027	 0.297566	 0.001000
 21.639251	 -19.117623	 -8.363695	 0.788139	 0.775055	 0.297579	 0.001000
 21.640039	 -19.116848	 -8.363397	 0.788108	 0.775083	 0.297591	 0.001000
 21.640827	 -19.116073	 -8.363100	 0.788076	 0.775111	 0.297603	 0.001000
 21.641615	 -19.115298	 -8.362802	 0.788045	 0.775139	 0.297615	 0.001000
 21.642404	 -19.114523	 -8.362504	 0.788013	 0.775166	 0.297627	 0.001000
 21.643192	 -19.113748	 -8.362207	 0.787982	 0.775194	 0.297639	 0.001000
 21.643980	 -19.112973	 -8.361909	 0.787951	 0.775222	 0.297652	 0.001000
 21.644767	 -19.112197	 -8.361612	 0.787919	 0.775250	 0.297664	 0.001000
 21.645555	 -19.111422	 -8.361314	 0.787888	 0.775277	 0.297676	 0.001000
 21.646343	 -19.110647	 -8.361016	 0.787856	 0.775305	 0.297688	 0.001000
 21.647131	 -19.109872	 -8.360718	 0.787825	 0.775333	 0.297700	 0.001000
 21.647919	 -19.109096	 -8.360421	 0.787793	 0.775361	 0.297712	 0.001000
 21.648707	 -19.108321	 -8.360123	 0.787762	 0.775389	 0.297724	 0.001000
 21.649495	 -19.107546	 -8.359825	 0.787730	 0.775416	 0.297737	 0.001000
 21.650282	 -19.106770	 -8.359528	 0.787699	 0.775444	 0.297749	 0.001000
 21.651070	 -19.105995	 -8.359230	 0.787667	 0.775472	 0.297761	 0.001000
 21.651858	 -19.105219	 -8.358932	 0.787636	 0.775500	 0.297773	 0.001000
 21.652645	 -19.104444	 -8.358634	 0.787605	 0.775527	 0.297785	 0.001000
 21.653433	 -19.103668	 -8.358337	 0.787573	 0.775555	 0.297797	 0.001000
 21.654220	 -19.102893	 -8.358039	 0.787542	 0.775583	 0.297809	 0.001000
 21.655008	 -19.102117	 -8.357741	 0.787510	 0.775611	 0.297822	 0.001000
 21.655795	 -19.101341	 -8.357443	 0.787479	 0.775638	 0.297834	 0.001000
 21.656583	 -19.100566	 -8.357145	 0.787447	 0.775666	 0.297846	 0.001000
 21.657370	 -19.099790	 -8.356847	 0.787416	 0.775694	 0.297858	 0.001000
 21.658158	 -19.099014	 -8.356550	 0.787384	 0.775722	 0.297870	 0.001000
 21.658945	 -19.098239	 -8.356252	 0.787353	 0.775749	 0.297882	 0.001000
 21.659733	 -19.097463	 -8.355954	 0.787321	 0.775777	 0.297895	 0.001000
 21.660520	 -19.096687	 -8.355656	 0.787290	 0.775805	 0.297907	 0.001000
 21.661307	 -19.095911	 -8.355358	 0.787258	 0.775833	 0.297919	 0.001000
 21.662094	 -19.095136	 -8.355060	 0.787227	 0.775860	 0.297931	 0.001000
 21.662882	 -19.094360	 -8.354762	 0.787195	 0.775888	 0.297943	 0.001000
 21.663669	 -19.093584	 -8.354464	 0.787164	 0.775916	 0.297955	 0.001000
 21.664456	 -19.092808	 -8.354166	 0.787132	 0.775944	 0.297967	 0.001000
 21.665243	 -19.092032	 -8.353868	 0.787101	 0.775971	 0.297980	 0.001000
 21.666030	 -19.091256	 -8.353570	 0.787069	 0.775999	 0.297992	 0.001000
 21.666817	 -19.090480	 -8.353272	 0.787038	 0.776027	 0.298004	 0.001000
 21.667604	 -19.089704	 -8.352974	 0.787006	 0.776055	 0.298016	 0.001000
 21.668391	 -19.088928	 -8.352676	 0.786975	 0.776082	 0.298028	 0.001000
 21.669178	 -19.088152	 -8.352378	 0.786943	 0.776110	 0.298040	 0.001000
 21.669965	 -19.087376	 -8.352080	 0.786912	 0.776138	 0.298052	 0.001000
 21.670752	 -19.086600	 -8.351782	 0.786881	 0.776166	 0.298064	 0.001000
 21.671539	 -19.085823	 -8.351484	 0.786849	 0.776193	 0.298077	 0.001000
 21.672326	 -19.085047	 -8.351186	 0.786818	 0.776221	 0.298089	 0.001000
 21.673113	 -19.084271	 -8.350888	 0.786786	 0.776249	 0.298101	 0.001000
 21.673900	 -19.083495	 -8.350590	 0.786755	 0.776277	 0.298113	 0.001000
 21.674686	 -19.082718	 -8.350292	 0.786723	 0.776304	 0.298125	 0.001000
 21.675473	 -19.081942	 -8.349994	 0.786692	 0.776332	 0.298137	 0.001000
 21.676260	 -19.081166	 -8.349695	 0.786660	 0.776360	 0.298149	 0.001000
 21.677046	 -19.080389	 -8.349397	 0.786629	 0.776388	 0.298162	 0.001000
 21.677833	 -19.079613	 -8.349099	 0.786597	 0.776415	 0.298174	 0.001000
 21.678620	 -19.078837	 -8.348801	 0.786566	 0.776443	 0.298186	 0.001000
 21.679406	 -19.078060	 -8.348503	 0.786534	 0.776471	 0.298198	 0.001000
 21.680193	 -19.077284	 -8.348205	 0.786503	 0.776498	 0.298210	 0.001000
 21.680979	 -19.076507	 -8.347906	 0.786471	 0.776526	 0.298222	 0.001000
 21.681766	 -19.075731	 -8.347608	 0.786439	 0.776554	 0.298234	 0.001000
 21.682552	 -19.074954	 -8.347310	 0.786408	 0.776582	 0.298246	 0.001000
 21.683339	 -19.074178	 -8.347012	 0.786376	 0.776609	 0.298259	 0.001000
 21.684125	 -19.073401	 -8.346713	 0.786345	 0.776637	 0.298271	 0.001000
 21.684911	 -19.072624	 -8.346415	 0.786313	 0.776665	 0.298283	 0.001000
 21.685698	 -19.071848	 -8.346117	 0.786282	 0.776692	 0.298295	 0.001000
 21.686484	 -19.071071	 -8.345819	 0.786250	 0.776720	 0.298307	 0.001000
 21.687270	 -19.070294	 -8.345520	 0.786219	 0.776748	 0.298319	 0.001000
 21.688056	 -19.069518	 -8.345222	 0.786187	 0.776776	 0.298331	 0.001000
 21.688842	 -19.068741	 -8.344924	 0.786156	 0.776803	 0.298344	 0.001000
 21.689629	 -19.067964	 -8.344625	 0.786124	 0.776831	 0.298356	 0.001000
 21.690415	 -19.067187	 -8.344327	 0.786093	 0.776859	 0.298368	 0.001000
 21.691201	 -19.066410	 -8.344029	 0.786061	 0.776886	 0.298380	 0.001000
 21.691987	 -19.065633	 -8.343730	 0.786030	 0.776914	 0.298392	 0.001000
 21.692773	 -19.064856	 -8.343432	 0.785998	 0.776942	 0.298404	 0.001000
 21.693559	 -19.064080	 -8.343133	 0.785967	 0.776970	 0.298416	 0.001000
 21.694345	 -19.063303	 -8.342835	 0.785935	 0.776997	 0.298428	 0.001000
 21.695131	 -19.062526	 -8.342537	 0.785904	 0.777025	 0.298441	 0.001000
 21.695917	 -19.061749	 -8.342238	 0.785872	 0.777053	 0.298453	 0.001000
 21.696703	 -19.060971	 -8.341940	 0.785841	 0.777080	 0.298465	 0.001000
 21.697488	 -19.060194	 -8.341641	 0.785809	 0.777108	 0.298477	 0.001000
 21.698274	 -19.059417	 -8.341343	 0.785778	 0.777136	 0.298489	 0.001000
 21.699060	 -19.058640	 -8.341044	 0.785746	 0.777164	 0.298501	 0.001000
 21.699846	 -19.057863	 -8.340746	 0.785714	 0.777191	 0.298513	 0.001000
 21.700632	 -19.057086	 -8.340447	 0.785683	 0.777219	 0.298525	 0.001000
 21.701417	 -19.056309	 -8.340149	 0.785651	 0.777247	 0.298538	 0.001000
 21.702203	 -19.055531	 -8.339850	 0.785620	 0.777274	 0.298550	 0.001000
 21.702988	 -19.054754	 -8.339552	 0.785588	 0.777302	 0.298562	 0.001000
 21.703774	 -19.053977	 -8.339253	 0.785557	 0.777330	 0.298574	 0.001000
 21.704560	 -19.053199	 -8.338954	 0.785525	 0.777357	 0.298586	 0.001000
 21.705345	 -19.052422	 -8.338656	 0.785494	 0.777385	 0.298598	 0.001000
 21.706131	 -19.051645	 -8.338357	 0.785462	 0.777413	 0.298610	 0.001000
 21.706916	 -19.050867	 -8.338059	 0.785431	 0.777440	 0.298622	 0.001000
 21.707702	 -19.050090	 -8.337760	 0.785399	 0.777468	 0.298634	 0.001000
 21.708487	 -19.049312	 -8.337461	 0.785368	 0.777496	 0.298647	 0.001000
 21.709272	 -19.048535	 -8.337163	 0.785336	 0.777524	 0.298659	 0.001000
 21.710058	 -19.047757	 -8.336864	 0.785304	 0.777551	 0.298671	 0.001000
 21.710843	 -19.046980	 -8.336565	 0.785273	 0.777579	 0.298683	 0.001000
 21.711628	 -19.046202	 -8.336267	 0.785241	 0.777607	 0.298695	 0.001000
 21.712413	 -19.045425	 -8.335968	 0.785210	 0.777634	 0.298707	 0.001000
 21.713199	 -19.044647	 -8.335669	 0.785178	 0.777662	 0.298719	 0.001000
 21.713984	 -19.043869	 -8.335371	 0.785147	 0.777690	 0.298731	 0.001000
 21.714769	 -19.043092	 -8.335072	 0.785115	 0.777717	 0.298744	 0.001000
 21.715554	 -19.042314	 -8.334773	 0.785084	 0.777745	 0.298756	 0.001000
 21.716339	 -19.041536	 -8.334474	 0.785052	 0.777773	 0.298768	 0.001000
 21.717124	 -19.040758	 -8.334176	 0.785020	 0.777800	 0.298780	 0.001000
 21.717909	 -19.039981	 -8.333877	 0.784989	 0.777828	 0.298792	 0.001000
 21.718694	 -19.039203	 -8.333578	 0.784957	 0.777856	 0.298804	 0.001000
 21.719479	 -19.038425	 -8.333279	 0.784926	 0.777883	 0.298816	 0.001000
 21.720264	 -19.037647	 -8.332980	 0.784894	 0.777911	 0.298828	 0.001000
 21.721049	 -19.036869	 -8.332682	 0.784863	 0.777939	 0.298840	 0.001000
 21.721834	 -19.036091	 -8.332383	 0.784831	 0.777966	 0.298853	 0.001000
 21.722619	 -19.035313	 -8.332084	 0.784799	 0.777994	 0.298865	 0.001000
 21.723404	 -19.034535	 -8.331785	 0.784768	 0.778022	 0.298877	 0.001000
 21.724188	 -19.033757	 -8.331486	 0.784736	 0.778049	 0.298889	 0.001000
 21.724973	 -19.032979	 -8.331187	 0.784705	 0.778077	 0.298901	 0.001000
 21.725758	 -19.032201	 -8.330888	 0.784673	 0.778105	 0.298913	 0.001000
 21.726542	 -19.031423	 -8.330589	 0.784642	 0.778132	 0.298925	 0.001000
 21.727327	 -19.030645	 -8.330291	 0.784610	 0.778160	 0.298937	 0.001000
 21.728112	 -19.029867	 -8.329992	 0.784578	 0.778188	 0.298949	 0.001000
 21.728896	 -19.029088	 -8.329693	 0.784547	 0.778215	 0.298961	 0.001000
 21.729681	 -19.028310	 -8.329394	 0.784515	 0.778243	 0.298974	 0.001000
 21.730465	 -19.027532	 -8.329095	 0.784484	 0.778271	 0.298986	 0.001000
 21.731250	 -19.026754	 -8.328796	 0.784452	 0.778298	 0.298998	 0.001000
 21.732034	 -19.025975	 -8.328497	 0.784421	 0.778326	 0.299010	 0.001000
 21.732819	 -19.025197	 -8.328198	 0.784389	 0.778354	 0.299022	 0.001000
 21.733603	 -19.024419	 -8.327899	 0.784357	 0.778381	 0.299034	 0.001000
 21.734387	 -19.023640	 -8.327600	 0.784326	 0.778409	 0.299046	 0.001000
 21.735172	 -19.022862	 -8.327301	 0.784294	 0.778436	 0.299058	 0.001000
 21.735956	 -19.022084	 -8.327002	 0.784263	 0.778464	 0.299070	 0.001000
 21.736740	 -19.021305	 -8.326703	 0.784231	 0.778492	 0.299083	 0.001000
 21.737525	 -19.020527	 -8.326403	 0.784199	 0.778519	 0.299095	 0.001000
 21.738309	 -19.019748	 -8.326104	 0.784168	 0.778547	 0.299107	 0.001000
 21.739093	 -19.018970	 -8.325805	 0.784136	 0.778575	 0.299119	 0.001000
 21.739877	 -19.018191	 -8.325506	 0.784105	 0.778602	 0.299131	 0.001000
 21.740661	 -19.017412	 -8.325207	 0.784073	 0.778630	 0.299143	 0.001000
 21.741445	 -19.016634	 -8.324908	 0.784041	 0.778658	 0.299155	 0.001000
 21.742229	 -19.015855	 -8.324609	 0.784010	 0.778685	 0.299167	 0.001000
 21.743013	 -19.015076	 -8.324310	 0.783978	 0.778713	 0.299179	 0.001000
 21.743797	 -19.014298	 -8.324010	 0.783947	 0.778741	 0.299191	 0.001000
 21.744581	 -19.013519	 -8.323711	 0.783915	 0.778768	 0.299204	 0.001000
 21.745365	 -19.012740	 -8.323412	 0.783883	 0.778796	 0.299216	 0.001000
 21.746149	 -19.011961	 -8.323113	 0.783852	 0.778823	 0.299228	 0.001000
 21.746933	 -19.011183	 -8.322814	 0.783820	 0.778851	 0.299240	 0.001000
 21.747717	 -19.010404	 -8.322514	 0.783789	 0.778879	 0.299252	 0.001000
 21.748500	 -19.009625	 -8.322215	 0.783757	 0.778906	 0.299264	 0.001000
 21.749284	 -19.008846	 -8.321916	 0.783725	 0.778934	 0.299276	 0.001000
 21.750068	 -19.008067	 -8.321616	 0.783694	 0.778962	 0.299288	 0.001000
 21.750852	 -19.007288	 -8.321317	 0.783662	 0.778989	 0.299300	 0.001000
 21.751635	 -19.006509	 -8.321018	 0.783631	 0.779017	 0.299312	 0.001000
 21.752419	 -19.005730	 -8.320719	 0.783599	 0.779044	 0.299324	 0.001000
 21.753202	 -19.004951	 -8.320419	 0.783567	 0.779072	 0.299337	 0.001000
 21.753986	 -19.004172	 -8.320120	 0.783536	 0.779100	 0.299349	 0.001000
 21.754770	 -19.003393	 -8.319821	 0.783504	 0.779127	 0.299361	 0.001000
 21.755553	 -19.002614	 -8.319521	 0.783472	 0.779155	 0.299373	 0.001000
 21.756337	 -19.001834	 -8.319222	 0.783441	 0.779183	 0.299385	 0.001000
 21.757120	 -19.001055	 -8.318922	 0.783409	 0.779210	 0.299397	 0.001000
 21.757903	 -19.000276	 -8.318623	 0.783378	 0.779238	 0.299409	 0.001000
 21.758687	 -18.999497	 -8.318324	 0.783346	 0.779265	 0.299421	 0.001000
 21.759470	 -18.998718	 -8.318024	 0.783314	 0.779293	 0.299433	 0.001000
 21.760253	 -18.997938	 -8.317725	 0.783283	 0.779321	 0.299445	 0.001000
 21.761037	 -18.997159	 -8.317425	 0.783251	 0.779348	 0.299457	 0.001000
 21.761820	 -18.996380	 -8.317126	 0.783219	 0.779376	 0.299470	 0.001000
 21.762603	 -18.995600	 -8.316826	 0.783188	 0.779403	 0.299482	 0.001000
 21.763386	 -18.994821	 -8.316527	 0.783156	 0.779431	 0.299494	 0.001000
 21.764170	 -18.994041	 -8.316227	 0.783125	 0.779459	 0.299506	 0.001000
 21.764953	 -18.993262	 -8.315928	 0.783093	 0.779486	 0.299518	 0.001000
 21.765736	 -18.992482	 -8.315628	 0.783061	 0.779514	 0.299530	 0.001000
 21.766519	 -18.991703	 -8.315329	 0.783030	 0.779541	 0.299542	 0.001000
 21.767302	 -18.990923	 -8.315029	 0.782998	 0.779569	 0.299554	 0.001000
 21.768085	 -18.990144	 -8.314730	 0.782966	 0.779597	 0.299566	 0.001000
 21.768868	 -18.989364	 -8.314430	 0.782935	 0.779624	 0.299578	 0.001000
 21.769651	 -18.988585	 -8.314131	 0.782903	 0.779652	 0.299590	 0.001000
 21.770434	 -18.987805	 -8.313831	 0.782872	 0.779680	 0.299603	 0.001000
 21.771217	 -18.987025	 -8.313531	 0.782840	 0.779707	 0.299615	 0.001000
 21.771999	 -18.986246	 -8.313232	 0.782808	 0.779735	 0.299627	 0.001000
 21.772782	 -18.985466	 -8.312932	 0.782777	 0.779762	 0.299639	 0.001000
 21.773565	 -18.984686	 -8.312633	 0.782745	 0.779790	 0.299651	 0.001000
 21.774348	 -18.983906	 -8.312333	 0.782713	 0.779817	 0.299663	 0.001000
 21.775130	 -18.983126	 -8.312033	 0.782682	 0.779845	 0.299675	 0.001000
 21.775913	 -18.982347	 -8.311734	 0.782650	 0.779873	 0.299687	 0.001000
 21.776696	 -18.981567	 -8.311434	 0.782618	 0.779900	 0.299699	 0.001000
 21.777478	 -18.980787	 -8.311134	 0.782587	 0.779928	 0.299711	 0.001000
 21.778261	 -18.980007	 -8.310834	 0.782555	 0.779955	 0.299723	 0.001000
 21.779044	 -18.979227	 -8.310535	 0.782523	 0.779983	 0.299735	 0.001000
 21.779826	 -18.978447	 -8.310235	 0.782492	 0.780011	 0.299747	 0.001000
 21.780609	 -18.977667	 -8.309935	 0.782460	 0.780038	 0.299760	 0.001000
 21.781391	 -18.976887	 -8.309636	 0.782428	 0.780066	 0.299772	 0.001000
 21.782173	 -18.976107	 -8.309336	 0.782397	 0.780093	 0.299784	 0.001000
 21.782956	 -18.975327	 -8.309036	 0.782365	 0.780121	 0.299796	 0.001000
 21.783738	 -18.974547	 -8.308736	 0.782333	 0.780149	 0.299808	 0.001000
 21.784521	 -18.973767	 -8.308436	 0.782302	 0.780176	 0.299820	 0.001000
 21.785303	 -18.972986	 -8.308137	 0.782270	 0.780204	 0.299832	 0.001000
 21.786085	 -18.972206	 -8.307837	 0.782238	 0.780231	 0.299844	 0.001000
 21.786867	 -18.971426	 -8.307537	 0.782207	 0.780259	 0.299856	 0.001000
 21.787650	 -18.970646	 -8.307237	 0.782175	 0.780286	 0.299868	 0.001000
 21.788432	 -18.969865	 -8.306937	 0.782143	 0.780314	 0.299880	 0.001000
 21.789214	 -18.969085	 -8.306637	 0.782112	 0.780342	 0.299892	 0.001000
 21.789996	 -18.968305	 -8.306337	 0.782080	 0.780369	 0.299904	 0.001000
 21.790778	 -18.967524	 -8.306037	 0.782048	 0.780397	 0.299917	 0.001000
 21.791560	 -18.966744	 -8.305738	 0.782017	 0.780424	 0.299929	 0.001000
 21.792342	 -18.965964	 -8.305438	 0.781985	 0.780452	 0.299941	 0.001000
 21.793124	 -18.965183	 -8.305138	 0.781953	 0.780479	 0.299953	 0.001000
 21.793906	 -18.964403	 -8.304838	 0.781922	 0.780507	 0.299965	 0.001000
 21.794688	 -18.963622	 -8.304538	 0.781890	 0.780534	 0.299977	 0.001000
 21.795470	 -18.962842	 -8.304238	 0.781858	 0.780562	 0.299989	 0.001000
 21.796252	 -18.962061	 -8.303938	 0.781827	 0.780590	 0.300001	 0.001000
 21.797034	 -18.961280	 -8.303638	 0.781795	 0.780617	 0.300013	 0.001000
 21.797815	 -18.960500	 -8.303338	 0.781763	 0.780645	 0.300025	 0.001000
 21.798597	 -18.959719	 -8.303038	 0.781732	 0.780672	 0.300037	 0.001000
 21.799379	 -18.958938	 -8.302738	 0.781700	 0.780700	 0.300049	 0.001000
 21.800161	 -18.958158	 -8.302438	 0.781668	 0.780727	 0.300061	 0.001000
 21.800942	 -18.957377	 -8.302138	 0.781637	 0.780755	 0.300073	 0.001000
 21.801724	 -18.956596	 -8.301838	 0.781605	 0.780783	 0.300086	 0.001000
 21.802505	 -18.955815	 -8.301537	 0.781573	 0.780810	 0.300098	 0.001000
 21.803287	 -18.955035	 -8.301237	 0.781542	 0.780838	 0.300110	 0.001000
 21.804069	 -18.954254	 -8.300937	 0.781510	 0.780865	 0.300122	 0.001000
 21.804850	 -18.953473	 -8.300637	 0.781478	 0.780893	 0.300134	 0.001000
 21.805632	 -18.952692	 -8.300337	 0.781446	 0.780920	 0.300146	 0.001000
 21.806413	 -18.951911	 -8.300037	 0.781415	 0.780948	 0.300158	 0.001000
 21.807194	 -18.951130	 -8.299737	 0.781383	 0.780975	 0.300170	 0.001000
 21.807976	 -18.950349	 -8.299437	 0.781351	 0.781003	 0.300182	 0.001000
 21.808757	 -18.949568	 -8.299136	 0.781320	 0.781030	 0.300194	 0.001000
 21.809538	 -18.948787	 -8.298836	 0.781288	 0.781058	 0.300206	 0.001000
 21.810320	 -18.948006	 -8.298536	 0.781256	 0.781086	 0.300218	 0.001000
 21.811101	 -18.947225	 -8.298236	 0.781225	 0.781113	 0.300230	 0.001000
 21.811882	 -18.946444	 -8.297935	 0.781193	 0.781141	 0.300242	 0.001000
 21.812663	 -18.945663	 -8.297635	 0.781161	 0.781168	 0.300254	 0.001000
 21.813445	 -18.944882	 -8.297335	 0.781130	 0.781196	 0.300266	 0.001000
 21.814226	 -18.944100	 -8.297035	 0.781098	 0.781223	 0.300279	 0.001000
 21.815007	 -18.943319	 -8.296734	 0.781066	 0.781251	 0.300291	 0.001000
 21.815788	 -18.942538	 -8.296434	 0.781034	 0.781278	 0.300303	 0.001000
 21.816569	 -18.941757	 -8.296134	 0.781003	 0.781306	 0.300315	 0.001000
 21.817350	 -18.940975	 -8.295834	 0.780971	 0.781333	 0.300327	 0.001000
 21.818131	 -18.940194	 -8.295533	 0.780939	 0.781361	 0.300339	 0.001000
 21.818912	 -18.939413	 -8.295233	 0.780908	 0.781388	 0.300351	 0.001000
 21.819693	 -18.938631	 -8.294933	 0.780876	 0.781416	 0.300363	 0.001000
 21.820474	 -18.937850	 -8.294632	 0.780844	 0.781443	 0.300375	 0.001000
 21.821254	 -18.937068	 -8.294332	 0.780812	 0.781471	 0.300387	 0.001000
 21.822035	 -18.936287	 -8.294031	 0.780781	 0.781499	 0.300399	 0.001000
 21.822816	 -18.935505	 -8.293731	 0.780749	 0.781526	 0.300411	 0.001000
 21.823597	 -18.934724	 -8.293431	 0.780717	 0.781554	 0.300423	 0.001000
 21.824378	 -18.933942	 -8.293130	 0.780686	 0.781581	 0.300435	 0.001000
 21.825158	 -18.933161	 -8.292830	 0.780654	 0.781609	 0.300447	 0.001000
 21.825939	 -18.932379	 -8.292529	 0.780622	 0.781636	 0.300459	 0.001000
 21.826719	 -18.931598	 -8.292229	 0.780590	 0.781664	 0.300471	 0.001000
 21.827500	 -18.930816	 -8.291928	 0.780559	 0.781691	 0.300483	 0.001000
 21.828281	 -18.930034	 -8.291628	 0.780527	 0.781719	 0.300496	 0.001000
 21.829061	 -18.929252	 -8.291327	 0.780495	 0.781746	 0.300508	 0.001000
 21.829842	 -18.928471	 -8.291027	 0.780463	 0.781774	 0.300520	 0.001000
 21.830622	 -18.927689	 -8.290726	 0.780432	 0.781801	 0.300532	 0.001000
 21.831403	 -18.926907	 -8.290426	 0.780400	 0.781829	 0.300544	 0.001000
 21.832183	 -18.926125	 -8.290125	 0.780368	 0.781856	 0.300556	 0.001000
 21.832963	 -18.925343	 -8.289825	 0.780337	 0.781884	 0.300568	 0.001000
 21.833744	 -18.924562	 -8.289524	 0.780305	 0.781911	 0.300580	 0.001000
 21.834524	 -18.923780	 -8.289224	 0.780273	 0.781939	 0.300592	 0.001000
 21.835304	 -18.922998	 -8.288923	 0.780241	 0.781966	 0.300604	 0.001000
 21.836084	 -18.922216	 -8.288622	 0.780210	 0.781994	 0.300616	 0.001000
 21.836865	 -18.921434	 -8.288322	 0.780178	 0.782021	 0.300628	 0.001000
 21.837645	 -18.920652	 -8.288021	 0.780146	 0.782049	 0.300640	 0.001000
 21.838425	 -18.919870	 -8.287720	 0.780114	 0.782076	 0.300652	 0.001000
 21.839205	 -18.919088	 -8.287420	 0.780083	 0.782104	 0.300664	 0.001000
 21.839985	 -18.918306	 -8.287119	 0.780051	 0.782131	 0.300676	 0.001000
 21.840765	 -18.917523	 -8.286818	 0.780019	 0.782159	 0.300688	 0.001000
 21.841545	 -18.916741	 -8.286518	 0.779987	 0.782186	 0.300700	 0.001000
 21.842325	 -18.915959	 -8.286217	 0.779956	 0.782214	 0.300712	 0.001000
 21.843105	 -18.915177	 -8.285916	 0.779924	 0.782241	 0.300724	 0.001000
 21.843885	 -18.914395	 -8.285616	 0.779892	 0.782269	 0.300737	 0.001000
 21.844665	 -18.913612	 -8.285315	 0.779860	 0.782296	 0.300749	 0.001000
 21.845445	 -18.912830	 -8.285014	 0.779829	 0.782324	 0.300761	 0.001000
 21.846225	 -18.912048	 -8.284713	 0.779797	 0.782351	 0.300773	 0.001000
 21.847005	 -18.911265	 -8.284413	 0.779765	 0.782379	 0.300785	 0.001000
 21.847784	 -18.910483	 -8.284112	 0.779733	 0.782406	 0.300797	 0.001000
 21.848564	 -18.909701	 -8.283811	 0.779702	 0.782434	 0.300809	 0.001000
 21.849344	 -18.908918	 -8.283510	 0.779670	 0.782461	 0.300821	 0.001000
 21.850123	 -18.908136	 -8.283209	 0.779638	 0.782489	 0.300833	 0.001000
 21.850903	 -18.907353	 -8.282909	 0.779606	 0.782516	 0.300845	 0.001000
 21.851683	 -18.906571	 -8.282608	 0.779575	 0.782544	 0.300857	 0.001000
 21.852462	 -18.905788	 -8.282307	 0.779543	 0.782571	 0.300869	 0.001000
 21.853242	 -18.905006	 -8.282006	 0.779511	 0.782599	 0.300881	 0.001000
 21.854021	 -18.904223	 -8.281705	 0.779479	 0.782626	 0.300893	 0.001000
 21.854801	 -18.903440	 -8.281404	 0.779448	 0.782654	 0.300905	 0.001000
 21.855580	 -18.902658	 -8.281103	 0.779416	 0.782681	 0.300917	 0.001000
 21.856360	 -18.901875	 -8.280802	 0.779384	 0.782709	 0.300929	 0.001000
 21.857139	 -18.901092	 -8.280501	 0.779352	 0.782736	 0.300941	 0.001000
 21.857918	 -18.900310	 -8.280201	 0.779320	 0.782763	 0.300953	 0.001000
 21.858698	 -18.899527	 -8.279900	 0.779289	 0.782791	 0.300965	 0.001000
 21.859477	 -18.898744	 -8.279599	 0.779257	 0.782818	 0.300977	 0.001000
 21.860256	 -18.897961	 -8.279298	 0.779225	 0.782846	 0.300989	 0.001000
 21.861035	 -18.897178	 -8.278997	 0.779193	 0.782873	 0.301001	 0.001000
 21.861815	 -18.896395	 -8.278696	 0.779162	 0.782901	 0.301013	 0.001000
 21.862594	 -18.895613	 -8.278395	 0.779130	 0.782928	 0.301025	 0.001000
 21.863373	 -18.894830	 -8.278094	 0.779098	 0.782956	 0.301037	 0.001000
 21.864152	 -18.894047	 -8.277793	 0.779066	 0.782983	 0.301049	 0.001000
 21.864931	 -18.893264	 -8.277492	 0.779034	 0.783011	 0.301062	 0.001000
 21.865710	 -18.892481	 -8.277190	 0.779003	 0.783038	 0.301074	 0.001000
 21.866489	 -18.891698	 -8.276889	 0.778971	 0.783066	 0.301086	 0.001000
 21.867268	 -18.890915	 -8.276588	 0.778939	 0.783093	 0.301098	 0.001000
 21.868047	 -18.890132	 -8.276287	 0.778907	 0.783121	 0.301110	 0.001000
 21.868826	 -18.889348	 -8.275986	 0.778876	 0.783148	 0.301122	 0.001000
 21.869605	 -18.888565	 -8.275685	 0.778844	 0.783175	 0.301134	 0.001000
 21.870384	 -18.887782	 -8.275384	 0.778812	 0.783203	 0.301146	 0.001000
 21.871162	 -18.886999	 -8.275083	 0.778780	 0.783230	 0.301158	 0.001000
 21.871941	 -18.886216	 -8.274782	 0.778748	 0.783258	 0.301170	 0.001000
 21.872720	 -18.885432	 -8.274480	 0.778717	 0.783285	 0.301182	 0.001000
 21.873499	 -18.884649	 -8.274179	 0.778685	 0.783313	 0.301194	 0.001000
 21.874277	 -18.883866	 -8.273878	 0.778653	 0.783340	 0.301206	 0.001000
 21.875056	 -18.883082	 -8.273577	 0.778621	 0.783368	 0.301218	 0.001000
 21.875835	 -18.882299	 -8.273276	 0.778589	 0.783395	 0.301230	 0.001000
 21.876613	 -18.881516	 -8.272974	 0.778558	 0.783423	 0.301242	 0.001000
 21.877392	 -18.880732	 -8.272673	 0.778526	 0.783450	 0.301254	 0.001000
 21.878170	 -18.879949	 -8.272372	 0.778494	 0.783477	 0.301266	 0.001000
 21.878949	 -18.879165	 -8.272071	 0.778462	 0.783505	 0.301278	 0.001000
 21.879727	 -18.878382	 -8.271769	 0.778430	 0.783532	 0.301290	 0.001000
 21.880506	 -18.877598	 -8.271468	 0.778399	 0.783560	 0.301302	 0.001000
 21.881284	 -18.876815	 -8.271167	 0.778367	 0.783587	 0.301314	 0.001000
 21.882062	 -18.876031	 -8.270865	 0.778335	 0.783615	 0.301326	 0.001000
 21.882841	 -18.875248	 -8.270564	 0.778303	 0.783642	 0.301338	 0.001000
 21.883619	 -18.874464	 -8.270263	 0.778271	 0.783669	 0.301350	 0.001000
 21.884397	 -18.873680	 -8.269961	 0.778240	 0.783697	 0.301362	 0.001000
 21.885176	 -18.872897	 -8.269660	 0.778208	 0.783724	 0.301374	 0.001000
 21.885954	 -18.872113	 -8.269359	 0.778176	 0.783752	 0.301386	 0.001000
 21.886732	 -18.871329	 -8.269057	 0.778144	 0.783779	 0.301398	 0.001000
 21.887510	 -18.870545	 -8.268756	 0.778112	 0.783807	 0.301410	 0.001000
 21.888288	 -18.869761	 -8.268454	 0.778080	 0.783834	 0.301422	 0.001000
 21.889066	 -18.868978	 -8.268153	 0.778049	 0.783862	 0.301434	 0.001000
 21.889844	 -18.868194	 -8.267852	 0.778017	 0.783889	 0.301446	 0.001000
 21.890622	 -18.867410	 -8.267550	 0.777985	 0.783916	 0.301458	 0.001000
 21.891400	 -18.866626	 -8.267249	 0.777953	 0.783944	 0.301470	 0.001000
 21.892178	 -18.865842	 -8.266947	 0.777921	 0.783971	 0.301482	 0.001000
 21.892956	 -18.865058	 -8.266646	 0.777890	 0.783999	 0.301494	 0.001000
 21.893734	 -18.864274	 -8.266344	 0.777858	 0.784026	 0.301506	 0.001000
 21.894512	 -18.863490	 -8.266043	 0.777826	 0.784053	 0.301518	 0.001000
 21.895290	 -18.862706	 -8.265741	 0.777794	 0.784081	 0.301530	 0.001000
 21.896068	 -18.861922	 -8.265440	 0.777762	 0.784108	 0.301542	 0.001000
 21.896845	 -18.861138	 -8.265138	 0.777730	 0.784136	 0.301554	 0.001000
 21.897623	 -18.860354	 -8.264837	 0.777699	 0.784163	 0.301566	 0.001000
 21.898401	 -18.859569	 -8.264535	 0.777667	 0.784191	 0.301579	 0.001000
 21.899179	 -18.858785	 -8.264233	 0.777635	 0.784218	 0.301591	 0.001000
 21.899956	 -18.858001	 -8.263932	 0.777603	 0.784245	 0.301603	 0.001000
 21.900734	 -18.857217	 -8.263630	 0.777571	 0.784273	 0.301615	 0.001000
 21.901511	 -18.856433	 -8.263329	 0.777539	 0.784300	 0.301627	 0.001000
 21.902289	 -18.855648	 -8.263027	 0.777508	 0.784328	 0.301639	 0.001000
 21.903066	 -18.854864	 -8.262725	 0.777476	 0.784355	 0.301651	 0.001000
 21.903844	 -18.854080	 -8.262424	 0.777444	 0.784382	 0.301663	 0.001000
 21.904621	 -18.853295	 -8.262122	 0.777412	 0.784410	 0.301675	 0.001000
 21.905399	 -18.852511	 -8.261820	 0.777380	 0.784437	 0.301687	 0.001000
 21.906176	 -18.851726	 -8.261519	 0.777348	 0.784465	 0.301699	 0.001000
 21.906953	 -18.850942	 -8.261217	 0.777317	 0.784492	 0.301711	 0.001000
 21.907731	 -18.850157	 -8.260915	 0.777285	 0.784519	 0.301723	 0.001000
 21.908508	 -18.849373	 -8.260614	 0.777253	 0.784547	 0.301735	 0.001000
 21.909285	 -18.848588	 -8.260312	 0.777221	 0.784574	 0.301747	 0.001000
 21.910062	 -18.847804	 -8.260010	 0.777189	 0.784602	 0.301759	 0.001000
 21.910840	 -18.847019	 -8.259708	 0.777157	 0.784629	 0.301771	 0.001000
 21.911617	 -18.846234	 -8.259407	 0.777125	 0.784656	 0.301783	 0.001000
 21.912394	 -18.845450	 -8.259105	 0.777094	 0.784684	 0.301795	 0.001000
 21.913171	 -18.844665	 -8.258803	 0.777062	 0.784711	 0.301807	 0.001000
 21.913948	 -18.843880	 -8.258501	 0.777030	 0.784739	 0.301819	 0.001000
 21.914725	 -18.843096	 -8.258199	 0.776998	 0.784766	 0.301831	 0.001000
 21.915502	 -18.842311	 -8.257898	 0.776966	 0.784793	 0.301843	 0.001000
 21.916279	 -18.841526	 -8.257596	 0.776934	 0.784821	 0.301855	 0.001000
 21.917056	 -18.840741	 -8.257294	 0.776903	 0.784848	 0.301867	 0.001000
 21.917833	 -18.839956	 -8.256992	 0.776871	 0.784876	 0.301879	 0.001000
 21.918610	 -18.839172	 -8.256690	 0.776839	 0.784903	 0.301891	 0.001000
 21.919387	 -18.838387	 -8.256388	 0.776807	 0.784930	 0.301903	 0.001000
 21.920163	 -18.837602	 -8.256086	 0.776775	 0.784958	 0.301915	 0.001000
 21.920940	 -18.836817	 -8.255784	 0.776743	 0.784985	 0.301927	 0.001000
 21.921717	 -18.836032	 -8.255482	 0.776711	 0.785013	 0.301939	 0.001000
 21.922494	 -18.835247	 -8.255181	 0.776679	 0.785040	 0.301951	 0.001000
 21.923270	 -18.834462	 -8.254879	 0.776648	 0.785067	 0.301963	 0.001000
 21.924047	 -18.833677	 -8.254577	 0.776616	 0.785095	 0.301975	 0.001000
 21.924824	 -18.832892	 -8.254275	 0.776584	 0.785122	 0.301987	 0.001000
 21.925600	 -18.832106	 -8.253973	 0.776552	 0.785149	 0.301999	 0.001000
 21.926377	 -18.831321	 -8.253671	 0.776520	 0.785177	 0.302011	 0.001000
 21.927153	 -18.830536	 -8.253369	 0.776488	 0.785204	 0.302023	 0.001000
 21.927930	 -18.829751	 -8.253067	 0.776456	 0.785232	 0.302035	 0.001000
 21.928706	 -18.828966	 -8.252765	 0.776424	 0.785259	 0.302047	 0.001000
 21.929483	 -18.828180	 -8.252463	 0.776393	 0.785286	 0.302059	 0.001000
 21.930259	 -18.827395	 -8.252160	 0.776361	 0.785314	 0.302071	 0.001000
 21.931035	 -18.826610	 -8.251858	 0.776329	 0.785341	 0.302083	 0.001000
 21.931812	 -18.825825	 -8.251556	 0.776297	 0.785368	 0.302095	 0.001000
 21.932588	 -18.825039	 -8.251254	 0.776265	 0.785396	 0.302107	 0.001000
 21.933364	 -18.824254	 -8.250952	 0.776233	 0.785423	 0.302119	 0.001000
 21.934141	 -18.823468	 -8.250650	 0.776201	 0.785450	 0.302131	 0.001000
 21.934917	 -18.822683	 -8.250348	 0.776169	 0.785478	 0.302143	 0.001000
 21.935693	 -18.821897	 -8.250046	 0.776138	 0.785505	 0.302155	 0.001000
 21.936469	 -18.821112	 -8.249744	 0.776106	 0.785533	 0.302167	 0.001000
 21.937245	 -18.820326	 -8.249441	 0.776074	 0.785560	 0.302179	 0.001000
 21.938021	 -18.819541	 -8.249139	 0.776042	 0.785587	 0.302191	 0.001000
 21.938797	 -18.818755	 -8.248837	 0.776010	 0.785615	 0.302203	 0.001000
 21.939573	 -18.817970	 -8.248535	 0.775978	 0.785642	 0.302215	 0.001000
 21.940349	 -18.817184	 -8.248233	 0.775946	 0.785669	 0.302227	 0.001000
 21.941125	 -18.816398	 -8.247930	 0.775914	 0.785697	 0.302239	 0.001000
 21.941901	 -18.815613	 -8.247628	 0.775882	 0.785724	 0.302251	 0.001000
 21.942677	 -18.814827	 -8.247326	 0.775851	 0.785751	 0.302263	 0.001000
 21.943453	 -18.814041	 -8.247024	 0.775819	 0.785779	 0.302275	 0.001000
 21.944229	 -18.813255	 -8.246721	 0.775787	 0.785806	 0.302287	 0.001000
 21.945004	 -18.812470	 -8.246419	 0.775755	 0.785833	 0.302299	 0.001000
 21.945780	 -18.811684	 -8.246117	 0.775723	 0.785861	 0.302311	 0.001000
 21.946556	 -18.810898	 -8.245814	 0.775691	 0.785888	 0.302323	 0.001000
 21.947332	 -18.810112	 -8.245512	 0.775659	 0.785915	 0.302335	 0.001000
 21.948107	 -18.809326	 -8.245210	 0.775627	 0.785943	 0.302347	 0.001000
 21.948883	 -18.808540	 -8.244907	 0.775595	 0.785970	 0.302358	 0.001000
 21.949659	 -18.807754	 -8.244605	 0.775563	 0.785998	 0.302370	 0.001000
 21.950434	 -18.806968	 -8.244303	 0.775532	 0.786025	 0.302382	 0.001000
 21.951210	 -18.806182	 -8.244000	 0.775500	 0.786052	 0.302394	 0.001000
 21.951985	 -18.805396	 -8.243698	 0.775468	 0.786080	 0.302406	 0.001000
 21.952761	 -18.804610	 -8.243396	 0.775436	 0.786107	 0.302418	 0.001000
 21.953536	 -18.803824	 -8.243093	 0.775404	 0.786134	 0.302430	 0.001000
 21.954311	 -18.803038	 -8.242791	 0.775372	 0.786162	 0.302442	 0.001000
 21.955087	 -18.802252	 -8.242488	 0.775340	 0.786189	 0.302454	 0.001000
 21.955862	 -18.801465	 -8.242186	 0.775308	 0.786216	 0.302466	 0.001000
 21.956637	 -18.800679	 -8.241883	 0.775276	 0.786244	 0.302478	 0.001000
 21.957413	 -18.799893	 -8.241581	 0.775244	 0.786271	 0.302490	 0.001000
 21.958188	 -18.799107	 -8.241278	 0.775212	 0.786298	 0.302502	 0.001000
 21.958963	 -18.798320	 -8.240976	 0.775180	 0.786326	 0.302514	 0.001000
 21.959738	 -18.797534	 -8.240673	 0.775149	 0.786353	 0.302526	 0.001000
 21.960514	 -18.796748	 -8.240371	 0.775117	 0.786380	 0.302538	 0.001000
 21.961289	 -18.795961	 -8.240068	 0.775085	 0.786408	 0.302550	 0.001000
 21.962064	 -18.795175	 -8.239766	 0.775053	 0.786435	 0.302562	 0.001000
 21.962839	 -18.794388	 -8.239463	 0.775021	 0.786462	 0.302574	 0.001000
 21.963614	 -18.793602	 -8.239161	 0.774989	 0.786489	 0.302586	 0.001000
 21.964389	 -18.792816	 -8.238858	 0.774957	 0.786517	 0.302598	 0.001000
 21.965164	 -18.792029	 -8.238555	 0.774925	 0.786544	 0.302610	 0.001000
 21.965939	 -18.791242	 -8.238253	 0.774893	 0.786571	 0.302622	 0.001000
 21.966714	 -18.790456	 -8.237950	 0.774861	 0.786599	 0.302634	 0.001000
 21.967488	 -18.789669	 -8.237648	 0.774829	 0.786626	 0.302646	 0.001000
 21.968263	 -18.788883	 -8.237345	 0.774797	 0.786653	 0.302658	 0.001000
 21.969038	 -18.788096	 -8.237042	 0.774765	 0.786681	 0.302670	 0.001000
 21.969813	 -18.787309	 -8.236740	 0.774733	 0.786708	 0.302682	 0.001000
 21.970588	 -18.786523	 -8.236437	 0.774701	 0.786735	 0.302694	 0.001000
 21.971362	 -18.785736	 -8.236134	 0.774670	 0.786763	 0.302706	 0.001000
 21.972137	 -18.784949	 -8.235831	 0.774638	 0.786790	 0.302718	 0.001000
 21.972912	 -18.784162	 -8.235529	 0.774606	 0.786817	 0.302730	 0.001000
 21.973686	 -18.783375	 -8.235226	 0.774574	 0.786845	 0.302742	 0.001000
 21.974461	 -18.782589	 -8.234923	 0.774542	 0.786872	 0.302754	 0.001000
 21.975235	 -18.781802	 -8.234621	 0.774510	 0.786899	 0.302766	 0.001000
 21.976010	 -18.781015	 -8.234318	 0.774478	 0.786926	 0.302778	 0.001000
 21.976784	 -18.780228	 -8.234015	 0.774446	 0.786954	 0.302790	 0.001000
 21.977559	 -18.779441	 -8.233712	 0.774414	 0.786981	 0.302802	 0.001000
 21.978333	 -18.778654	 -8.233409	 0.774382	 0.787008	 0.302814	 0.001000
 21.979107	 -18.777867	 -8.233107	 0.774350	 0.787036	 0.302826	 0.001000
 21.979882	 -18.777080	 -8.232804	 0.774318	 0.787063	 0.302838	 0.001000
 21.980656	 -18.776293	 -8.232501	 0.774286	 0.787090	 0.302850	 0.001000
 21.981430	 -18.775506	 -8.232198	 0.774254	 0.787118	 0.302862	 0.001000
 21.982205	 -18.774719	 -8.231895	 0.774222	 0.787145	 0.302873	 0.001000
 21.982979	 -18.773932	 -8.231592	 0.774190	 0.787172	 0.302885	 0.001000
 21.983753	 -18.773144	 -8.231289	 0.774158	 0.787199	 0.302897	 0.001000
 21.984527	 -18.772357	 -8.230987	 0.774126	 0.787227	 0.302909	 0.001000
 21.985301	 -18.771570	 -8.230684	 0.774094	 0.787254	 0.302921	 0.001000
 21.986075	 -18.770783	 -8.230381	 0.774062	 0.787281	 0.302933	 0.001000
 21.986850	 -18.769995	 -8.230078	 0.774031	 0.787309	 0.302945	 0.001000
 21.987624	 -18.769208	 -8.229775	 0.773999	 0.787336	 0.302957	 0.001000
 21.988398	 -18.768421	 -8.229472	 0.773967	 0.787363	 0.302969	 0.001000
 21.989172	 -18.767633	 -8.229169	 0.773935	 0.787390	 0.302981	 0.001000
 21.989945	 -18.766846	 -8.228866	 0.773903	 0.787418	 0.302993	 0.001000
 21.990719	 -18.766059	 -8.228563	 0.773871	 0.787445	 0.303005	 0.001000
 21.991493	 -18.765271	 -8.228260	 0.773839	 0.787472	 0.303017	 0.001000
 21.992267	 -18.764484	 -8.227957	 0.773807	 0.787500	 0.303029	 0.001000
 21.993041	 -18.763696	 -8.227654	 0.773775	 0.787527	 0.303041	 0.001000
 21.993815	 -18.762909	 -8.227351	 0.773743	 0.787554	 0.303053	 0.001000
 21.994588	 -18.762121	 -8.227048	 0.773711	 0.787581	 0.303065	 0.001000
 21.995362	 -18.761334	 -8.226745	 0.773679	 0.787609	 0.303077	 0.001000
 21.996136	 -18.760546	 -8.226442	 0.773647	 0.787636	 0.303089	 0.001000
 21.996909	 -18.759758	 -8.226139	 0.773615	 0.787663	 0.303101	 0.001000
 21.997683	 -18.758971	 -8.225835	 0.773583	 0.787691	 0.303113	 0.001000
 21.998457	 -18.758183	 -8.225532	 0.773551	 0.787718	 0.303125	 0.001000
 21.999230	 -18.757395	 -8.225229	 0.773519	 0.787745	 0.303137	 0.001000
 22.000004	 -18.756607	 -8.224926	 0.773487	 0.787772	 0.303149	 0.001000
 22.000777	 -18.755820	 -8.224623	 0.773455	 0.787800	 0.303161	 0.001000
 22.001551	 -18.755032	 -8.224320	 0.773423	 0.787827	 0.303173	 0.001000
 22.002324	 -18.754244	 -8.224017	 0.773391	 0.787854	 0.303184	 0.001000
 22.003097	 -18.753456	 -8.223713	 0.773359	 0.787881	 0.303196	 0.001000
 22.003871	 -18.752668	 -8.223410	 0.773327	 0.787909	 0.303208	 0.001000
 22.004644	 -18.751880	 -8.223107	 0.773295	 0.787936	 0.303220	 0.001000
 22.005417	 -18.751092	 -8.222804	 0.773263	 0.787963	 0.303232	 0.001000
 22.006191	 -18.750305	 -8.222501	 0.773231	 0.787990	 0.303244	 0.001000
 22.006964	 -18.749517	 -8.222197	 0.773199	 0.788018	 0.303256	 0.001000
 22.007737	 -18.748729	 -8.221894	 0.773167	 0.788045	 0.303268	 0.001000
 22.008510	 -18.747940	 -8.221591	 0.773135	 0.788072	 0.303280	 0.001000
 22.009283	 -18.747152	 -8.221288	 0.773103	 0.788099	 0.303292	 0.001000
 22.010057	 -18.746364	 -8.220984	 0.773071	 0.788127	 0.303304	 0.001000
 22.010830	 -18.745576	 -8.220681	 0.773039	 0.788154	 0.303316	 0.001000
 22.011603	 -18.744788	 -8.220378	 0.773007	 0.788181	 0.303328	 0.001000
 22.012376	 -18.744000	 -8.220074	 0.772975	 0.788208	 0.303340	 0.001000
 22.013149	 -18.743212	 -8.219771	 0.772943	 0.788236	 0.303352	 0.001000
 22.013922	 -18.742423	 -8.219468	 0.772911	 0.788263	 0.303364	 0.001000
 22.014695	 -18.741635	 -8.219164	 0.772879	 0.788290	 0.303376	 0.001000
 22.015467	 -18.740847	 -8.218861	 0.772847	 0.788317	 0.303388	 0.001000
 22.016240	 -18.740059	 -8.218557	 0.772815	 0.788345	 0.303400	 0.001000
 22.017013	 -18.739270	 -8.218254	 0.772783	 0.788372	 0.303412	 0.001000
 22.017786	 -18.738482	 -8.217951	 0.772751	 0.788399	 0.303424	 0.001000
 22.018559	 -18.737693	 -8.217647	 0.772719	 0.788426	 0.303435	 0.001000
 22.019331	 -18.736905	 -8.217344	 0.772687	 0.788454	 0.303447	 0.001000
 22.020104	 -18.736117	 -8.217040	 0.772655	 0.788481	 0.303459	 0.001000
 22.020877	 -18.735328	 -8.216737	 0.772623	 0.788508	 0.303471	 0.001000
 22.021649	 -18.734540	 -8.216433	 0.772591	 0.788535	 0.303483	 0.001000
 22.022422	 -18.733751	 -8.216130	 0.772559	 0.788563	 0.303495	 0.001000
 22.023194	 -18.732962	 -8.215826	 0.772527	 0.788590	 0.303507	 0.001000
 22.023967	 -18.732174	 -8.215523	 0.772495	 0.788617	 0.303519	 0.001000
 22.024739	 -18.731385	 -8.215219	 0.772463	 0.788644	 0.303531	 0.001000
 22.025512	 -18.730597	 -8.214916	 0.772431	 0.788672	 0.303543	 0.001000
 22.026284	 -18.729808	 -8.214612	 0.772399	 0.788699	 0.303555	 0.001000
 22.027057	 -18.729019	 -8.214309	 0.772367	 0.788726	 0.303567	 0.001000
 22.027829	 -18.728230	 -8.214005	 0.772335	 0.788753	 0.303579	 0.001000
 22.028601	 -18.727442	 -8.213702	 0.772303	 0.788781	 0.303591	 0.001000
 22.029374	 -18.726653	 -8.213398	 0.772271	 0.788808	 0.303603	 0.001000
 22.030146	 -18.725864	 -8.213094	 0.772239	 0.788835	 0.303615	 0.001000
 22.030918	 -18.725075	 -8.212791	 0.772207	 0.788862	 0.303627	 0.001000
 22.031690	 -18.724286	 -8.212487	 0.772175	 0.788889	 0.303639	 0.001000
 22.032463	 -18.723498	 -8.212184	 0.772143	 0.788917	 0.303650	 0.001000
 22.033235	 -18.722709	 -8.211880	 0.772111	 0.788944	 0.303662	 0.001000
 22.034007	 -18.721920	 -8.211576	 0.772079	 0.788971	 0.303674	 0.001000
 22.034779	 -18.721131	 -8.211273	 0.772047	 0.788998	 0.303686	 0.001000
 22.035551	 -18.720342	 -8.210969	 0.772015	 0.789025	 0.303698	 0.001000
 22.036323	 -18.719553	 -8.210665	 0.771983	 0.789053	 0.303710	 0.001000
 22.037095	 -18.718764	 -8.210361	 0.771951	 0.789080	 0.303722	 0.001000
 22.037867	 -18.717975	 -8.210058	 0.771918	 0.789107	 0.303734	 0.001000
 22.038639	 -18.717185	 -8.209754	 0.771886	 0.789134	 0.303746	 0.001000
 22.039411	 -18.716396	 -8.209450	 0.771854	 0.789162	 0.303758	 0.001000
 22.040183	 -18.715607	 -8.209147	 0.771822	 0.789189	 0.303770	 0.001000
