7.182091320386561062e-01 4.711929579381297639e-01
2.748814823161319643e-01 1.997469702170142636e-01
8.157523849288939033e-02 6.198218583546243332e-01
2.013105734680376013e-02 7.554118978163930631e-01
3.247168676050697922e-01 9.138123726073660302e-01
8.718185772221042074e-01 7.532662361497111103e-01
2.076485019464999748e-01 9.327581483225246828e-01
8.794194694782547783e-01 7.350335047828338020e-03
6.195181860457388279e-01 3.444158083124913006e-01
2.250706541878830791e-01 2.207903848195905683e-01
5.146767668679504970e-01 9.378167857405239616e-02
3.050235798913598639e-01 9.115750224626080200e-01
9.531803526523487946e-01 3.553640203998245095e-01
4.124369771292317743e-01 4.058341553269173563e-01
4.676102813403670844e-01 8.380273216232140276e-01
3.723433147711640023e-01 7.486400716211473183e-01
5.331905823977649561e-01 8.888057204495722896e-01
4.836175632827476312e-01 5.698695981912815789e-02
1.098032086252276329e-02 3.972656256324680335e-02
2.875936393474942676e-04 7.004598835545615687e-01
2.993951023711801662e-01 4.768057407219744581e-01
1.809260614816065038e-01 5.188178261806898339e-01
9.577876585326702275e-01 1.388196268990676829e-01
3.700510721306373707e-01 6.436537756637764618e-01
6.130909061355059864e-01 8.083520840316268385e-01
6.696848051386534717e-01 6.348102602410798934e-02
2.604505997779293924e-01 8.712944142648817447e-01
7.982608875026988571e-01 4.281319355580193164e-01
5.582330574351994645e-01 9.233923066914372368e-01
6.697303343147684718e-01 2.874816017765199350e-01
7.125475087798448515e-01 2.791819345492456694e-01
8.437167950980264397e-01 9.011962727131672679e-03
8.792608729633825115e-01 8.165368744100871545e-01
8.061132995332620510e-02 9.076355224040022485e-02
8.621938832575811729e-01 7.529345270878711194e-01
3.069564905616050110e-01 4.340515944634799617e-01
4.741400707324785468e-01 2.840423583629316795e-01
3.289069696564995704e-01 9.198120349733048817e-01
7.617465655994327678e-01 6.669959345992875210e-01
8.551758697790817765e-01 2.420670057031192313e-01
8.286293657044709882e-01 1.758583767887303972e-01
4.546332473003663610e-01 9.485966983323470547e-01
5.240915739519275141e-01 6.540492213521988951e-01
7.043014320117586546e-01 9.525390143740152249e-01
8.741094952665325879e-01 6.944724671584867615e-01
2.565615809488209775e-01 4.154596892180184575e-01
2.101615703627068843e-01 4.945296790523823205e-02
9.029335612568449854e-01 3.932369568504198165e-01
2.815294617114172393e-02 1.045085968075705196e-01
5.544546100789444765e-01 3.792235548215172614e-01
9.256821652620956797e-01 9.605274620186283752e-01
2.357330633499739037e-01 3.666834192109112989e-01
6.790055366430249872e-01 3.803079279091394760e-01
4.412605412559155171e-01 9.327595029121128478e-01
3.460219619977831229e-01 8.226225557832184121e-01
1.543877429652203981e-01 1.911887722266236711e-02
7.294836561185510382e-01 5.258803183435067918e-01
6.497097440482468844e-01 5.456265245941888109e-01
5.387980487275020325e-01 2.281094369686431644e-01
2.764308761366753853e-01 3.218751102992882807e-01
2.662478079581849233e-01 2.757885964094259901e-01
7.391438615683325608e-01 9.346134059540136541e-01
9.541965105668664959e-01 8.313504783691980649e-01
5.454494287762265969e-01 8.283956649750719992e-01
7.190987312232519635e-01 8.890346014702119604e-01
1.644313841646413143e-01 6.458484787046547826e-02
3.208872870628458607e-01 9.537373911964674988e-02
2.356003492267972899e-01 8.733343895411638247e-02
1.386059965991452980e-01 8.216985177916613647e-02
3.472957294052584354e-01 6.556712694886216442e-01
1.192519200638628707e-01 8.584687033164934977e-01
8.053345053749826343e-01 9.520789195496714985e-01
8.822120236270305504e-01 4.262561129339738075e-01
4.581545208929215240e-01 8.225566401155227636e-01
8.057617290841664337e-01 9.183240787775514002e-01
8.640461280509430519e-01 1.956910067931988406e-01
6.387817501173826962e-01 2.759383032928562907e-01
4.311030731130238713e-02 9.303455040998992454e-01
7.609627663869358294e-01 1.504883034347831439e-01
8.441652364421783350e-01 2.274576434348387632e-01
5.382134574322705589e-01 7.477184743339506667e-01
8.107061592647730741e-01 7.228818977327636786e-01
5.992131254941930329e-01 3.663461757438256639e-01
8.328894709849287148e-01 9.179869673261190632e-01
4.130634535485683267e-01 2.433836169023620988e-01
4.527126402872319044e-01 3.812296419659958469e-01
3.177722309428495651e-01 7.497665998327244230e-01
6.206140306674893248e-01 6.292201832199525446e-01
6.902776205669562959e-01 5.113200388537723073e-01
6.324219290216439582e-01 4.098240905131235179e-01
8.218868975328603721e-01 9.223036536802298180e-02
8.451401812183907403e-01 5.923435798067885338e-01
6.265390402783660440e-01 3.551800030308831513e-01
7.143034363918945306e-01 6.360076937755883009e-01
4.470010457197298726e-01 8.736609213168796684e-01
9.959284047346462776e-01 5.260017956230355063e-01
4.221873320071967139e-02 8.160183412133762415e-01
9.399841543227532847e-01 7.353680330515033337e-02
1.877365483294087811e-01 8.374688437697979104e-01
7.281805726527517120e-01 1.987586425824460212e-01
6.481125890287268154e-01 8.495800614325562661e-01
1.217889320526153174e-01 8.708000835987398380e-01
8.923140075630173751e-01 5.066842896927297168e-01
5.884189021142351983e-01 3.736988355078093571e-01
3.638365580751107276e-01 1.958907739090443023e-02
7.337430445540954471e-01 8.494094876244654424e-01
9.601362102721505698e-01 7.106331293570457008e-01
4.434398160471701988e-01 4.656038129969609640e-01
8.125028286840171310e-01 9.648740482179364308e-01
7.212641936305034251e-01 8.097680620052193357e-01
2.751978467263546113e-01 7.310745561536109438e-01
2.831852812368251815e-01 9.803939350685002552e-01
6.545590635156263160e-01 7.613820781624319745e-01
4.459084150860473938e-01 2.075374860572190006e-01
5.922356869155367409e-01 9.397722013894601600e-01
5.625174077679390150e-01 8.914285576087932483e-01
9.099822421361714042e-01 9.807185800684214971e-01
2.587061363669218572e-01 6.663732433193579885e-01
4.910829840015646930e-01 3.213965772936145937e-01
2.775832900144949988e-01 4.528000483896577055e-01
9.889960198414710080e-01 9.316071504795654379e-01
7.577600536401419840e-01 9.314854630799613844e-01
2.861457310863555481e-01 1.521230041892825957e-01
3.697892988982928175e-01 9.698509332510852898e-01
7.054205222132735598e-01 6.255125872893682049e-01
2.260325513349363824e-01 2.869982390502856529e-02
4.368206413562388812e-01 9.877701273882342203e-01
1.321327109321714932e-01 1.796080294968182001e-01
6.106455375159983712e-01 7.357908396081318525e-01
5.096398190020190455e-01 1.159195827231931375e-01
2.824451327737859119e-01 9.438271765462635798e-01
8.969344829203542702e-01 2.580674508852528470e-01
3.590579209643310898e-01 4.212238973752364668e-01
6.643337579216035405e-01 2.879316605587189937e-02
9.901018359104399869e-01 2.011599466272055992e-01
1.058410064993308142e-01 4.673176734790420728e-01
5.238705725770401722e-01 2.979602574696920136e-01
3.469677794498889911e-01 2.744690668903804198e-01
9.504753843507508515e-01 9.960893941297700449e-01
6.924220281115828213e-01 7.094922824568878905e-01
4.540429138478738746e-01 1.080352719269412898e-01
3.240496176790218508e-01 2.733904236613557970e-01
6.181620230305084895e-01 2.073029712091063459e-01
4.654106118237451017e-01 6.587039683964260872e-01
4.760359246499223929e-02 5.603713498346093447e-01
2.903142072178009903e-01 7.311183683460660276e-01
5.596503395733448682e-01 4.993426125532789417e-01
5.421156708543698466e-01 6.894125135893849343e-01
3.603384317191870023e-01 2.074514015692853208e-01
9.205228803953749983e-01 6.352581031942919898e-01
2.241126372252152388e-01 7.121261932997550170e-01
3.859542160420599277e-01 6.424723288706049029e-01
6.041508604443638353e-01 5.907526684810563422e-01
8.713961556194815827e-01 7.055373355134806346e-01
4.169558411116965901e-01 7.225244825308247965e-01
6.005775654581981815e-01 3.739092710683362686e-01
4.682661273357968668e-01 6.279490765874340408e-02
1.651181682478228829e-01 8.851777008769945443e-02
1.904675325018423404e-01 7.970675437134442376e-01
1.623108458770716744e-01 4.719166946239004012e-01
6.780727074307112412e-01 7.172454493809756748e-01
9.186216642647119235e-01 2.548042822517080364e-01
7.450564417905484182e-01 5.789834371292198467e-01
7.231813166546270377e-01 2.056668268580271741e-01
9.018899835701931211e-01 3.015450395749302848e-01
8.980078961896864609e-01 7.523136815855334669e-01
1.884426858809561400e-01 2.914311011874988200e-01
2.622112508227738559e-01 2.497750366028680391e-01
3.355904405934804213e-01 6.167614402126131434e-02
4.749545501170828743e-01 9.695638977547557102e-01
9.195556036638167230e-01 6.124977604765955430e-01
8.467093070478576289e-01 5.767058085099537879e-01
4.506641516816700666e-02 3.477067504794794095e-01
3.970846878548925929e-01 4.415894440265633047e-02
7.871210591045640914e-02 9.478207538235262630e-01
2.189187794357129180e-01 5.037180145565633982e-01
6.028520104834753646e-01 8.562833778070138013e-01
6.762920072161389129e-01 2.873283832553873429e-01
7.069248942611697784e-01 3.509618028723648919e-01
6.066392737614053621e-01 7.078447021203453371e-01
1.628458194681405846e-01 1.906777247408055764e-01
5.613269611285846006e-01 4.922347467727078429e-01
9.568730881529007304e-01 4.624299672648312098e-01
5.911466147930750648e-01 5.186837541788416051e-01
3.955016995904890864e-01 6.083593752056581927e-03
6.782128158870979195e-01 4.619170837412457375e-01
3.589026345933516993e-01 4.954374811320697569e-01
5.149899418781647142e-01 9.750538023825161549e-01
4.409854301485049977e-02 1.504283109117610095e-01
6.952600107719277833e-01 2.813747766198493316e-01
7.992423371723577086e-01 6.475559767104189790e-01
6.606812000554148634e-01 6.917904039972301300e-01
1.243339163545431614e-02 2.675634791824202940e-01
4.672335677076238092e-01 6.448112531501432043e-01
7.104150320792246287e-02 7.774641635766623704e-01
4.040032272942104541e-01 3.092679797402039243e-01
9.018052040316936191e-01 7.715308399091425073e-02
5.695893486433734054e-01 5.858042038920791006e-01
4.801295418273429094e-01 6.723575072446610346e-01
5.135349633273416092e-01 3.587910701347802878e-01
3.117010201051195750e-02 4.122990887688033901e-01
3.096327704069242737e-01 2.544638717625580249e-01
9.547447635686794332e-01 5.895101566523937020e-01
9.341145827897471277e-01 5.713602842597220732e-02
6.183158617166806259e-02 5.997604069579262065e-01
2.541594538181128904e-01 9.340576101075895865e-01
9.815448819966043903e-01 9.410932711944487439e-01
6.537144515947723722e-01 2.413186260185942178e-01
9.503154675519502881e-01 6.043020461428572077e-01
2.010125214039671926e-01 1.816390283624406132e-01
4.332264215668172325e-01 2.679991031218865727e-01
1.832985477936495133e-01 4.368962407450589502e-01
4.428647498236336633e-01 4.127467825263986256e-02
5.393910730698210365e-01 2.032377286631958935e-02
4.881031355607547972e-01 2.772565027120906800e-01
2.922440399625972907e-01 9.079309630395588915e-01
8.214891145336825629e-01 7.005798932529615497e-01
9.444587648408387937e-01 9.498434802937119059e-01
4.075031985961802272e-01 5.052961836314290300e-01
8.068022495470154043e-01 4.947329004225742288e-02
6.615874232040255265e-01 4.157021099647455475e-01
4.719494701905173617e-01 9.123264431695369270e-01
3.651531937774205039e-01 9.948029380584305637e-01
9.069186194538403356e-01 1.455069837576969949e-01
6.510597868965184443e-02 3.599841333152913325e-01
2.605248713297079188e-01 3.707415490415647552e-01
9.095758264711574226e-01 1.954317933937111951e-01
6.351261784412076672e-01 6.863264044394632446e-01
7.228690486478335231e-01 6.755177810724855014e-02
4.178932983621924668e-01 4.345426279574173822e-01
2.091946824458977838e-01 7.719756670663447951e-01
7.152645744551966445e-02 6.255752933872634758e-01
6.584720409783976214e-01 1.589955379409638825e-01
6.646743781669355311e-01 5.314696961698557320e-01
1.081199142515927303e-01 2.474925718913834061e-03
8.084711365786201309e-02 5.208581484858376687e-01
1.497017575404391287e-01 9.275912651713182910e-01
8.607295795032569030e-01 1.298304458173391573e-01
4.095391469651248340e-01 3.326369721659310219e-01
3.022128305884319577e-02 4.314540849600183581e-01
3.812594966740464608e-01 3.719313688417615893e-01
6.484291400260624449e-01 5.233154674004781848e-01
8.010002038903362154e-01 7.758350194559058277e-01
8.906565917432254231e-01 5.559299637926388149e-01
2.257662893927923076e-01 2.806254330591873014e-01
5.758097358502969332e-01 1.269637892509836163e-01
4.996572566434517304e-01 2.742499661640070974e-01
9.751049939906694108e-01 6.321420567767698229e-01
9.576529020978663542e-02 7.161298193510469146e-01
3.089864700915628815e-01 4.607254808486201947e-01
9.946051345503906793e-01 2.308023883934229303e-01
8.400083518647540881e-01 2.183156162109223253e-02
2.051185784000919554e-01 1.809276977183510438e-01
4.054748602561335513e-01 4.577702670238622540e-01
9.997068718667444509e-01 9.607183509979967395e-01
9.018597803600494345e-01 1.017761824309287855e-01
8.196014667042140767e-01 2.363524980522400121e-01
2.698032697028396321e-01 9.793296576317243041e-01
5.804279658945167286e-01 7.246483865140507241e-01
2.518664998296138435e-02 9.826537509033460571e-01
6.887550732311531476e-02 6.444992275954308791e-01
4.605685201193946421e-01 4.385339064052461433e-01
2.087321530102939082e-01 8.116842635616622337e-01
8.706452962487059022e-01 8.873091449442169765e-01
9.333889012356250126e-01 7.221559910096461143e-01
7.415413286759899858e-01 9.155549654202681520e-01
2.981371855504433288e-01 8.181080679175851689e-01
1.581920787924840921e-01 2.647288780812681042e-01
9.443444597542759444e-01 8.343844031401114192e-01
3.430870188348228433e-01 2.076322184503782697e-01
7.497629753162803334e-01 5.971238679157028217e-01
2.593710589575339842e-01 7.676655397992485641e-01
2.815497735017356007e-01 3.803033897753183012e-02
5.085179915470454670e-01 2.840953343113772345e-02
3.744307719559231140e-01 5.964974928120421183e-01
9.004062749387875542e-02 7.885719193703278895e-01
6.929547384461577364e-01 9.465786839771107575e-01
2.983693066724150134e-01 2.264522292675600346e-01
8.129393126681410120e-01 1.566138939251270346e-01
9.829023863731315425e-01 2.790217529239272798e-01
7.675597525674360266e-02 2.901378819747735260e-02
5.563238335104774279e-01 4.279282333834175667e-01
6.018753637364027131e-01 7.476742257802403424e-01
9.939518414613310870e-01 7.847389496858578894e-01
6.220539129079080132e-01 7.742063854487618579e-01
4.723983532177276068e-01 2.393974613654830108e-01
3.398725450173282203e-01 4.644960082027468351e-01
2.404055355487377810e-01 1.901713542043514948e-01
1.175429667588911986e-02 3.967184144175017746e-02
4.371342296007942885e-01 6.760461286690860883e-01
4.609256684367626367e-01 9.731164303627483081e-01
4.443883475101041425e-01 8.055847385040585396e-01
4.185542727066239310e-01 4.418135017882126592e-01
5.434850243875610776e-01 4.684934655442101192e-01
4.998128729312963925e-01 4.221607279938355273e-02
3.557595651130222025e-01 3.119173813481835866e-01
4.773679510428259221e-01 4.787003019046573993e-01
9.898137971798123269e-01 5.921681367060994683e-01
6.299595348925280947e-01 1.823317459509479210e-01
1.713113738810254638e-01 8.471820431901235793e-01
6.595483404533675209e-02 5.775894680184482377e-01
4.255255809748571538e-01 2.994129329068865308e-01
5.734451016385364586e-01 9.103945121065919466e-01
7.197378730677952419e-01 9.251896355561853857e-01
8.709402415055135238e-01 7.739156012046027877e-01
8.490537620813768394e-01 9.340440187274480222e-01
6.541552417114403495e-01 5.633299581236987930e-01
8.633141886436569434e-01 4.806319489124467603e-01
4.846002839603134049e-01 1.216030114819682817e-01
5.702220370663021454e-01 3.180383748617553463e-01
7.237351216989920122e-01 9.283828107202917179e-01
8.850024774648644899e-01 4.991663726547508340e-01
5.119605979635992732e-01 4.946409883272254726e-01
6.617224651283687420e-01 6.888182390063956051e-01
9.441948005644873465e-01 1.913506674632123872e-01
3.473260074417727772e-03 9.184237455851038678e-01
6.695387978433375853e-02 8.776518132225075153e-02
5.805520706022523347e-01 5.197975854230205695e-01
5.467756542039550194e-01 6.433334163401313033e-01
1.948063472282857145e-02 8.081455090759300797e-01
1.997511916548617705e-01 7.158475084317298398e-01
4.826243077401767279e-01 5.724151747190220352e-01
3.082502552964493381e-01 2.726676275412844852e-01
5.021949364800432081e-01 3.896079102265720406e-01
5.659162794311221045e-01 3.241450885382280989e-01
6.593666295690693291e-01 3.363149253061137323e-01
2.632867037159292156e-01 9.715461864229981703e-01
4.747235882490041803e-02 1.359787153085822986e-01
2.715431800110756910e-02 5.922391174687160476e-01
2.848910431246678421e-01 7.327460794271376532e-01
8.126859050287336128e-01 6.544090221757965509e-01
2.872779858468063052e-01 4.008491882482431157e-01
3.997193481334085918e-01 1.792706293970617315e-01
4.733963423414645488e-01 9.537640451903531824e-01
3.647746204725096364e-01 9.589600948059632257e-01
7.186759224153002057e-01 2.099046740431401714e-01
9.042712669695329719e-01 3.663618634575399602e-01
9.695675762648392482e-02 8.828324899197392828e-02
8.451772321630333096e-01 2.433652058404622842e-02
6.580585202746437323e-01 5.613931856246419105e-01
4.327116260095931199e-02 7.374353054772172511e-01
5.822748493434275474e-01 3.227150145828433514e-01
9.206013796690880602e-01 3.452894900895023822e-01
4.851479734251398224e-01 2.233246256203199609e-01
2.915622485897795269e-01 1.583781052003958578e-01
5.615828039216065326e-01 3.893234275627189822e-01
7.312513189139467906e-01 8.471925320029278783e-01
2.652927655227632631e-01 6.667132100400442463e-01
8.972116799628571115e-01 9.562088568540927369e-01
4.625657169929265899e-01 1.640136380679357853e-01
3.956384278778475316e-01 4.533292516811179285e-01
8.703668197842056031e-01 4.509722751180154088e-01
5.889339175534513693e-01 5.070270996456959223e-01
9.926590995713171495e-01 4.475599704048834893e-01
7.652663352580691969e-01 6.468542711206791695e-01
5.487250495522838500e-01 7.602718958044616393e-01
5.303658576477121578e-01 2.818619788121786707e-01
7.871155453292324466e-01 9.834193782801705641e-01
3.340426511240556229e-01 2.268062228639504685e-01
5.472551265488319050e-01 7.292028375863059964e-01
9.871335018069026246e-01 6.350544775526762997e-01
6.386302180967440290e-01 4.647694034657269269e-01
7.121894151526222405e-01 4.859041283366556385e-01
4.753761452907978580e-02 6.124074556082644838e-01
7.648738290849590449e-01 3.619736601071487092e-01
3.814119465530075859e-01 5.285837255179479666e-01
7.369845826073448958e-01 1.165932149192597800e-01
7.866785898645897168e-01 9.742632618254679633e-01
5.054123650282392743e-01 7.413262390808899038e-01
2.792506193088033495e-01 2.372490932016324550e-02
8.661773700653494501e-01 4.479420035203847128e-01
2.204070061442078288e-01 8.261383105860926612e-01
5.045160001329020982e-01 1.877232595530995418e-01
2.972473221293902013e-01 3.959701619015831842e-01
6.263582648783332374e-01 8.861226875587878693e-01
2.292473528213747613e-01 3.151356376955797289e-01
3.817180250097936822e-01 1.981497640850267139e-01
7.049586254927316942e-01 9.148386139381160520e-01
6.942213829642376322e-01 3.443386416072773404e-01
5.422419994316323155e-01 6.806409424864283686e-01
4.758962015139340807e-01 8.030799766181442312e-01
6.407171880400502895e-01 1.404543491692553658e-01
3.772841184570639994e-01 1.052433517095815452e-01
1.410836604942040662e-01 7.428788552780400956e-01
7.487585279080589684e-01 4.041986355132218822e-01
5.814532633655982163e-01 7.847640669073889796e-01
5.274891337428765370e-01 9.442508084355655251e-01
9.078963808332575214e-01 8.127574006464631795e-01
2.525224795425213831e-01 9.421555946938174886e-01
8.480831111894816532e-01 8.704801325616633445e-01
1.476798043312035347e-01 7.296946456813799831e-01
6.429910839182717552e-02 9.783383908001723750e-01
6.473308878246222253e-01 4.417183233305221890e-01
8.698066048045047793e-01 3.570510847591467085e-01
6.489030924463501382e-02 8.045640069996854438e-01
1.328947543245247997e-01 3.144736358908293283e-01
5.203553487273991918e-01 6.008254599121921613e-01
9.123258592125470523e-01 2.355289455601277115e-01
1.678515306042114297e-01 1.938649041727102951e-02
3.212152539553887465e-01 4.775581194096588655e-01
1.151596531798770862e-02 7.307382817746527204e-01
8.264514128348883215e-01 1.345399769249153721e-01
7.671257794217853920e-01 9.057599304317235367e-01
8.679910082222016543e-01 1.391993474528575581e-01
9.974359579901866946e-01 6.882274162913981641e-02
4.739280342043078464e-01 5.165915775820335565e-01
2.737755093186863276e-01 7.334260475803208168e-01
3.789866924249826186e-01 9.107703921664237479e-01
4.616893988129352477e-01 8.894604962240137969e-01
5.796409692525269497e-01 1.633741044184080504e-01
5.840716459219458256e-01 1.737763892825372469e-02
8.413970160449935065e-02 2.530598776213951462e-01
6.907218136713230150e-01 6.620996283705039565e-01
4.446131770838033237e-01 7.133944234439669740e-01
2.549809030433940471e-01 4.512850876695240210e-02
6.080965576518442273e-01 8.412809229457972604e-01
5.401554474246206272e-01 1.586419437526637166e-01
1.401612992761896992e-01 1.940764830753118897e-01
3.141194421042159401e-02 9.168105949349081296e-01
4.923413328919077347e-01 9.024133815737315212e-01
4.110681154621564914e-01 6.930111660791460348e-02
2.149452353526792869e-01 2.422250894676239996e-01
2.947838260229662666e-01 7.919606417057647452e-01
3.109393992709253984e-01 7.845529398818014144e-01
6.043338128033057810e-01 5.683490792677925452e-01
9.574029420202770924e-01 2.221767917389984026e-01
9.192001083831637942e-01 1.726284657679518775e-01
5.136451418609628838e-01 8.124037225360225545e-01
5.824465463541466104e-01 4.336625637890936247e-01
8.657467314869574659e-01 1.469451859330588306e-01
3.039551164028209129e-01 7.933585567559684470e-01
2.819782568818940405e-01 7.356891363100186432e-01
4.138357653713221618e-01 7.588111225307149210e-01
2.358802647016101650e-01 1.743187379014000671e-01
5.976385065585624323e-01 9.536801681537074860e-01
4.208868624618333776e-02 1.636703941062100931e-02
3.135662075544108918e-01 8.008878435073387703e-01
5.364986610324020688e-01 5.258258456458686503e-02
6.341092653874811358e-01 8.649105821876155176e-01
4.742331999740555526e-01 5.357177292122675683e-01
5.296592825938480908e-01 3.213382354384486383e-01
6.259597148842763747e-01 9.775905416675595427e-01
9.615424309546579673e-01 6.098575381866015999e-01
4.413665647689797300e-01 5.633866862357139738e-01
4.700364512283323748e-01 7.961521648293635733e-01
2.950663893706351182e-02 5.113520831392021071e-01
5.855080364866628306e-01 4.891064263105029397e-01
7.508595437742526801e-01 2.762783361467845422e-01
5.647043978894890071e-01 3.408231462514298427e-01
1.475464473065469795e-01 4.162993628947029290e-01
7.587527907449027609e-01 4.540276029820309311e-01
6.447800532408608509e-01 2.092666269980609783e-01
3.505507751650493997e-01 7.615566479865356619e-01
3.790416667732239286e-01 8.879937440829259732e-01
6.232068005158587498e-01 1.508352738608290666e-01
7.553353740276632644e-01 2.685406765715682154e-01
6.520039968219979443e-01 4.685125989778871070e-02
1.933943383053527976e-01 9.178442786005975851e-01
3.090107760272476911e-01 1.006037081426792712e-01
9.850894701245165308e-01 5.288047862391196396e-01
3.811629478835529827e-01 7.518032566327313981e-01
4.566551756872760937e-02 8.540547470649076933e-01
9.215186519975124835e-01 6.553620311976372514e-01
3.450010838639416821e-02 8.433560902443917318e-01
5.547705394609943053e-01 3.323784914826402037e-01
7.122540937225140256e-01 9.241083282167225077e-01
4.639578603382583655e-01 9.846578832711521123e-01
2.411713841235390010e-01 4.958208684881950656e-01
5.803673952881258646e-01 4.471912250269620692e-01
6.920533295505069127e-01 6.429082617869229521e-01
4.813456804074386364e-01 8.562022791987480286e-01
3.181475614918898298e-01 2.718535583057103411e-01
3.730410058595070577e-01 9.513767377748751919e-01
3.135176300487905188e-01 8.755930470174846381e-01
3.983471263633222570e-01 5.779356366973659176e-01
2.257051997180570257e-01 3.904868924560777055e-01
3.320503167790223031e-02 7.103889071269193778e-01
5.408525373084474008e-01 9.165324063353551542e-01
2.419697450717326337e-01 9.539940667805427710e-01
6.869751226865131732e-01 4.078559915266206648e-01
5.140221592529279349e-01 4.324237944335997952e-01
1.267955449721267502e-01 5.477352991539248261e-01
7.313527070823621079e-01 5.454327575687060170e-01
3.731145395211481475e-01 5.290019209400877997e-01
6.198297778346538722e-01 7.600763186763841439e-01
2.406494278111031004e-01 1.928376646850301634e-01
4.724686452089252864e-01 7.193321458158633552e-01
8.581234322962668637e-01 6.272550607813140999e-01
1.266747355229326244e-01 2.176485609200280447e-01
8.882145918082784419e-02 7.572069574976980633e-01
4.370230377110714270e-01 5.466599041091907418e-01
4.810647419045385176e-01 2.752237631755114489e-01
5.570580964890337050e-02 9.762734867819612417e-01
4.652851262146672218e-01 5.578006398984125536e-01
4.339811307370377014e-01 6.567852007531025382e-01
3.112838870637665289e-01 1.213864862728772920e-01
9.422553770395114547e-01 9.457710461502751853e-01
6.802298163585481783e-01 1.813007828586975512e-01
2.319127350015603994e-01 8.705256726025113467e-01
6.000807038481628108e-01 7.899576723664489819e-01
3.151413113489370810e-01 7.078148753721966724e-01
6.764375659693100395e-02 9.269699412330545396e-01
2.071357384636030030e-01 4.142821624361657795e-01
7.001573249343099326e-01 1.192224297039525815e-01
9.419510841025865444e-01 3.997799320210865259e-01
5.110427216235728931e-01 2.298668004504011986e-02
8.206010182481220383e-01 7.014463691424150937e-01
7.512974583400405804e-01 8.794049648217153736e-01
8.236759870279608542e-03 5.091510971342512182e-01
6.014332216602319425e-01 2.809220963149965389e-01
4.666861857850569395e-01 7.407142631610763583e-01
2.624959800972692658e-02 6.266122982359854099e-01
9.389279146956663880e-02 2.877225801689728968e-01
3.712272396093768689e-01 6.491881382787138000e-01
8.875085516614195091e-01 1.011092691081105777e-02
2.180175101488663891e-01 6.150471683085211305e-01
9.330717876721605908e-02 3.431894373571824364e-01
7.102480602830283374e-01 1.777743645487266377e-01
5.787612370188520705e-01 9.358765785198646103e-01
9.060005849266458133e-01 1.755347347788527301e-02
5.053527241583067875e-01 4.303078587911346453e-01
8.252265559569250675e-01 4.651343655346865669e-01
2.476411535628785243e-01 3.434742894530039559e-01
3.695467375040266678e-01 9.244755595572623497e-01
5.949308266193515937e-01 6.504388453375702372e-01
3.548690375715146672e-02 5.996002686796230163e-01
4.528274161537187981e-01 6.778525871753046106e-01
2.366621463597965436e-01 9.883539312084077544e-01
5.550151290357154821e-01 3.147825879141470384e-01
8.254985714573912503e-01 6.018586820913336410e-01
4.973302462542611435e-01 4.433865619566237370e-01
8.325478191115046611e-01 8.098813462699395727e-01
7.419224296849927791e-01 4.314347385707141269e-01
4.710627976203114464e-01 9.851970619825757280e-01
6.558148128051707326e-01 3.305664387074673805e-01
3.358746409801257604e-01 7.833497343789117551e-01
4.464551012227601090e-01 3.744166044837167195e-01
2.763731027555903497e-01 7.496974011429685669e-01
7.655247182785992477e-01 4.844363095402679509e-01
6.315980652933299577e-01 2.275532176843139132e-01
9.729231946683528642e-01 2.680433970350897255e-01
8.478180428985109263e-01 4.803725906820003333e-01
6.589156757657660402e-01 9.579883678916867318e-01
9.723176069778097785e-01 6.808084812938058894e-01
7.622521319058352951e-01 8.903679407272071522e-01
8.592605410519484899e-01 6.584794127883919490e-01
1.288583977710210382e-01 2.698365192641923871e-01
2.148638428387261712e-02 6.704690915549642583e-01
8.938182142166529731e-01 8.880034595303277767e-01
4.367138267978096788e-01 3.614661000537466862e-01
3.245817827883906714e-01 9.699098299410467972e-01
1.138068573174755294e-02 1.601807993364482430e-01
6.474491074745815089e-01 4.770247240340543815e-01
4.173061230853620796e-01 4.057811852717767565e-01
1.524152049794802455e-01 2.093908027994766385e-01
3.964849718064709094e-01 5.584929972296870382e-03
4.410372221678493521e-02 1.426411350877644368e-01
1.704978001312981162e-01 8.157720756012567520e-01
7.045659908414898531e-01 2.029577492058471933e-01
8.781548216432122356e-01 4.939595775320806403e-01
1.089314911311257683e-01 3.543594097773834495e-01
2.945960151835793628e-01 2.234828616704757076e-01
1.262926673857768245e-01 7.772302531524776237e-01
6.919766895635355297e-01 9.896036967013939201e-01
9.812960390001748134e-01 3.848950140605111869e-02
7.111426950521744228e-01 1.320798744676178194e-01
5.532293980607224659e-01 6.530411644071925092e-01
8.750966015885456306e-01 4.388772902272539689e-01
5.889520799394819539e-01 6.564764207680763297e-01
7.491688425732225820e-01 8.657944202994063421e-01
7.830041263888326553e-01 6.256953479935534190e-02
2.242058779576396876e-01 5.671201238996298466e-01
9.810239867732876151e-01 6.459864245485967826e-01
1.620205833438653764e-01 7.481524685096253569e-01
8.152414991057634897e-01 6.131521457983334367e-01
7.760388019487411970e-01 5.397691972071027022e-01
4.181461516658132593e-01 3.117223377071609569e-01
2.485032326331171326e-02 1.780458190897288295e-01
7.862799797097567156e-01 1.806447310720700195e-01
9.545103890482831144e-01 9.803801240726172095e-01
3.401774101389724025e-01 2.240969799196571577e-01
5.860322313117044546e-01 4.493530942526782201e-01
7.016351738469265298e-01 5.458193220914328014e-01
2.815881835359607122e-01 2.614440369916717355e-01
9.338328204790693476e-01 5.711833042095577628e-01
6.927939082862754061e-01 6.744302322615158829e-02
6.044815320525400715e-01 8.977885407293081377e-01
5.492227960786482122e-01 3.932631414530360914e-01
8.776156054347927782e-02 2.283468149506788780e-01
4.313543473732891487e-01 4.860535213715098113e-01
7.834428944387967775e-01 7.490652426218346038e-01
7.463141749973396522e-01 8.602103083118188831e-01
4.237398816701661852e-01 5.538043114607306139e-01
5.497896630903881254e-01 3.030610209292160517e-01
7.257857503613239780e-01 4.749749033974424162e-01
2.179787269204968014e-01 2.685255237197780032e-01
3.514340756777978303e-02 7.258255150055128446e-01
2.140831391137894002e-01 7.068292784134818652e-01
6.314278355883151672e-02 7.056311586193200203e-01
2.636902890967144364e-01 1.086113914714570416e-02
5.931667604440884478e-01 2.850860406015676141e-03
6.491888502577434217e-01 1.339611163929432802e-02
5.650992933105005722e-01 5.133505600834914473e-01
1.709504633028668952e-02 7.175771221015225798e-02
9.428999793026920928e-01 4.810626460715811126e-01
2.768160888524785479e-01 5.674598121042083720e-01
1.553470335254818480e-01 9.942582697519930512e-01
5.214386027251466382e-01 2.835563640273830455e-01
2.054548645006293306e-01 3.402452013337422532e-01
4.806559211379576313e-01 1.650997017194816285e-01
7.577394678477792356e-01 5.081543570313199476e-01
8.338176771855533298e-01 2.586299638338629414e-01
5.694700107942759493e-01 9.045885654699479250e-01
3.768036213950163305e-01 5.693512564638538720e-01
8.467768796072177029e-01 4.461163554643743367e-01
3.696701825209273151e-01 3.008699773342800032e-01
2.151180263675689375e-02 2.630562963261188214e-01
9.088497642962833911e-02 1.602300398711109519e-02
4.093717461039678707e-01 2.833492179250263199e-02
6.072813789323423528e-01 4.145402474986613628e-01
2.723319190258658429e-01 6.011056538149168738e-01
2.237941047678330131e-01 5.232642558838569435e-01
4.057725572713195561e-01 5.237753411110313007e-01
5.289068517907812295e-01 7.158947571717462210e-01
3.698454007690054057e-01 1.959564951061376625e-01
3.418545802113523990e-01 1.822273471940112355e-01
4.079586882573698059e-01 3.541722475731041708e-01
7.665122557297899819e-01 4.297635140141655707e-01
1.438904276457961817e-01 8.008384765172081865e-01
5.022019585271498832e-01 3.118326981201456904e-01
3.397362815935325298e-01 2.947639890143234354e-01
8.986677968305234465e-01 6.628194604482136043e-01
7.852535329296999045e-01 9.244204576670078666e-02
9.078506733163176357e-01 9.489945397295262985e-01
7.008230097062487784e-01 6.106119581453924861e-01
9.001240580402246616e-01 5.677139047532456795e-01
4.051157605182919008e-01 4.167222103349708107e-01
6.427537194686705480e-02 2.964740047494518471e-02
8.573406479416983972e-01 9.096965398153172844e-01
1.453681862082849552e-01 7.462145091458526336e-01
5.039297498343150439e-01 1.559074718145404548e-01
6.252324044618728927e-02 6.258179160298681376e-01
5.081567831630811050e-01 9.304337666745098323e-01
7.738029354077036182e-01 1.125483525324857403e-01
9.031295027201219350e-01 1.629248461444692264e-01
3.209110659751319705e-01 9.040862091761673325e-01
2.532574912778419174e-01 7.800421222099603868e-01
8.849809957651982861e-01 4.909620630473100489e-01
7.823844666520262114e-01 9.963240260568304585e-01
6.750614480254479854e-02 2.840467361979390759e-01
7.205305225939275804e-01 3.265204987584504615e-01
8.292280042302054843e-01 8.208132539837773578e-01
6.363152449022252410e-01 5.788837945464363477e-01
5.746172397928006603e-01 1.634171225742993006e-01
3.242110891073467505e-01 4.915227698252145894e-01
7.884819941554418454e-01 4.234806825002533914e-01
4.535945392652253050e-01 9.056444193640341700e-01
6.353043079376382574e-01 6.731813072685656207e-01
7.960609643177437578e-01 3.417577417274841878e-01
2.422558590337131612e-01 6.859560634113102129e-01
1.828143079500461621e-01 8.126624714848806885e-01
5.255010181720990436e-01 5.962363275244568772e-01
2.432987645695794399e-02 8.790896322884683700e-01
8.238433724874546504e-01 3.126158170154847982e-01
9.850057221615280412e-01 8.707449259594542967e-01
5.037159440279148637e-02 6.408369467300932820e-01
2.234591334133387841e-01 6.086573817563687427e-01
4.708154076116640718e-01 5.175542013341988268e-01
9.350799073136267792e-01 8.786153663136024861e-01
1.635754512776135261e-01 1.479888266967746002e-01
2.077227200575458843e-01 8.480889043285804174e-01
5.278536337943805501e-01 6.576332160597736509e-01
5.763892868133356773e-01 3.505931104814178356e-01
8.211355775742907870e-01 7.472642469563064438e-01
7.595101514266718867e-01 2.791798280437447488e-01
5.102918184846598759e-01 2.964637794330138298e-01
9.671853638662233354e-01 9.137035804705165853e-01
3.669406844083531460e-01 8.772065363619935274e-01
1.379031094031193394e-01 6.922819203873609162e-01
7.683831389921123023e-01 6.757985538775708179e-01
3.227501713007464579e-01 1.159499907614813807e-02
2.083199710889482859e-02 2.370666497405734541e-01
6.120172324952272147e-01 5.411217788174964571e-01
9.780063399299886440e-01 1.505960966915762533e-01
8.497392296739278983e-01 4.047143446347964968e-01
1.513076422709813684e-02 3.181263595795897903e-01
1.312961563562740075e-01 8.778607172141029702e-01
7.957801259916794656e-01 5.599023167865089246e-01
3.668511531871516684e-01 6.527438225064606803e-01
5.744942067184981571e-01 7.082449134278426817e-01
9.819507042276697240e-01 8.828645916935139448e-01
2.745765461424982679e-01 5.795123679874577549e-01
8.635561627221854941e-02 5.799218671521056967e-01
3.365119494593975524e-01 4.862570598433145763e-01
2.025965422957820561e-02 3.981715839951819325e-01
2.439365433740653399e-01 9.123795584736184017e-01
7.902032482253807943e-01 7.896981939276014328e-01
4.585220982845302773e-01 7.507381306381469832e-01
3.987847570527434105e-01 5.719747214946476754e-01
5.168606614167718938e-01 6.584898299230006469e-01
2.169897411035246471e-01 5.522691863474079588e-01
7.871804828147807020e-01 2.070848706394201599e-02
8.967512945421490800e-01 2.889292370822449385e-01
2.757235886315000384e-01 9.556215002932094693e-01
5.395022372712974246e-01 8.258270690811188031e-01
3.708895117594401825e-02 4.486845249633282240e-01
6.308670477733535620e-01 5.147840842718062193e-01
4.498509682923382824e-01 9.224116115187649401e-01
9.930643752840905281e-01 3.840836161992785547e-01
7.274415578267932059e-01 7.287565693037212355e-02
3.196847732262854125e-01 4.156022534532580748e-01
5.511382195371838932e-01 7.945095725738448023e-01
9.742475350820430924e-01 2.229548109275730772e-01
3.022459428704352691e-01 7.688396575733588145e-01
5.367117257656174312e-01 6.133634617363254993e-01
9.903155528804642449e-01 4.113201046398051730e-01
1.144634815524347982e-02 7.270450507428118936e-01
4.472973827185507956e-01 5.859445822573358109e-01
5.021167871378449110e-01 9.656323894523172191e-01
5.168753088529266515e-01 8.453243807516038766e-01
9.929338016436701775e-01 6.825515286351013788e-02
6.435340463481378226e-01 1.942967642716592058e-01
2.882021361569205853e-01 7.457262140168581244e-01
9.284824493473770035e-01 6.288393496414634853e-02
4.548419085336313783e-01 6.561951743895466649e-01
1.007274668911273263e-01 8.117807400972218979e-01
7.105716012668646941e-01 4.983769090519216682e-01
9.984540252805493843e-01 3.111724913345829124e-01
9.804269228778030865e-01 8.721853502758090126e-01
7.112524631913175188e-01 3.257352856930083584e-01
6.554689965593850642e-01 4.335424695604118694e-01
9.390932165935739206e-01 8.039811044821393304e-01
3.669684407873493592e-01 8.226862394999567840e-02
4.697554043065899076e-02 3.450910255951368244e-01
3.525813090772763614e-01 2.281155112024960685e-01
8.370432691020273097e-01 4.161404252336948772e-01
4.407942168564361607e-01 8.324771746800611050e-01
7.974992356441218400e-01 7.142109106200122959e-01
3.511402305042151673e-01 9.180302009313046074e-01
3.770974801306634649e-01 1.794961988873554626e-01
8.449591009754163773e-01 1.924296801540628099e-01
3.955085420179000888e-01 5.465601961030377431e-01
6.373735019805614188e-01 8.958901308216850046e-01
5.809421711457523063e-01 4.522575246632043466e-02
8.328888622874074388e-01 1.328803639166030726e-01
7.845666091041930690e-01 7.103647988036656535e-01
3.988304066775860690e-03 1.452557106322480696e-01
1.815938177266639419e-01 6.098620251396746905e-02
6.883016820025679161e-01 2.562668081714788437e-01
1.386940635308131498e-01 3.798653769366787669e-01
7.392674441260780327e-01 8.349653376829588858e-01
5.218045988632505905e-01 1.430152940533132577e-01
1.805992196978020159e-01 9.104529893046109379e-02
4.044379289203416938e-01 5.370029299648962917e-01
7.660195259345381480e-01 2.753148011529964467e-01
8.751831475068794219e-02 4.024600580634778435e-01
9.420123817257121113e-01 9.221616127878371483e-01
2.438637433825571188e-01 2.631155549234147628e-01
7.135899770148702581e-01 2.615631862968302856e-01
7.722278560522570778e-01 3.867887145933013304e-01
8.189677083134451196e-01 6.225572482762908866e-01
4.438179835998605771e-01 8.134207833880343630e-01
5.080478560585423020e-01 8.341525740005912848e-01
8.659366437656909055e-01 6.858610671875953191e-02
8.083789329497849119e-01 9.411701074119511734e-01
5.705837819852450643e-01 2.512043174406295432e-01
7.489542437468600378e-01 8.621852374757570381e-01
1.554410952145764968e-01 1.893997938537617109e-03
3.635274892234674482e-02 8.944279572792144251e-01
5.475908915546818800e-01 3.130252919289608915e-01
7.152602561614799237e-01 1.479536026229052448e-01
3.684253036748186272e-01 1.445307588628839124e-01
6.759407751675273746e-01 7.747358562147255157e-01
8.931376319948375331e-01 6.304254848550863155e-01
8.256553874147355421e-01 6.619420494748660122e-01
4.816451558814369704e-01 1.507968978351402756e-01
5.597934921176181966e-01 1.997530905309221616e-01
8.995250453683262259e-01 5.965046531541368102e-01
9.586752714800573782e-01 7.122200430208007749e-01
1.233533275674406626e-01 4.460937400824871446e-03
8.148529603426202250e-01 5.315928315009191829e-01
1.090620374168134177e-01 8.861106538086043205e-01
8.948545908749681033e-01 5.730973378240014071e-01
5.124374423595093875e-01 1.064527615062238475e-01
9.086994888955723937e-02 5.347457773189412400e-01
2.779744517565581052e-01 3.923967540956749822e-01
3.696441267175145651e-01 8.161883427400347113e-01
4.135471864086407434e-01 8.804880001924991761e-01
5.836623076466465054e-01 9.797818404374817325e-01
3.509719702623260718e-01 4.051274455911936245e-01
2.686358248132099114e-01 9.273094938309758284e-01
4.640670434810055811e-01 9.247988503133199867e-01
2.442618574044875812e-01 4.398065344294027623e-01
2.100331425191124257e-01 9.095958706762082846e-01
7.973133517502775103e-01 9.834748374197699317e-01
2.492935629786414697e-01 1.680775913937205823e-01
7.464117942445320786e-01 8.777568774024554488e-01
7.646978558537576021e-01 7.170471110654847990e-01
9.213391699465455220e-01 5.980413469414854744e-01
4.313457131376080556e-01 5.910807453916593346e-01
2.738667161588391741e-01 6.537048240159056833e-01
3.130697828142572359e-01 7.226436747416050688e-01
4.216405575247302862e-01 2.429987462870061288e-01
8.515177975428802615e-01 4.649811251707318682e-01
6.734464205908421430e-01 6.562128494158783187e-01
1.924926850546335722e-01 2.595986618891589215e-01
9.894225599147513650e-01 5.979181299410100126e-01
6.402754557171682626e-01 3.789835710415573322e-01
9.495798086574972485e-01 2.025307277280986584e-01
6.020970181605791449e-01 1.942105759437739998e-02
2.080489216372934935e-01 4.452496904447993398e-01
6.415920819268818853e-01 8.861439192474651616e-02
9.885768101623884085e-01 5.412617208293390991e-02
2.434498839853876939e-01 2.302356886604328690e-02
9.117317305617238521e-01 8.585939977603902484e-01
4.127874080903261023e-01 8.124275892289671841e-01
4.660200513288568214e-01 8.961858126658779344e-01
1.330633780523126086e-01 4.055250314767173681e-01
2.849571964447590311e-01 1.708419857934533326e-01
1.837404284781338770e-01 7.664988917767427967e-01
8.695507890419986730e-01 7.431272066866990711e-01
3.016972502734274197e-01 6.247095065582340956e-01
2.289110290889464494e-01 1.066854172683691093e-01
4.720775764426581311e-01 3.686378782017031286e-01
7.874465573812446939e-01 8.777604856057205085e-01
1.327960464934014873e-01 4.985022823115420332e-01
3.763754180500172852e-01 7.798301403035541313e-01
5.577252443589435504e-01 8.584414450104013161e-01
5.169114424155718535e-01 5.291443973256240163e-01
1.172874319198141668e-01 6.730077747260545529e-01
4.849377489687289877e-01 9.898649191631103683e-02
6.306348686181646457e-01 9.307311924381967971e-01
9.058754972021610952e-01 3.574498685835725276e-02
5.115668042830463502e-01 4.209249505895227284e-01
5.700322178579454446e-01 8.894403802986508012e-01
4.400147467532863343e-01 7.297335695630567942e-01
4.342257083054053002e-01 9.087323804683283823e-01
9.005780736710622403e-02 9.393419905497073508e-01
1.913650517906749782e-01 1.615647623473646100e-01
1.320795825574834215e-01 9.633985031322396253e-01
3.209952468606661613e-01 2.485931358840970384e-01
8.626561467393015770e-01 5.323870702111935804e-01
7.984678094299981765e-01 7.087509612365343603e-01
6.211170972303328153e-01 1.098555828466767359e-01
4.045952500344259795e-01 6.993099678393961405e-01
3.132775588756515628e-01 8.250518221819669318e-01
7.885840882766377291e-01 5.032963789280606726e-01
8.063934876865713752e-01 7.817902944014606392e-01
8.483554169010356638e-01 1.787476019745711797e-01
5.340242766338254565e-02 7.780357591004389839e-01
4.432558630112919396e-01 4.097869481902730593e-01
5.171075737555221874e-01 3.213869188812417121e-01
5.023526901852372051e-01 8.428092054212410478e-01
8.302253737725221461e-01 3.658350176360237738e-01
9.917422832873816763e-01 4.377169312971662674e-02
2.895390175771944685e-01 3.744626600251788062e-01
1.320403063965895907e-01 6.678120085803684880e-01
9.219467779232431992e-01 7.303283951011585451e-01
9.555706987374127381e-01 3.959084618536093947e-01
6.604712470882334596e-02 4.287672053262928662e-01
1.923287597878337030e-01 9.278817913813797169e-03
9.346051812047698748e-01 3.890638645276189855e-02
2.946870900604761090e-01 5.515608937924192379e-01
3.568149167548435585e-01 1.021417190226399097e-01
5.689693945042320067e-01 7.669335173116363924e-01
6.959300977715646708e-01 1.797713355942492930e-01
7.294195350727639138e-02 3.772623530880321319e-01
1.754823969513308324e-02 1.594709409657515398e-01
2.070364662419312829e-01 1.028565280700763918e-01
5.789571041961338871e-02 8.853219457399508219e-02
1.496438912939866972e-01 9.504285511037485756e-01
2.261021588801518378e-01 6.031206277783297542e-01
8.888342434275744441e-01 7.366866078770349935e-01
1.320519749243738161e-01 5.835134435926254692e-01
4.853369183273927856e-01 2.344911188061702401e-01
3.601349038156166360e-01 1.750524712340356670e-01
1.507648047649801093e-02 7.103575891572722067e-01
6.754397289034689278e-01 1.446553372260060977e-01
4.530478300796295654e-01 9.430863291335637166e-01
2.470156470157225392e-01 7.231026104703488500e-01
2.639975396282477904e-01 8.830690978504601718e-01
1.651728227915864045e-01 1.296657232569072837e-01
7.199023280234040367e-02 7.038094172304312224e-01
8.782890880724012472e-01 1.377847442096531427e-01
1.040584153734275263e-01 8.396778319450133310e-01
6.175641857561794401e-01 4.587980921465668604e-01
8.890945405145016522e-01 2.325600767016379189e-01
4.478505365260549986e-01 9.432130939051082130e-01
9.003007953503473493e-01 4.710879504860469025e-01
3.452159992541784517e-01 2.943662772260495775e-01
8.762920410495949053e-01 8.384546972498606587e-01
8.770598969504783682e-01 1.114359890769300865e-01
7.492206583331355585e-01 4.322626735978145618e-01
4.981012220610117058e-01 4.035611719722406177e-01
9.245211571926478245e-01 4.225300310206864252e-01
5.067142691185260173e-01 4.833379520606183588e-01
5.279570387329846071e-03 4.659837440357638139e-01
4.100222528503097985e-01 7.783853475488918816e-01
1.917876438624943614e-02 8.728155979377801854e-01
6.164549430249783857e-01 2.623986614543707407e-01
7.822276937606207348e-01 7.612344527077467005e-01
1.275753854324783720e-01 5.760108784018713735e-02
4.836131098330466171e-01 2.438609556509450105e-01
3.239912164958026475e-01 4.111974845439492210e-02
5.199998011883872895e-01 5.822444168440669143e-01
5.903817472280409318e-01 2.356914387475961270e-02
7.056079629281304388e-01 8.579881097584892702e-01
5.362439603123991816e-01 7.915164263107898890e-01
9.518968847797490973e-01 8.506408331315318261e-01
5.820839458476245731e-02 1.853493643551354930e-01
4.643043192265119412e-01 3.633556509320363670e-01
2.083576151002961563e-01 9.626929387836528074e-01
5.320240202545635233e-01 6.246564301427848243e-02
2.784507549773598267e-01 1.904613144486989595e-01
1.225746899316035865e-01 1.332881983765721312e-02
2.663296308198314089e-01 9.842954037249936894e-01
6.325594772787546116e-02 4.692006984421426274e-02
1.969332870702011906e-02 7.681472176415486963e-01
1.799428111096165184e-01 1.434428345083341716e-01
8.897203046969908158e-01 9.626085293703988688e-01
3.215369612962321044e-01 3.911530191450794947e-01
9.437266967755852942e-01 3.246663111759333642e-01
4.807083090139938619e-01 6.958899204621372681e-01
3.382855401586426503e-02 5.952422771069209029e-01
2.045665474409043005e-01 3.669188102604081791e-01
2.001013498683598124e-01 7.813688450931437490e-01
1.805794556973164822e-01 1.001380798260586014e-01
3.696108305669136840e-01 3.245763167560624662e-01
3.696701126613093358e-01 5.799095741442147345e-01
2.154840683593082229e-01 1.949900682243571604e-01
7.654649653247835861e-02 1.720970144866091900e-01
2.005708620665773712e-01 3.340159961815153400e-01
9.265451705145896222e-01 3.685891192276180561e-02
3.237090647759828244e-01 6.865644340387084821e-01
8.973375333715033486e-01 9.260320506419654762e-01
8.569046550672460016e-01 3.007684305815080394e-01
8.791686726139369412e-01 4.398485397702904809e-01
5.424202862053923990e-01 3.389624705547156225e-01
2.239489486751031766e-01 5.729496612479541007e-01
7.912551752844684261e-01 6.712397790278623599e-01
2.302390875456545860e-01 5.935738892927151511e-01
1.752980907857050186e-01 4.599969164648380904e-01
1.926287627683259673e-01 6.759997984687565742e-01
7.514516578799191882e-01 7.813557033845898170e-01
5.421128946867498355e-01 4.441363751788640624e-02
1.097919480887034061e-01 1.366995473347616397e-01
8.227356927867958136e-01 4.789741549377078966e-01
4.479402674142888285e-01 3.269799799365118442e-01
9.508276020755236368e-01 3.310519085175579468e-01
1.818770342675296581e-01 8.419680558129131187e-01
7.525454038514511890e-01 3.495256788416807314e-01
8.818140590665710654e-01 1.187818347227185267e-01
4.423548014676194073e-01 9.544044669845207496e-01
4.453619117962543950e-01 7.412316101522063994e-01
5.782804806705797995e-01 2.158859664813421730e-01
9.093033113572983606e-01 5.389888314427195848e-01
7.816128906896314676e-01 3.754585121974329809e-01
6.809495445923661183e-01 4.767172739464478060e-01
7.103457010481030176e-01 2.646157469787413508e-01
3.474281911179211146e-02 2.695603974901134015e-01
9.404089152476112767e-01 6.977603728356941426e-01
3.673164597333301584e-01 2.456385468301454100e-01
9.819386742549166547e-01 3.068339400747784884e-01
8.115644186427590778e-01 6.992389694366151209e-01
4.924315909949561476e-01 6.040726445576624082e-01
1.707227036490632788e-01 6.026525681956487190e-01
3.668760912598115764e-01 1.352137770777990244e-01
5.629583669624953490e-01 4.471454604257319998e-01
6.771698772094864038e-01 4.144606127025193265e-01
7.998374319393921628e-01 2.670113266058260493e-01
5.547442564807433252e-01 8.347279906944010675e-01
8.828626314145758824e-01 8.803462959717089920e-01
9.821732606661148779e-02 3.100350033500615110e-01
8.561017556094946412e-01 8.581322088608829279e-01
7.499017720575689161e-01 4.447584209372577035e-01
1.567942906488123400e-01 2.408655121927650855e-01
2.877128291494747137e-01 7.395318446473176932e-01
5.862916083716862570e-02 7.374894033824188622e-01
1.696604516787715289e-01 1.695244694204669500e-01
9.441604344802234650e-03 5.792202844000483575e-01
8.646242925938067980e-01 6.730690156618014397e-01
4.883577995275977246e-01 1.363972887918188936e-01
7.190942179992709793e-01 7.020335176947116729e-01
1.268488522722757139e-01 6.670050558629647686e-02
6.371264813080035339e-03 1.880393614605220254e-01
8.339693835647976616e-01 2.889651849261279937e-01
1.415414389842647447e-01 7.740492697651459864e-01
3.296585226911841193e-01 9.276576206163313909e-01
7.001290453436548322e-02 4.514260581005453687e-01
6.674211904189364386e-02 2.570209773476546111e-01
3.783036895439411129e-01 9.494968385570418112e-01
3.552542406094350014e-02 2.789933359076079977e-01
3.452734140286456421e-01 7.883366470793974345e-01
6.565910187075342241e-01 4.991320575334976528e-01
3.265768350425142241e-01 2.103007566937068473e-01
2.532433191565309771e-01 6.260414284755232428e-01
3.913663706972086986e-01 4.943686253815576803e-01
7.971857657738039560e-01 9.430154094519294095e-02
2.260915282601029253e-01 1.394320854851175406e-01
9.843167292717970307e-01 5.424646747754477971e-01
