25.000	18.750	17.188	16.797	16.699	16.675	29.169	32.292	14.323	8.268	6.364	

16.390	10.376	6.891	5.922	5.655	5.583	21.188	25.870	10.565	5.235	3.032	

11.874	6.320	3.303	2.306	1.990	1.893	18.270	23.535	8.852	3.793	1.774	

9.801	4.474	1.944	1.063	0.763	0.664	17.234	22.692	8.123	3.149	1.273	

8.910	3.664	1.402	0.616	0.345	0.252	16.871	22.391	7.825	2.872	1.069	

8.543	3.319	1.180	0.449	0.198	0.113	16.746	22.284	7.707	2.757	0.984	

8.396	3.175	1.089	0.384	0.146	0.065	16.703	22.247	7.661	2.709	0.949	

8.338	3.116	1.051	0.359	0.126	0.048	16.688	22.234	7.643	2.690	0.935	

8.315	3.091	1.036	0.349	0.119	0.042	16.682	22.229	20.136	18.307	17.336	

24.713	23.785	18.705	17.263	16.846	16.722	33.351	38.895	40.902	41.172	39.969	

38.695	38.112	39.204	26.617	23.366	22.522	26.468	28.841	29.384	29.374	17.145	

