33.785	27.837	25.381	24.501	24.208	27.240	32.680	31.235	21.817	15.716	12.581	

23.153	17.473	13.020	11.370	10.788	15.277	23.024	22.417	15.423	10.168	6.859	

16.385	11.298	7.142	5.391	4.709	9.730	18.381	18.323	12.023	7.232	4.210	

12.712	7.971	4.394	2.791	2.127	7.336	16.320	16.486	10.352	5.761	2.988	

10.876	6.288	3.120	1.676	1.064	6.346	15.451	15.691	9.570	5.054	2.428	

10.004	5.474	2.533	1.198	0.630	5.947	15.096	15.357	9.219	4.724	2.173	

9.606	5.092	2.265	0.992	0.453	5.788	14.954	15.221	9.064	4.575	2.059	

9.429	4.918	2.144	0.903	0.381	5.724	14.899	15.166	13.100	10.710	7.977	

15.004	12.921	8.530	6.704	5.993	11.280	20.440	24.803	25.572	23.828	22.206	

25.583	24.706	22.426	18.148	16.057	20.803	26.651	29.748	30.707	30.998	24.296	

28.928	26.826	23.253	16.192	13.693	15.241	17.683	19.204	19.376	15.837	9.773	

