37.747	32.650	30.043	28.905	29.233	31.798	34.014	32.396	26.000	20.742	17.324	

26.817	22.022	17.644	15.682	16.225	20.194	23.752	22.714	18.385	13.880	10.328	

19.031	14.838	10.567	8.437	9.130	13.760	18.039	17.488	13.841	9.841	6.580	

14.309	10.504	6.745	4.747	5.569	10.499	15.119	14.793	11.349	7.611	4.642	

11.679	8.075	4.757	2.941	3.872	8.942	13.712	13.467	10.056	6.439	3.665	

10.298	6.782	3.751	2.079	3.087	8.228	13.063	12.839	9.415	5.845	3.183	

9.603	6.121	3.252	1.672	2.732	7.910	12.773	12.552	10.519	7.927	5.153	

11.271	8.867	5.388	3.536	4.496	9.646	14.506	16.716	16.623	14.681	12.300	

17.063	15.734	12.563	10.060	10.473	15.340	20.325	23.093	23.447	22.108	19.018	

22.798	21.094	18.764	15.268	15.059	18.073	21.457	23.170	23.043	20.807	16.384	

21.538	18.713	15.860	11.205	10.376	11.533	13.049	13.899	12.818	10.326	6.547	

