39.867	35.483	33.008	31.981	32.501	34.177	35.081	33.653	28.643	24.152	20.852	

29.176	25.087	21.086	19.432	20.314	23.001	24.709	23.720	20.511	16.667	13.234	

20.968	17.448	13.429	11.685	12.832	16.093	18.352	17.793	15.236	11.876	8.702	

15.579	12.451	8.846	7.260	8.616	12.192	14.762	14.425	12.094	9.021	6.140	

12.331	9.426	6.241	4.863	6.377	10.127	12.855	12.604	10.330	7.407	4.745	

10.486	7.695	4.817	3.610	5.237	9.084	11.888	11.662	9.885	7.425	4.825	

10.211	7.899	4.944	3.705	5.337	9.210	12.039	12.922	12.266	10.322	7.841	

12.629	11.026	8.017	6.570	8.007	11.766	15.212	17.072	17.058	15.435	13.069	

16.984	15.543	13.096	11.352	12.440	15.651	18.853	20.474	20.022	18.261	15.621	

19.314	17.298	15.381	13.249	13.535	15.544	17.654	18.391	17.309	15.198	12.083	

16.430	14.034	11.792	8.854	8.481	9.268	10.205	10.354	9.278	7.465	4.814	

