41.165	37.315	35.096	34.257	34.687	35.692	36.014	34.727	30.487	26.584	23.635	

30.861	27.315	23.818	22.519	23.260	24.938	25.756	24.811	22.175	18.843	15.798	

22.523	19.522	15.968	14.645	15.653	17.784	19.024	18.460	16.441	13.559	10.757	

16.718	14.106	10.894	9.754	10.994	13.417	14.930	14.581	12.803	10.211	7.696	

12.999	10.624	7.799	6.885	8.311	10.917	12.585	12.329	10.808	8.537	6.222	

11.019	8.941	6.323	5.538	7.067	9.770	11.514	11.744	10.823	8.933	6.745	

11.081	9.448	6.874	6.079	7.591	10.292	12.485	13.483	13.143	11.538	9.519	

13.271	11.946	9.621	8.765	10.140	12.824	15.309	16.562	16.173	14.628	12.745	

15.944	14.483	12.709	11.791	12.779	15.000	17.109	17.844	16.879	15.194	13.236	

16.353	14.527	13.069	11.812	12.154	13.519	14.806	14.859	13.631	11.853	9.648	

13.086	11.181	9.480	7.443	7.216	7.735	8.224	8.090	7.160	5.789	3.817	

