42.044	38.614	36.672	35.970	36.230	36.796	36.820	35.623	31.876	28.457	25.904	

32.162	29.050	26.052	24.982	25.451	26.447	26.775	25.845	23.562	20.671	18.065	

23.849	21.268	18.215	17.151	17.845	19.183	19.837	19.246	17.550	15.084	12.713	

17.794	15.600	12.842	11.968	12.885	14.479	15.371	14.986	13.606	11.487	9.384	

13.821	11.937	9.497	8.828	9.924	11.690	12.726	12.619	11.616	9.831	7.935	

11.838	10.289	8.049	7.506	8.698	10.548	11.876	12.265	11.706	10.204	8.488	

11.894	10.654	8.601	8.116	9.311	11.292	12.990	13.772	13.389	12.037	10.528	

13.412	12.269	10.586	10.158	11.268	13.217	14.970	15.632	14.970	13.619	12.266	

14.754	13.454	12.225	11.744	12.541	14.097	15.429	15.568	14.484	13.047	11.641	

14.114	12.598	11.529	10.717	10.999	11.909	12.605	12.337	11.198	9.766	8.139	

10.844	9.342	8.033	6.492	6.306	6.610	6.826	6.581	5.804	4.741	3.193	

