42.694	39.604	37.906	37.280	37.381	37.662	37.515	36.381	32.994	29.979	27.770	

33.226	30.467	27.892	26.943	27.154	27.694	27.723	26.800	24.772	22.263	20.037	

25.021	22.781	20.167	19.231	19.613	20.406	20.686	20.067	18.627	16.547	14.545	

18.864	17.032	14.666	13.902	14.480	15.486	15.971	15.619	14.565	12.846	11.097	

14.792	13.303	11.211	10.636	11.376	12.534	13.250	13.243	12.555	11.140	9.615	

12.767	11.585	9.726	9.294	10.132	11.459	12.491	12.850	12.421	11.219	9.912	

12.562	11.582	10.002	9.691	10.596	12.065	13.324	13.805	13.348	12.242	11.157	

13.341	12.383	11.192	10.974	11.832	13.241	14.407	14.633	13.886	12.773	11.809	

13.715	12.626	11.773	11.501	12.107	13.172	13.938	13.756	12.728	11.556	10.520	

12.468	11.239	10.440	9.858	10.045	10.608	10.927	10.527	9.535	8.387	7.128	

9.296	8.101	7.057	5.805	5.615	5.762	5.818	5.537	4.894	4.047	2.776	

