43.207	40.395	38.892	38.304	38.280	38.372	38.119	37.036	33.933	31.250	29.313	

34.129	31.655	29.414	28.526	28.528	28.757	28.590	27.678	25.863	23.679	21.747	

26.087	24.130	21.860	20.975	21.097	21.507	21.534	20.924	19.709	17.952	16.231	

19.939	18.401	16.344	15.609	15.892	16.476	16.720	16.420	15.607	14.201	12.727	

15.832	14.636	12.835	12.278	12.709	13.473	13.982	14.005	13.496	12.360	11.123	

13.690	12.758	11.222	10.831	11.399	12.357	13.128	13.375	12.997	12.035	11.035	

13.110	12.322	11.107	10.877	11.543	12.616	13.489	13.710	13.230	12.342	11.549	

13.219	12.429	11.571	11.445	12.084	13.070	13.783	13.741	13.014	12.114	11.407	

12.885	11.990	11.376	11.197	11.624	12.310	12.694	12.357	11.445	10.494	9.696	

11.258	10.261	9.638	9.171	9.255	9.564	9.651	9.210	8.366	7.433	6.413	

8.199	7.230	6.362	5.287	5.076	5.114	5.075	4.795	4.260	3.567	2.482	

