43.631	41.044	39.691	39.124	39.006	38.971	38.649	37.614	34.747	32.334	30.603	

34.917	32.673	30.688	29.829	29.672	29.685	29.387	28.503	26.872	24.952	23.240	

27.077	25.348	23.339	22.468	22.385	22.520	22.388	21.812	20.781	19.277	17.765	

21.000	19.687	17.867	17.127	17.174	17.472	17.565	17.303	16.657	15.484	14.213	

16.869	15.882	14.313	13.745	13.948	14.440	14.784	14.788	14.381	13.452	12.426	

14.555	13.796	12.512	12.133	12.495	13.170	13.705	13.828	13.481	12.703	11.916	

13.576	12.929	11.972	11.773	12.242	12.993	13.547	13.584	13.119	12.402	11.799	

13.112	12.458	11.813	11.717	12.163	12.812	13.199	13.006	12.342	11.609	11.064	

12.246	11.507	11.039	10.888	11.154	11.556	11.691	11.291	10.499	9.719	9.073	

10.364	9.543	9.029	8.615	8.602	8.731	8.677	8.240	7.524	6.749	5.887	

7.403	6.600	5.850	4.885	4.650	4.614	4.521	4.255	3.806	3.222	2.268	

