43.990	41.589	40.350	39.796	39.610	39.486	39.122	38.135	35.469	33.273	31.698	

35.619	33.563	31.770	30.927	30.652	30.511	30.131	29.289	27.814	26.101	24.552	

28.002	26.451	24.639	23.769	23.529	23.475	23.246	22.709	21.817	20.504	19.146	

22.021	20.875	19.238	18.482	18.358	18.459	18.448	18.204	17.665	16.662	15.539	

17.860	17.018	15.628	15.048	15.085	15.375	15.579	15.541	15.194	14.413	13.537	

15.348	14.708	13.610	13.232	13.432	13.876	14.208	14.227	13.904	13.260	12.614	

13.987	13.442	12.659	12.463	12.763	13.250	13.560	13.476	13.042	12.451	11.966	

13.040	12.489	11.976	11.872	12.150	12.539	12.699	12.428	11.835	11.226	10.780	

11.765	11.144	10.759	10.600	10.727	10.922	10.897	10.482	9.798	9.143	8.592	

9.698	9.009	8.558	8.161	8.067	8.070	7.932	7.518	6.906	6.246	5.489	

6.817	6.134	5.461	4.568	4.312	4.226	4.103	3.857	3.474	2.969	2.108	

