44.302	42.054	40.905	40.360	40.125	39.939	39.551	38.615	36.121	34.099	32.643	

36.254	34.350	32.705	31.872	31.509	31.263	30.837	30.041	28.692	27.139	25.713	

28.864	27.451	25.791	24.918	24.565	24.383	24.095	23.590	22.797	21.626	20.382	

22.985	21.959	20.465	19.697	19.452	19.414	19.323	19.079	18.607	17.726	16.712	

18.784	18.041	16.791	16.201	16.115	16.246	16.329	16.246	15.931	15.256	14.485	

16.068	15.509	14.548	14.161	14.229	14.483	14.650	14.590	14.285	13.736	13.180	

14.358	13.884	13.218	13.003	13.158	13.435	13.565	13.406	13.004	12.502	12.088	

13.008	12.531	12.095	11.962	12.096	12.288	12.295	11.987	11.459	10.939	10.548	

11.408	10.874	10.532	10.346	10.358	10.403	10.278	9.870	9.276	8.711	8.216	

9.202	8.607	8.190	7.793	7.633	7.549	7.362	6.977	6.447	5.871	5.184	

6.381	5.785	5.163	4.317	4.044	3.924	3.786	3.559	3.227	2.780	1.986	

