44.577	42.458	41.381	40.844	40.573	40.347	39.950	39.061	36.713	34.832	33.469	

36.834	35.053	33.524	32.699	32.275	31.961	31.512	30.757	29.507	28.077	26.746	

29.663	28.355	26.816	25.944	25.514	25.246	24.918	24.435	23.710	22.643	21.487	

23.881	22.941	21.561	20.789	20.458	20.318	20.161	19.906	19.474	18.679	17.747	

19.634	18.958	17.817	17.221	17.038	17.042	17.025	16.897	16.600	15.997	15.298	

16.722	16.215	15.353	14.951	14.908	15.009	15.047	14.927	14.635	14.150	13.650	

14.702	14.275	13.681	13.438	13.469	13.583	13.583	13.376	13.004	12.562	12.184	

13.012	12.586	12.190	12.018	12.033	12.078	11.981	11.659	11.187	10.728	10.363	

11.150	10.677	10.351	10.130	10.050	9.989	9.801	9.410	8.887	8.385	7.923	

8.831	8.304	7.903	7.496	7.285	7.140	6.926	6.569	6.103	5.587	4.948	

6.054	5.521	4.932	4.118	3.832	3.689	3.544	3.335	3.042	2.637	1.892	

